Amplicon,Unmodified%,Modified%,Reads_in_input,Reads_aligned_all_amplicons,Reads_aligned,Unmodified,Modified,Discarded,Insertions,Deletions,Substitutions,Only Insertions,Only Deletions,Only Substitutions,Insertions and Deletions,Insertions and Substitutions,Deletions and Substitutions,Insertions Deletions and Substitutions,Guide_ID
Reference,74.3902439,25.6097561,2342,2175,410,305,105,0,1,1,104,0,1,103,0,1,0,0,gRNA_CDK7_targ_2_1
HDR,0.0,100.0,2342,2175,1557,0,1557,0,0,1,1556,0,1,1556,0,0,0,0,gRNA_CDK7_targ_2_1
Reference,98.07073955,1.92926045,2342,2175,311,305,6,0,0,1,5,0,1,5,0,0,0,0,gRNA_CDK7_targ_2_2
HDR,5.22161506,94.77838494,2342,2175,1647,86,1561,0,0,1,1560,0,1,1560,0,0,0,0,gRNA_CDK7_targ_2_2
Reference,95.01557632,4.98442368,2342,2175,321,305,16,0,1,1,15,0,1,14,0,1,0,0,gRNA_CDK7_targ_2_3
HDR,98.14102564,1.85897436,2342,2175,1560,1531,29,0,0,1,28,0,1,28,0,0,0,0,gRNA_CDK7_targ_2_3
Reference,50.0,50.0,1101,1101,2,1,1,0,0,0,1,0,0,1,0,0,0,0,gRNA_CDK7_targ_3_4
HDR,5.4,94.6,1101,1101,1000,54,946,0,0,0,946,0,0,946,0,0,0,0,gRNA_CDK7_targ_3_4
Reference,21.86744074,78.13255926,4097,4097,2067,452,1615,0,81,0,1553,62,0,1534,0,19,0,0,gRNA_CDK7_targ_4_5
HDR,57.15962441,42.84037559,4097,4097,1704,974,730,0,0,2,728,0,2,728,0,0,0,0,gRNA_CDK7_targ_4_5
Reference,13.4935305,86.5064695,2466,2272,541,73,468,0,0,0,468,0,0,468,0,0,0,0,gRNA_CDK7_targ_5_6
HDR,1.09254499,98.90745501,2466,2272,1556,17,1539,0,1,1,1537,1,1,1537,0,0,0,0,gRNA_CDK7_targ_5_6
Reference,94.18604651,5.81395349,1926,1926,86,81,5,0,0,0,5,0,0,5,0,0,0,0,gRNA_CDK7_targ_7_7
HDR,0.0,100.0,1926,1926,1492,0,1492,0,4,3,1490,2,0,1485,0,2,3,0,gRNA_CDK7_targ_7_7
Reference,91.01123596,8.98876404,1926,1926,89,81,8,0,2,0,8,0,0,6,0,2,0,0,gRNA_CDK7_targ_7_8
HDR,0.0,100.0,1926,1926,1746,0,1746,0,2,3,1746,0,0,1741,0,2,3,0,gRNA_CDK7_targ_7_8
Reference,93.10344828,6.89655172,1926,1926,87,81,6,0,0,0,6,0,0,6,0,0,0,0,gRNA_CDK7_targ_7_9
HDR,45.91503268,54.08496732,1926,1926,1836,843,993,0,2,3,988,2,3,988,0,0,0,0,gRNA_CDK7_targ_7_9
Reference,83.57664234,16.42335766,3325,3324,548,458,90,0,0,0,90,0,0,90,0,0,0,0,gRNA_CDK7_targ_8_10
HDR,61.7083947,38.2916053,3325,3324,2716,1676,1040,0,0,19,1021,0,19,1021,0,0,0,0,gRNA_CDK7_targ_8_10
Reference,64.70588235,35.29411765,3023,2929,340,220,120,0,1,71,51,0,69,48,0,1,2,0,gRNA_CDK7_targ_9_11
HDR,53.49716446,46.50283554,3023,2929,2116,1132,984,0,0,2,983,0,1,982,0,0,1,0,gRNA_CDK7_targ_9_11
Reference,95.6937799,4.3062201,677,677,209,200,9,0,0,0,9,0,0,9,0,0,0,0,gRNA_CDK7_targ_10_12
HDR,95.91397849,4.08602151,677,677,465,446,19,0,0,0,19,0,0,19,0,0,0,0,gRNA_CDK7_targ_10_12
Reference,44.41340782,55.58659218,3393,3392,358,159,199,0,1,0,198,1,0,198,0,0,0,0,gRNA_CDK7_targ_13_13
HDR,63.79821958,36.20178042,3393,3392,2359,1505,854,0,0,4,850,0,4,850,0,0,0,0,gRNA_CDK7_targ_13_13
Reference,90.78947368,9.21052632,1247,1247,76,69,7,0,1,0,7,0,0,6,0,1,0,0,gRNA_CDK7_targ_14_14
HDR,12.1606949,87.8393051,1247,1247,921,112,809,0,0,0,809,0,0,809,0,0,0,0,gRNA_CDK7_targ_14_14
Reference,90.625,9.375,1021,1021,64,58,6,0,1,1,5,0,0,5,1,0,0,0,gRNA_CDK7_targ_15_15
HDR,0.46838407,99.53161593,1021,1021,854,4,850,0,0,0,850,0,0,850,0,0,0,0,gRNA_CDK7_targ_15_15
Reference,10.90225564,89.09774436,1036,1036,266,29,237,0,0,4,234,0,3,233,0,0,1,0,gRNA_CDK7_targ_16_16
HDR,0.0,100.0,1036,1036,729,0,729,0,0,0,729,0,0,729,0,0,0,0,gRNA_CDK7_targ_16_16
Reference,29.87747408,70.12252592,2281,2281,2122,634,1488,0,0,311,1194,0,294,1177,0,0,17,0,gRNA_CDK7_targ_17_17
HDR,0.0,100.0,2281,2281,152,0,152,0,0,0,152,0,0,152,0,0,0,0,gRNA_CDK7_targ_17_17
Reference,31.7961165,68.2038835,1385,1383,412,131,281,0,0,0,281,0,0,281,0,0,0,0,gRNA_CDK7_targ_18_18
HDR,0.0,100.0,1385,1383,448,0,448,0,2,1,448,0,0,445,0,2,1,0,gRNA_CDK7_targ_18_18
Reference,33.7628866,66.2371134,1385,1383,388,131,257,0,0,245,17,0,240,12,0,0,5,0,gRNA_CDK7_targ_18_19
HDR,0.0,100.0,1385,1383,991,0,991,0,2,1,991,0,0,988,0,2,1,0,gRNA_CDK7_targ_18_19
Reference,33.7628866,66.2371134,1385,1383,388,131,257,0,0,244,17,0,240,13,0,0,4,0,gRNA_CDK7_targ_18_20
HDR,0.0,100.0,1385,1383,467,0,467,0,2,1,467,0,0,464,0,2,1,0,gRNA_CDK7_targ_18_20
Reference,33.7628866,66.2371134,1385,1383,388,131,257,0,0,245,17,0,240,12,0,0,5,0,gRNA_CDK7_targ_18_21
HDR,0.0,100.0,1385,1383,724,0,724,0,2,1,724,0,0,721,0,2,1,0,gRNA_CDK7_targ_18_21
Reference,20.27863777,79.72136223,1385,1383,646,131,515,0,0,244,275,0,240,271,0,0,4,0,gRNA_CDK7_targ_18_22
HDR,0.0,100.0,1385,1383,707,0,707,0,2,1,707,0,0,704,0,2,1,0,gRNA_CDK7_targ_18_22
Reference,33.58974359,66.41025641,1385,1384,390,131,259,0,0,246,19,0,240,13,0,0,6,0,gRNA_CDK7_targ_18_23
HDR,1.00603622,98.99396378,1385,1384,994,10,984,0,2,2,984,0,0,980,0,2,2,0,gRNA_CDK7_targ_18_23
Reference,33.67609254,66.32390746,1385,1383,389,131,258,0,0,246,18,0,240,12,0,0,6,0,gRNA_CDK7_targ_18_24
HDR,24.93188011,75.06811989,1385,1383,734,183,551,0,2,1,548,2,1,548,0,0,0,0,gRNA_CDK7_targ_18_24
Reference,4.94505495,95.05494505,2167,2167,182,9,173,0,171,0,5,168,0,2,0,3,0,0,gRNA_CDK7_targ_19_25
HDR,0.0,100.0,2167,2167,1982,0,1982,0,115,5,1979,0,3,1862,0,115,2,0,gRNA_CDK7_targ_19_25
Reference,90.0,10.0,2167,2167,10,9,1,0,0,0,1,0,0,1,0,0,0,0,gRNA_CDK7_targ_19_26
HDR,0.05040323,99.94959677,2167,2167,1984,1,1983,0,115,5,1980,0,3,1863,0,115,2,0,gRNA_CDK7_targ_19_26
Reference,5.02793296,94.97206704,2167,2167,179,9,170,0,169,0,3,167,0,1,0,2,0,0,gRNA_CDK7_targ_19_27
HDR,89.66733871,10.33266129,2167,2167,1984,1779,205,0,115,5,86,114,5,85,0,1,0,0,gRNA_CDK7_targ_19_27
Reference,86.72316384,13.27683616,683,683,354,307,47,0,0,1,46,0,1,46,0,0,0,0,gRNA_CDK7_targ_20_28
HDR,1.36986301,98.63013699,683,683,292,4,288,0,0,1,288,0,0,287,0,0,1,0,gRNA_CDK7_targ_20_28
Reference,85.75418994,14.24581006,683,683,358,307,51,0,0,0,51,0,0,51,0,0,0,0,gRNA_CDK7_targ_20_29
HDR,13.16872428,86.83127572,683,683,243,32,211,0,0,1,211,0,0,210,0,0,1,0,gRNA_CDK7_targ_20_29
Reference,85.99439776,14.00560224,683,683,357,307,50,0,0,1,49,0,1,49,0,0,0,0,gRNA_CDK7_targ_20_30
HDR,69.09722222,30.90277778,683,683,288,199,89,0,0,1,88,0,1,88,0,0,0,0,gRNA_CDK7_targ_20_30
Reference,27.71929825,72.28070175,1753,1752,570,158,412,0,0,21,391,0,21,391,0,0,0,0,gRNA_CDK7_targ_23_31
HDR,62.10526316,37.89473684,1753,1752,1045,649,396,0,0,2,394,0,2,394,0,0,0,0,gRNA_CDK7_targ_23_31
Reference,41.08391608,58.91608392,2703,2703,572,235,337,0,18,1,319,18,0,318,0,0,1,0,gRNA_CDK7_targ_24_32
HDR,91.07640825,8.92359175,2703,2703,1793,1633,160,0,0,0,160,0,0,160,0,0,0,0,gRNA_CDK7_targ_24_32
Reference,96.41693811,3.58306189,504,504,307,296,11,0,0,0,11,0,0,11,0,0,0,0,gRNA_CDK7_targ_28_33
HDR,49.23857868,50.76142132,504,504,197,97,100,0,0,0,100,0,0,100,0,0,0,0,gRNA_CDK7_targ_28_33
Reference,3.24464633,96.75535367,2090,2087,1541,50,1491,0,1,35,1490,1,0,1455,0,0,35,0,gRNA_CDK7_targ_29_34
HDR,0.0,100.0,2090,2087,395,0,395,0,0,2,395,0,0,393,0,0,2,0,gRNA_CDK7_targ_29_34
Reference,13.69863014,86.30136986,2090,2087,365,50,315,0,1,33,314,1,0,281,0,0,33,0,gRNA_CDK7_targ_29_35
HDR,3.89988359,96.10011641,2090,2087,1718,67,1651,0,0,4,1651,0,0,1647,0,0,4,0,gRNA_CDK7_targ_29_35
Reference,2.78862242,97.21137758,2090,2087,1793,50,1743,0,1,35,1742,1,0,1707,0,0,35,0,gRNA_CDK7_targ_29_36
HDR,0.0,100.0,2090,2087,289,0,289,0,0,2,289,0,0,287,0,0,2,0,gRNA_CDK7_targ_29_36
Reference,33.11258278,66.88741722,2090,2087,151,50,101,0,0,32,101,0,0,69,0,0,32,0,gRNA_CDK7_targ_29_37
HDR,8.31908832,91.68091168,2090,2087,1755,146,1609,0,0,4,1609,0,0,1605,0,0,4,0,gRNA_CDK7_targ_29_37
Reference,16.23376623,83.76623377,2090,2087,308,50,258,0,1,33,257,1,0,224,0,0,33,0,gRNA_CDK7_targ_29_38
HDR,0.0,100.0,2090,2087,487,0,487,0,0,2,487,0,0,485,0,0,2,0,gRNA_CDK7_targ_29_38
Reference,3.13283208,96.86716792,2090,2087,1596,50,1546,0,1,35,1545,1,0,1510,0,0,35,0,gRNA_CDK7_targ_29_39
HDR,0.0,100.0,2090,2087,196,0,196,0,0,2,196,0,0,194,0,0,2,0,gRNA_CDK7_targ_29_39
Reference,15.10574018,84.89425982,2090,2087,331,50,281,0,1,33,280,1,0,247,0,0,33,0,gRNA_CDK7_targ_29_40
HDR,10.66176471,89.33823529,2090,2087,544,58,486,0,0,2,486,0,0,484,0,0,2,0,gRNA_CDK7_targ_29_40
Reference,13.66120219,86.33879781,2090,2087,366,50,316,0,1,33,315,1,0,282,0,0,33,0,gRNA_CDK7_targ_29_41
HDR,0.0,100.0,2090,2087,292,0,292,0,0,2,292,0,0,290,0,0,2,0,gRNA_CDK7_targ_29_41
Reference,32.05128205,67.94871795,2090,2087,156,50,106,0,0,33,106,0,0,73,0,0,33,0,gRNA_CDK7_targ_29_42
HDR,59.53967293,40.46032707,2090,2087,1651,983,668,0,0,4,666,0,2,664,0,0,2,0,gRNA_CDK7_targ_29_42
Reference,17.36111111,82.63888889,2090,2087,288,50,238,0,1,33,237,1,0,204,0,0,33,0,gRNA_CDK7_targ_29_43
HDR,0.34129693,99.65870307,2090,2087,293,1,292,0,0,2,292,0,0,290,0,0,2,0,gRNA_CDK7_targ_29_43
Reference,3.32667997,96.67332003,2090,2087,1503,50,1453,0,1,35,1452,1,0,1417,0,0,35,0,gRNA_CDK7_targ_29_44
HDR,0.0,100.0,2090,2087,430,0,430,0,0,2,430,0,0,428,0,0,2,0,gRNA_CDK7_targ_29_44
Reference,13.29787234,86.70212766,2090,2087,376,50,326,0,1,33,325,1,0,292,0,0,33,0,gRNA_CDK7_targ_29_45
HDR,8.53582555,91.46417445,2090,2087,1605,137,1468,0,0,4,1468,0,0,1464,0,0,4,0,gRNA_CDK7_targ_29_45
Reference,3.46020761,96.53979239,2090,2087,1445,50,1395,0,1,35,1394,1,0,1359,0,0,35,0,gRNA_CDK7_targ_29_46
HDR,0.0,100.0,2090,2087,447,0,447,0,0,2,447,0,0,445,0,0,2,0,gRNA_CDK7_targ_29_46
Reference,11.52073733,88.47926267,2090,2087,434,50,384,0,1,33,383,1,0,350,0,0,33,0,gRNA_CDK7_targ_29_47
HDR,3.14465409,96.85534591,2090,2087,1590,50,1540,0,0,4,1540,0,0,1536,0,0,4,0,gRNA_CDK7_targ_29_47
Reference,11.4416476,88.5583524,2090,2087,437,50,387,0,1,33,386,1,0,353,0,0,33,0,gRNA_CDK7_targ_29_48
HDR,32.3024055,67.6975945,2090,2087,582,188,394,0,0,2,392,0,2,392,0,0,0,0,gRNA_CDK7_targ_29_48
Reference,0.46189376,99.53810624,1775,1775,1299,6,1293,0,0,4,1293,0,0,1289,0,0,4,0,gRNA_CDK7_targ_30_49
HDR,0.0,100.0,1775,1775,474,0,474,0,0,0,474,0,0,474,0,0,0,0,gRNA_CDK7_targ_30_49
Reference,100.0,0.0,1775,1775,6,6,0,0,0,0,0,0,0,0,0,0,0,0,gRNA_CDK7_targ_30_50
HDR,56.48725212,43.51274788,1775,1775,1765,997,768,0,0,4,767,0,1,764,0,0,3,0,gRNA_CDK7_targ_30_50
Reference,60.0,40.0,1775,1775,10,6,4,0,0,0,4,0,0,4,0,0,0,0,gRNA_CDK7_targ_30_51
HDR,95.37815126,4.62184874,1775,1775,476,454,22,0,0,0,22,0,0,22,0,0,0,0,gRNA_CDK7_targ_30_51
Reference,18.88111888,81.11888112,821,821,143,27,116,0,0,103,116,0,0,13,0,0,103,0,gRNA_CDK7_targ_31_52
HDR,36.92307692,63.07692308,821,821,650,240,410,0,0,1,409,0,1,409,0,0,0,0,gRNA_CDK7_targ_31_52
Reference,23.86831276,76.13168724,658,658,243,58,185,0,0,0,185,0,0,185,0,0,0,0,gRNA_CDK7_targ_33_53
HDR,58.69565217,41.30434783,658,658,414,243,171,0,0,0,171,0,0,171,0,0,0,0,gRNA_CDK7_targ_33_53
Reference,9.33977456,90.66022544,658,658,621,58,563,0,0,0,563,0,0,563,0,0,0,0,gRNA_CDK7_targ_33_54
HDR,,,658,658,0,0,0,0,0,0,0,0,0,0,0,0,0,0,gRNA_CDK7_targ_33_54
Reference,23.7704918,76.2295082,658,658,244,58,186,0,0,0,186,0,0,186,0,0,0,0,gRNA_CDK7_targ_33_55
HDR,,,658,658,0,0,0,0,0,0,0,0,0,0,0,0,0,0,gRNA_CDK7_targ_33_55
Reference,86.1453202,13.8546798,1632,1632,1624,1399,225,0,0,1,224,0,1,224,0,0,0,0,gRNA_CDK7_targ_34_56
HDR,,,1632,1632,0,0,0,0,0,0,0,0,0,0,0,0,0,0,gRNA_CDK7_targ_34_56
Reference,95.82191781,4.17808219,1632,1632,1460,1399,61,0,0,1,60,0,1,60,0,0,0,0,gRNA_CDK7_targ_34_57
HDR,99.02912621,0.97087379,1632,1632,103,102,1,0,0,0,1,0,0,1,0,0,0,0,gRNA_CDK7_targ_34_57
Reference,91.55759162,8.44240838,1632,1632,1528,1399,129,0,0,1,128,0,1,128,0,0,0,0,gRNA_CDK7_targ_34_58
HDR,,,1632,1632,0,0,0,0,0,0,0,0,0,0,0,0,0,0,gRNA_CDK7_targ_34_58
Reference,96.11940299,3.88059701,1712,1712,335,322,13,0,1,0,12,1,0,12,0,0,0,0,gRNA_CDK7_targ_36_59
HDR,67.12439418,32.87560582,1712,1712,1238,831,407,0,0,0,407,0,0,407,0,0,0,0,gRNA_CDK7_targ_36_59
Reference,97.91666667,2.08333333,283,283,240,235,5,0,0,0,5,0,0,5,0,0,0,0,gRNA_CDK7_targ_37_60
HDR,2.43902439,97.56097561,283,283,41,1,40,0,0,0,40,0,0,40,0,0,0,0,gRNA_CDK7_targ_37_60
Reference,84.83754513,15.16245487,283,283,277,235,42,0,0,0,42,0,0,42,0,0,0,0,gRNA_CDK7_targ_37_61
HDR,0.0,100.0,283,283,6,0,6,0,0,0,6,0,0,6,0,0,0,0,gRNA_CDK7_targ_37_61
Reference,95.91836735,4.08163265,283,283,245,235,10,0,0,0,10,0,0,10,0,0,0,0,gRNA_CDK7_targ_37_62
HDR,0.0,100.0,283,283,24,0,24,0,0,0,24,0,0,24,0,0,0,0,gRNA_CDK7_targ_37_62
Reference,97.10743802,2.89256198,283,283,242,235,7,0,0,0,7,0,0,7,0,0,0,0,gRNA_CDK7_targ_37_63
HDR,83.33333333,16.66666667,283,283,6,5,1,0,0,0,1,0,0,1,0,0,0,0,gRNA_CDK7_targ_37_63
Reference,97.10743802,2.89256198,283,283,242,235,7,0,0,0,7,0,0,7,0,0,0,0,gRNA_CDK7_targ_37_64
HDR,65.71428571,34.28571429,283,283,35,23,12,0,0,0,12,0,0,12,0,0,0,0,gRNA_CDK7_targ_37_64
Reference,92.51968504,7.48031496,283,283,254,235,19,0,0,0,19,0,0,19,0,0,0,0,gRNA_CDK7_targ_37_65
HDR,0.0,100.0,283,283,1,0,1,0,0,0,1,0,0,1,0,0,0,0,gRNA_CDK7_targ_37_65
Reference,96.70781893,3.29218107,283,283,243,235,8,0,0,0,8,0,0,8,0,0,0,0,gRNA_CDK7_targ_37_66
HDR,3.44827586,96.55172414,283,283,29,1,28,0,0,0,28,0,0,28,0,0,0,0,gRNA_CDK7_targ_37_66
Reference,97.95918367,2.04081633,3049,3049,343,336,7,0,0,0,7,0,0,7,0,0,0,0,gRNA_CDK7_targ_39_67
HDR,34.38035408,65.61964592,3049,3049,1751,602,1149,0,91,0,1071,78,0,1058,0,13,0,0,gRNA_CDK7_targ_39_67
Reference,97.88359788,2.11640212,1765,1765,189,185,4,0,0,0,4,0,0,4,0,0,0,0,gRNA_CDK7_targ_40_68
HDR,94.24951267,5.75048733,1765,1765,1026,967,59,0,0,0,59,0,0,59,0,0,0,0,gRNA_CDK7_targ_40_68
Reference,95.16889238,4.83110762,2555,2555,2546,2423,123,0,0,2,122,0,1,121,0,0,1,0,gRNA_CDK7_targ_41_69
HDR,100.0,0.0,2555,2555,5,5,0,0,0,0,0,0,0,0,0,0,0,0,gRNA_CDK7_targ_41_69
Reference,14.36314363,85.63685637,966,966,738,106,632,0,0,78,556,0,76,554,0,0,2,0,gRNA_CDK7_targ_42_70
HDR,67.84140969,32.15859031,966,966,227,154,73,0,0,0,73,0,0,73,0,0,0,0,gRNA_CDK7_targ_42_70
Reference,83.33333333,16.66666667,1814,1814,6,5,1,0,0,1,0,0,1,0,0,0,0,0,gRNA_CDK7_targ_43_71
HDR,97.65258216,2.34741784,1814,1814,1704,1664,40,0,0,0,40,0,0,40,0,0,0,0,gRNA_CDK7_targ_43_71
Reference,75.0,25.0,1348,1348,8,6,2,0,0,0,2,0,0,2,0,0,0,0,gRNA_CDK7_targ_44_72
HDR,51.56716418,48.43283582,1348,1348,1340,691,649,0,0,2,647,0,2,647,0,0,0,0,gRNA_CDK7_targ_44_72
Reference,,,6,6,0,0,0,0,0,0,0,0,0,0,0,0,0,0,gRNA_CDK7_targ_54_73
HDR,0.0,100.0,6,6,6,0,6,0,0,0,6,0,0,6,0,0,0,0,gRNA_CDK7_targ_54_73
Reference,100.0,0.0,409,408,4,4,0,0,0,0,0,0,0,0,0,0,0,0,gRNA_CDK7_targ_55_74
HDR,0.0,100.0,409,408,397,0,397,0,82,0,397,0,0,315,0,82,0,0,gRNA_CDK7_targ_55_74
Reference,100.0,0.0,171,171,4,4,0,0,0,0,0,0,0,0,0,0,0,0,gRNA_CDK7_targ_56_75
HDR,0.0,100.0,171,171,17,0,17,0,0,0,17,0,0,17,0,0,0,0,gRNA_CDK7_targ_56_75
Reference,100.0,0.0,171,171,4,4,0,0,0,0,0,0,0,0,0,0,0,0,gRNA_CDK7_targ_56_76
HDR,0.0,100.0,171,171,167,0,167,0,0,0,167,0,0,167,0,0,0,0,gRNA_CDK7_targ_56_76
Reference,2.5974026,97.4025974,171,171,154,4,150,0,0,0,150,0,0,150,0,0,0,0,gRNA_CDK7_targ_56_77
HDR,0.0,100.0,171,171,17,0,17,0,0,0,17,0,0,17,0,0,0,0,gRNA_CDK7_targ_56_77
Reference,100.0,0.0,171,171,4,4,0,0,0,0,0,0,0,0,0,0,0,0,gRNA_CDK7_targ_56_78
HDR,0.0,100.0,171,171,167,0,167,0,0,0,167,0,0,167,0,0,0,0,gRNA_CDK7_targ_56_78
Reference,2.5974026,97.4025974,171,171,154,4,150,0,0,0,150,0,0,150,0,0,0,0,gRNA_CDK7_targ_56_79
HDR,0.0,100.0,171,171,17,0,17,0,0,0,17,0,0,17,0,0,0,0,gRNA_CDK7_targ_56_79
Reference,100.0,0.0,171,171,4,4,0,0,0,0,0,0,0,0,0,0,0,0,gRNA_CDK7_targ_56_80
HDR,0.0,100.0,171,171,17,0,17,0,0,0,17,0,0,17,0,0,0,0,gRNA_CDK7_targ_56_80
Reference,100.0,0.0,171,171,4,4,0,0,0,0,0,0,0,0,0,0,0,0,gRNA_CDK7_targ_56_81
HDR,94.11764706,5.88235294,171,171,17,16,1,0,0,0,1,0,0,1,0,0,0,0,gRNA_CDK7_targ_56_81
Reference,94.79166667,5.20833333,657,657,96,91,5,0,0,0,5,0,0,5,0,0,0,0,gRNA_CDK7_targ_57_82
HDR,0.35778175,99.64221825,657,657,559,2,557,0,0,0,557,0,0,557,0,0,0,0,gRNA_CDK7_targ_57_82
Reference,96.80851064,3.19148936,657,657,94,91,3,0,0,0,3,0,0,3,0,0,0,0,gRNA_CDK7_targ_57_83
HDR,0.0,100.0,657,657,378,0,378,0,0,0,378,0,0,378,0,0,0,0,gRNA_CDK7_targ_57_83
Reference,94.79166667,5.20833333,657,657,96,91,5,0,0,0,5,0,0,5,0,0,0,0,gRNA_CDK7_targ_57_84
HDR,66.66666667,33.33333333,657,657,558,372,186,0,0,0,186,0,0,186,0,0,0,0,gRNA_CDK7_targ_57_84
Reference,64.73214286,35.26785714,580,580,224,145,79,0,73,0,79,0,0,6,0,73,0,0,gRNA_CDK7_targ_58_85
HDR,78.02816901,21.97183099,580,580,355,277,78,0,0,1,77,0,1,77,0,0,0,0,gRNA_CDK7_targ_58_85
Reference,9.75935829,90.24064171,750,750,748,73,675,0,0,0,675,0,0,675,0,0,0,0,gRNA_CDK7_targ_60_86
HDR,0.0,100.0,750,750,2,0,2,0,0,0,2,0,0,2,0,0,0,0,gRNA_CDK7_targ_60_86
Reference,10.36931818,89.63068182,750,750,704,73,631,0,0,0,631,0,0,631,0,0,0,0,gRNA_CDK7_targ_60_87
HDR,5.88235294,94.11764706,750,750,34,2,32,0,0,0,32,0,0,32,0,0,0,0,gRNA_CDK7_targ_60_87
Reference,10.22408964,89.77591036,750,750,714,73,641,0,0,0,641,0,0,641,0,0,0,0,gRNA_CDK7_targ_60_88
HDR,,,750,750,0,0,0,0,0,0,0,0,0,0,0,0,0,0,gRNA_CDK7_targ_60_88
Reference,98.41269841,1.58730159,189,189,189,186,3,0,0,0,3,0,0,3,0,0,0,0,gRNA_CDK7_targ_61_89
HDR,,,189,189,0,0,0,0,0,0,0,0,0,0,0,0,0,0,gRNA_CDK7_targ_61_89
Reference,98.41269841,1.58730159,189,189,189,186,3,0,0,0,3,0,0,3,0,0,0,0,gRNA_CDK7_targ_61_90
HDR,,,189,189,0,0,0,0,0,0,0,0,0,0,0,0,0,0,gRNA_CDK7_targ_61_90
Reference,98.41269841,1.58730159,189,189,189,186,3,0,0,0,3,0,0,3,0,0,0,0,gRNA_CDK7_targ_61_91
HDR,,,189,189,0,0,0,0,0,0,0,0,0,0,0,0,0,0,gRNA_CDK7_targ_61_91
Reference,93.33333333,6.66666667,37,37,15,14,1,0,0,0,1,0,0,1,0,0,0,0,gRNA_CDK7_targ_62_92
HDR,77.27272727,22.72727273,37,37,22,17,5,0,0,0,5,0,0,5,0,0,0,0,gRNA_CDK7_targ_62_92
Reference,100.0,0.0,29,29,8,8,0,0,0,0,0,0,0,0,0,0,0,0,gRNA_CDK7_targ_63_93
HDR,,,29,29,0,0,0,0,0,0,0,0,0,0,0,0,0,0,gRNA_CDK7_targ_63_93
Reference,97.12230216,2.87769784,140,140,139,135,4,0,0,0,4,0,0,4,0,0,0,0,gRNA_CDK7_targ_65_94
HDR,0.0,100.0,140,140,1,0,1,0,0,0,1,0,0,1,0,0,0,0,gRNA_CDK7_targ_65_94
Reference,97.82608696,2.17391304,140,140,138,135,3,0,0,0,3,0,0,3,0,0,0,0,gRNA_CDK7_targ_65_95
HDR,0.0,100.0,140,140,1,0,1,0,0,0,1,0,0,1,0,0,0,0,gRNA_CDK7_targ_65_95
Reference,97.12230216,2.87769784,140,140,139,135,4,0,0,0,4,0,0,4,0,0,0,0,gRNA_CDK7_targ_65_96
HDR,100.0,0.0,140,140,1,1,0,0,0,0,0,0,0,0,0,0,0,0,gRNA_CDK7_targ_65_96
Reference,98.61591696,1.38408304,318,318,289,285,4,0,0,0,4,0,0,4,0,0,0,0,gRNA_CDK7_targ_66_97
HDR,96.42857143,3.57142857,318,318,28,27,1,0,0,0,1,0,0,1,0,0,0,0,gRNA_CDK7_targ_66_97
Reference,,,442,442,0,0,0,0,0,0,0,0,0,0,0,0,0,0,gRNA_CDK7_targ_71_98
HDR,98.20051414,1.79948586,442,442,389,382,7,0,0,2,5,0,2,5,0,0,0,0,gRNA_CDK7_targ_71_98
Reference,100.0,0.0,434,434,2,2,0,0,0,0,0,0,0,0,0,0,0,0,gRNA_CDK7_targ_72_99
HDR,83.11345646,16.88654354,434,434,379,315,64,0,0,0,64,0,0,64,0,0,0,0,gRNA_CDK7_targ_72_99
Reference,45.66473988,54.33526012,800,800,692,316,376,0,5,0,376,0,0,371,0,5,0,0,gRNA_CDK7_targ_78_100
HDR,0.0,100.0,800,800,106,0,106,0,0,0,106,0,0,106,0,0,0,0,gRNA_CDK7_targ_78_100
Reference,50.39872408,49.60127592,800,800,627,316,311,0,5,0,311,0,0,306,0,5,0,0,gRNA_CDK7_targ_78_101
HDR,0.0,100.0,800,800,138,0,138,0,0,0,138,0,0,138,0,0,0,0,gRNA_CDK7_targ_78_101
Reference,86.57534247,13.42465753,800,800,365,316,49,0,5,0,49,0,0,44,0,5,0,0,gRNA_CDK7_targ_78_102
HDR,65.33018868,34.66981132,800,800,424,277,147,0,0,0,147,0,0,147,0,0,0,0,gRNA_CDK7_targ_78_102
Reference,47.80635401,52.19364599,800,800,661,316,345,0,5,0,345,0,0,340,0,5,0,0,gRNA_CDK7_targ_78_103
HDR,0.0,100.0,800,800,106,0,106,0,0,0,106,0,0,106,0,0,0,0,gRNA_CDK7_targ_78_103
Reference,84.04255319,15.95744681,800,800,376,316,60,0,5,0,60,0,0,55,0,5,0,0,gRNA_CDK7_targ_78_104
HDR,0.0,100.0,800,800,106,0,106,0,0,0,106,0,0,106,0,0,0,0,gRNA_CDK7_targ_78_104
Reference,84.04255319,15.95744681,800,800,376,316,60,0,5,0,60,0,0,55,0,5,0,0,gRNA_CDK7_targ_78_105
HDR,22.46376812,77.53623188,800,800,138,31,107,0,0,0,107,0,0,107,0,0,0,0,gRNA_CDK7_targ_78_105
Reference,47.73413897,52.26586103,800,800,662,316,346,0,5,0,346,0,0,341,0,5,0,0,gRNA_CDK7_targ_78_106
HDR,74.63768116,25.36231884,800,800,138,103,35,0,0,0,35,0,0,35,0,0,0,0,gRNA_CDK7_targ_78_106
Reference,0.22514071,99.77485929,2961,2961,2665,6,2659,0,230,1,2456,203,0,2428,0,27,1,0,gRNA_CDK7_targ_79_107
HDR,1.06007067,98.93992933,2961,2961,283,3,280,0,0,0,280,0,0,280,0,0,0,0,gRNA_CDK7_targ_79_107
Reference,0.51413882,99.48586118,2961,2961,1167,6,1161,0,228,1,958,203,0,932,0,25,1,0,gRNA_CDK7_targ_79_108
HDR,6.86001115,93.13998885,2961,2961,1793,123,1670,0,1,0,1669,1,0,1669,0,0,0,0,gRNA_CDK7_targ_79_108
Reference,0.66964286,99.33035714,2961,2961,896,6,890,0,229,1,687,203,0,660,0,26,1,0,gRNA_CDK7_targ_79_109
HDR,58.82352941,41.17647059,2961,2961,17,10,7,0,0,0,7,0,0,7,0,0,0,0,gRNA_CDK7_targ_79_109
Reference,0.14577259,99.85422741,1861,1860,1372,2,1370,0,0,0,1370,0,0,1370,0,0,0,0,gRNA_CDK7_targ_80_110
HDR,0.0,100.0,1861,1860,454,0,454,0,0,0,454,0,0,454,0,0,0,0,gRNA_CDK7_targ_80_110
Reference,100.0,0.0,1861,1860,2,2,0,0,0,0,0,0,0,0,0,0,0,0,gRNA_CDK7_targ_80_111
HDR,37.70634231,62.29365769,1861,1860,1151,434,717,0,0,0,717,0,0,717,0,0,0,0,gRNA_CDK7_targ_80_111
Reference,0.42283298,99.57716702,1861,1860,473,2,471,0,0,0,471,0,0,471,0,0,0,0,gRNA_CDK7_targ_80_112
HDR,14.7826087,85.2173913,1861,1860,460,68,392,0,0,0,392,0,0,392,0,0,0,0,gRNA_CDK7_targ_80_112
Reference,97.62689519,2.37310481,2209,2209,1517,1481,36,0,0,1,35,0,1,35,0,0,0,0,gRNA_CDK7_targ_81_113
HDR,99.1202346,0.8797654,2209,2209,682,676,6,0,0,0,6,0,0,6,0,0,0,0,gRNA_CDK7_targ_81_113
Reference,36.0,64.0,315,315,250,90,160,0,0,0,160,0,0,160,0,0,0,0,gRNA_CDK7_targ_84_114
HDR,85.9375,14.0625,315,315,64,55,9,0,0,0,9,0,0,9,0,0,0,0,gRNA_CDK7_targ_84_114
Reference,33.33333333,66.66666667,204,204,3,1,2,0,0,0,2,0,0,2,0,0,0,0,gRNA_CDK7_targ_87_115
HDR,52.0,48.0,204,204,200,104,96,0,0,0,96,0,0,96,0,0,0,0,gRNA_CDK7_targ_87_115
Reference,0.56417489,99.43582511,864,864,709,4,705,0,0,1,705,0,0,704,0,0,1,0,gRNA_CDK7_targ_88_116
HDR,0.0,100.0,864,864,23,0,23,0,0,0,23,0,0,23,0,0,0,0,gRNA_CDK7_targ_88_116
Reference,1.0,99.0,976,976,100,1,99,0,0,0,99,0,0,99,0,0,0,0,gRNA_CDK7_targ_89_117
HDR,55.85284281,44.14715719,976,976,598,334,264,0,0,1,263,0,1,263,0,0,0,0,gRNA_CDK7_targ_89_117
Reference,,,61,60,0,0,0,0,0,0,0,0,0,0,0,0,0,0,gRNA_CDK7_targ_90_118
HDR,1.69491525,98.30508475,61,60,59,1,58,0,0,0,58,0,0,58,0,0,0,0,gRNA_CDK7_targ_90_118
Reference,0.0,100.0,61,60,2,0,2,0,0,0,2,0,0,2,0,0,0,0,gRNA_CDK7_targ_90_119
HDR,0.0,100.0,61,60,58,0,58,0,0,0,58,0,0,58,0,0,0,0,gRNA_CDK7_targ_90_119
Reference,0.0,100.0,61,60,1,0,1,0,0,0,1,0,0,1,0,0,0,0,gRNA_CDK7_targ_90_120
HDR,100.0,0.0,61,60,58,58,0,0,0,0,0,0,0,0,0,0,0,0,gRNA_CDK7_targ_90_120
Reference,87.25274725,12.74725275,2746,2746,455,397,58,0,0,30,30,0,28,28,0,0,2,0,gRNA_CDK7_targ_92_121
HDR,52.62659726,47.37340274,2746,2746,2113,1112,1001,0,0,1,1000,0,1,1000,0,0,0,0,gRNA_CDK7_targ_92_121
Reference,83.65527489,16.34472511,944,944,673,563,110,0,0,0,110,0,0,110,0,0,0,0,gRNA_CDK7_targ_93_122
HDR,97.14285714,2.85714286,944,944,70,68,2,0,0,0,2,0,0,2,0,0,0,0,gRNA_CDK7_targ_93_122
Reference,0.5988024,99.4011976,404,404,334,2,332,0,1,0,331,1,0,331,0,0,0,0,gRNA_CDK7_targ_94_123
HDR,0.0,100.0,404,404,70,0,70,0,0,0,70,0,0,70,0,0,0,0,gRNA_CDK7_targ_94_123
Reference,66.66666667,33.33333333,404,404,3,2,1,0,1,0,0,1,0,0,0,0,0,0,gRNA_CDK7_targ_94_124
HDR,78.75,21.25,404,404,400,315,85,0,0,0,85,0,0,85,0,0,0,0,gRNA_CDK7_targ_94_124
Reference,50.0,50.0,404,404,4,2,2,0,1,0,1,1,0,1,0,0,0,0,gRNA_CDK7_targ_94_125
HDR,100.0,0.0,404,404,70,70,0,0,0,0,0,0,0,0,0,0,0,0,gRNA_CDK7_targ_94_125
Reference,97.949419,2.050581,2934,2934,2926,2866,60,0,0,0,60,0,0,60,0,0,0,0,gRNA_CDK7_targ_95_126
HDR,,,2934,2934,0,0,0,0,0,0,0,0,0,0,0,0,0,0,gRNA_CDK7_targ_95_126
Reference,69.50904393,30.49095607,869,869,387,269,118,0,0,111,118,0,0,7,0,0,111,0,gRNA_CDK7_targ_98_127
HDR,98.83268482,1.16731518,869,869,257,254,3,0,0,0,3,0,0,3,0,0,0,0,gRNA_CDK7_targ_98_127
Reference,96.10027855,3.89972145,482,482,359,345,14,0,0,0,14,0,0,14,0,0,0,0,gRNA_CDK7_targ_102_128
HDR,97.5,2.5,482,482,40,39,1,0,0,0,1,0,0,1,0,0,0,0,gRNA_CDK7_targ_102_128
Reference,96.73913043,3.26086957,2195,2195,828,801,27,0,0,1,26,0,1,26,0,0,0,0,gRNA_CDK7_targ_104_129
HDR,87.11194732,12.88805268,2195,2195,1063,926,137,0,0,0,137,0,0,137,0,0,0,0,gRNA_CDK7_targ_104_129
Reference,96.98708752,3.01291248,700,700,697,676,21,0,0,0,21,0,0,21,0,0,0,0,gRNA_CDK7_targ_105_130
HDR,,,700,700,0,0,0,0,0,0,0,0,0,0,0,0,0,0,gRNA_CDK7_targ_105_130
Reference,97.12643678,2.87356322,700,700,696,676,20,0,0,0,20,0,0,20,0,0,0,0,gRNA_CDK7_targ_105_131
HDR,100.0,0.0,700,700,1,1,0,0,0,0,0,0,0,0,0,0,0,0,gRNA_CDK7_targ_105_131
Reference,96.70958512,3.29041488,700,700,699,676,23,0,0,0,23,0,0,23,0,0,0,0,gRNA_CDK7_targ_105_132
HDR,,,700,700,0,0,0,0,0,0,0,0,0,0,0,0,0,0,gRNA_CDK7_targ_105_132
Reference,46.875,53.125,1253,1253,192,90,102,0,0,0,102,0,0,102,0,0,0,0,gRNA_CDK7_targ_106_133
HDR,0.0,100.0,1253,1253,1054,0,1054,0,0,0,1054,0,0,1054,0,0,0,0,gRNA_CDK7_targ_106_133
Reference,93.75,6.25,1253,1253,96,90,6,0,0,0,6,0,0,6,0,0,0,0,gRNA_CDK7_targ_106_134
HDR,0.75329567,99.24670433,1253,1253,1062,8,1054,0,0,0,1054,0,0,1054,0,0,0,0,gRNA_CDK7_targ_106_134
Reference,47.36842105,52.63157895,1253,1253,190,90,100,0,0,0,100,0,0,100,0,0,0,0,gRNA_CDK7_targ_106_135
HDR,81.49905123,18.50094877,1253,1253,1054,859,195,0,0,0,195,0,0,195,0,0,0,0,gRNA_CDK7_targ_106_135
Reference,75.47325103,24.52674897,1504,1504,1215,917,298,0,0,0,298,0,0,298,0,0,0,0,gRNA_CDK7_targ_107_136
HDR,0.0,100.0,1504,1504,287,0,287,0,0,0,287,0,0,287,0,0,0,0,gRNA_CDK7_targ_107_136
Reference,96.93446089,3.06553911,1504,1504,946,917,29,0,0,0,29,0,0,29,0,0,0,0,gRNA_CDK7_targ_107_137
HDR,46.93140794,53.06859206,1504,1504,554,260,294,0,0,0,294,0,0,294,0,0,0,0,gRNA_CDK7_targ_107_137
Reference,96.6280295,3.3719705,1504,1504,949,917,32,0,0,0,32,0,0,32,0,0,0,0,gRNA_CDK7_targ_107_138
HDR,65.27777778,34.72222222,1504,1504,288,188,100,0,0,0,100,0,0,100,0,0,0,0,gRNA_CDK7_targ_107_138
Reference,44.55445545,55.44554455,785,785,707,315,392,0,0,2,390,0,2,390,0,0,0,0,gRNA_CDK7_targ_108_139
HDR,0.0,100.0,785,785,75,0,75,0,0,0,75,0,0,75,0,0,0,0,gRNA_CDK7_targ_108_139
Reference,98.7460815,1.2539185,785,785,319,315,4,0,0,2,2,0,2,2,0,0,0,0,gRNA_CDK7_targ_108_140
HDR,64.16309013,35.83690987,785,785,466,299,167,0,0,1,167,0,0,166,0,0,1,0,gRNA_CDK7_targ_108_140
Reference,99.36908517,0.63091483,785,785,317,315,2,0,0,0,2,0,0,2,0,0,0,0,gRNA_CDK7_targ_108_141
HDR,0.0,100.0,785,785,77,0,77,0,0,0,77,0,0,77,0,0,0,0,gRNA_CDK7_targ_108_141
Reference,95.77205882,4.22794118,794,794,544,521,23,0,0,0,23,0,0,23,0,0,0,0,gRNA_CDK7_targ_109_142
HDR,0.8,99.2,794,794,250,2,248,0,0,1,248,0,0,247,0,0,1,0,gRNA_CDK7_targ_109_142
Reference,95.77205882,4.22794118,794,794,544,521,23,0,0,0,23,0,0,23,0,0,0,0,gRNA_CDK7_targ_109_143
HDR,0.8,99.2,794,794,250,2,248,0,0,1,248,0,0,247,0,0,1,0,gRNA_CDK7_targ_109_143
Reference,96.12546125,3.87453875,794,794,542,521,21,0,0,0,21,0,0,21,0,0,0,0,gRNA_CDK7_targ_109_144
HDR,89.91935484,10.08064516,794,794,248,223,25,0,0,1,24,0,1,24,0,0,0,0,gRNA_CDK7_targ_109_144
Reference,94.05940594,5.94059406,1184,1184,101,95,6,0,0,0,6,0,0,6,0,0,0,0,gRNA_CDK7_targ_110_145
HDR,93.14456036,6.85543964,1184,1184,671,625,46,0,0,2,44,0,2,44,0,0,0,0,gRNA_CDK7_targ_110_145
Reference,100.0,0.0,713,713,3,3,0,0,0,0,0,0,0,0,0,0,0,0,gRNA_CDK7_targ_113_146
HDR,93.49363508,6.50636492,713,713,707,661,46,0,0,0,46,0,0,46,0,0,0,0,gRNA_CDK7_targ_113_146
Reference,97.12643678,2.87356322,2126,2017,348,338,10,0,0,0,10,0,0,10,0,0,0,0,gRNA_CDK7_targ_114_147
HDR,14.09594096,85.90405904,2126,2017,1355,191,1164,0,0,1,1163,0,1,1163,0,0,0,0,gRNA_CDK7_targ_114_147
Reference,9.75609756,90.24390244,333,333,41,4,37,0,1,0,36,1,0,36,0,0,0,0,gRNA_CDK7_targ_115_148
HDR,0.0,100.0,333,333,189,0,189,0,0,0,189,0,0,189,0,0,0,0,gRNA_CDK7_targ_115_148
Reference,66.66666667,33.33333333,333,333,6,4,2,0,1,0,1,1,0,1,0,0,0,0,gRNA_CDK7_targ_115_149
HDR,0.33112583,99.66887417,333,333,302,1,301,0,0,0,301,0,0,301,0,0,0,0,gRNA_CDK7_targ_115_149
Reference,44.44444444,55.55555556,333,333,9,4,5,0,1,0,4,1,0,4,0,0,0,0,gRNA_CDK7_targ_115_150
HDR,0.0,100.0,333,333,292,0,292,0,0,0,292,0,0,292,0,0,0,0,gRNA_CDK7_targ_115_150
Reference,39.50617284,60.49382716,1255,1255,729,288,441,0,1,0,440,1,0,440,0,0,0,0,gRNA_CDK7_targ_116_151
HDR,37.12737127,62.87262873,1255,1255,369,137,232,0,0,0,232,0,0,232,0,0,0,0,gRNA_CDK7_targ_116_151
Reference,49.39965695,50.60034305,1255,1255,583,288,295,0,2,0,293,2,0,293,0,0,0,0,gRNA_CDK7_targ_116_152
HDR,62.06373293,37.93626707,1255,1255,659,409,250,0,0,0,250,0,0,250,0,0,0,0,gRNA_CDK7_targ_116_152
Reference,63.43612335,36.56387665,1255,1255,454,288,166,0,2,0,164,2,0,164,0,0,0,0,gRNA_CDK7_targ_116_153
HDR,91.02564103,8.97435897,1255,1255,234,213,21,0,0,0,21,0,0,21,0,0,0,0,gRNA_CDK7_targ_116_153
Reference,87.5,12.5,507,507,8,7,1,0,0,0,1,0,0,1,0,0,0,0,gRNA_CDK7_targ_117_154
HDR,89.75609756,10.24390244,507,507,205,184,21,0,0,0,21,0,0,21,0,0,0,0,gRNA_CDK7_targ_117_154
Reference,0.0,100.0,100,100,47,0,47,0,0,0,47,0,0,47,0,0,0,0,gRNA_CDK7_targ_120_155
HDR,0.0,100.0,100,100,53,0,53,0,0,0,53,0,0,53,0,0,0,0,gRNA_CDK7_targ_120_155
Reference,0.0,100.0,100,100,1,0,1,0,0,0,1,0,0,1,0,0,0,0,gRNA_CDK7_targ_120_156
HDR,0.0,100.0,100,100,84,0,84,0,0,0,84,0,0,84,0,0,0,0,gRNA_CDK7_targ_120_156
Reference,,,100,100,0,0,0,0,0,0,0,0,0,0,0,0,0,0,gRNA_CDK7_targ_120_157
HDR,0.0,100.0,100,100,98,0,98,0,0,0,98,0,0,98,0,0,0,0,gRNA_CDK7_targ_120_157
Reference,0.0,100.0,100,100,68,0,68,0,0,0,68,0,0,68,0,0,0,0,gRNA_CDK7_targ_120_158
HDR,0.0,100.0,100,100,32,0,32,0,0,0,32,0,0,32,0,0,0,0,gRNA_CDK7_targ_120_158
Reference,0.0,100.0,100,100,15,0,15,0,0,0,15,0,0,15,0,0,0,0,gRNA_CDK7_targ_120_159
HDR,0.0,100.0,100,100,52,0,52,0,0,0,52,0,0,52,0,0,0,0,gRNA_CDK7_targ_120_159
Reference,0.0,100.0,100,100,2,0,2,0,0,0,2,0,0,2,0,0,0,0,gRNA_CDK7_targ_120_160
HDR,1.88679245,98.11320755,100,100,53,1,52,0,0,0,52,0,0,52,0,0,0,0,gRNA_CDK7_targ_120_160
Reference,0.0,100.0,100,100,18,0,18,0,0,0,18,0,0,18,0,0,0,0,gRNA_CDK7_targ_120_161
HDR,0.0,100.0,100,100,3,0,3,0,0,0,3,0,0,3,0,0,0,0,gRNA_CDK7_targ_120_161
Reference,,,100,100,0,0,0,0,0,0,0,0,0,0,0,0,0,0,gRNA_CDK7_targ_120_162
HDR,1.01010101,98.98989899,100,100,99,1,98,0,0,0,98,0,0,98,0,0,0,0,gRNA_CDK7_targ_120_162
Reference,0.0,100.0,100,100,16,0,16,0,0,0,16,0,0,16,0,0,0,0,gRNA_CDK7_targ_120_163
HDR,0.0,100.0,100,100,32,0,32,0,0,0,32,0,0,32,0,0,0,0,gRNA_CDK7_targ_120_163
Reference,0.0,100.0,100,100,2,0,2,0,0,0,2,0,0,2,0,0,0,0,gRNA_CDK7_targ_120_164
HDR,0.0,100.0,100,100,32,0,32,0,0,0,32,0,0,32,0,0,0,0,gRNA_CDK7_targ_120_164
Reference,,,100,100,0,0,0,0,0,0,0,0,0,0,0,0,0,0,gRNA_CDK7_targ_120_165
HDR,53.01204819,46.98795181,100,100,83,44,39,0,0,0,39,0,0,39,0,0,0,0,gRNA_CDK7_targ_120_165
Reference,0.0,100.0,100,100,19,0,19,0,0,0,19,0,0,19,0,0,0,0,gRNA_CDK7_targ_120_166
HDR,0.0,100.0,100,100,81,0,81,0,0,0,81,0,0,81,0,0,0,0,gRNA_CDK7_targ_120_166
Reference,0.0,100.0,100,100,18,0,18,0,0,0,18,0,0,18,0,0,0,0,gRNA_CDK7_targ_120_167
HDR,0.0,100.0,100,100,82,0,82,0,0,0,82,0,0,82,0,0,0,0,gRNA_CDK7_targ_120_167
Reference,0.0,100.0,100,100,1,0,1,0,0,0,1,0,0,1,0,0,0,0,gRNA_CDK7_targ_120_168
HDR,0.0,100.0,100,100,82,0,82,0,0,0,82,0,0,82,0,0,0,0,gRNA_CDK7_targ_120_168
Reference,0.0,100.0,100,100,17,0,17,0,0,0,17,0,0,17,0,0,0,0,gRNA_CDK7_targ_120_169
HDR,0.0,100.0,100,100,81,0,81,0,0,0,81,0,0,81,0,0,0,0,gRNA_CDK7_targ_120_169
Reference,4.54545455,95.45454545,516,479,22,1,21,0,17,2,4,17,0,2,0,0,2,0,gRNA_CDK7_targ_121_170
HDR,0.0,100.0,516,479,43,0,43,0,0,0,43,0,0,43,0,0,0,0,gRNA_CDK7_targ_121_170
Reference,0.23041475,99.76958525,516,479,434,1,433,0,17,2,416,17,0,414,0,0,2,0,gRNA_CDK7_targ_121_171
HDR,0.0,100.0,516,479,45,0,45,0,0,0,45,0,0,45,0,0,0,0,gRNA_CDK7_targ_121_171
Reference,0.23148148,99.76851852,516,479,432,1,431,0,17,2,414,17,0,412,0,0,2,0,gRNA_CDK7_targ_121_172
HDR,0.0,100.0,516,479,43,0,43,0,0,0,43,0,0,43,0,0,0,0,gRNA_CDK7_targ_121_172
Reference,0.23866348,99.76133652,516,479,419,1,418,0,0,2,418,0,0,416,0,0,2,0,gRNA_CDK7_targ_121_173
HDR,0.0,100.0,516,479,43,0,43,0,0,0,43,0,0,43,0,0,0,0,gRNA_CDK7_targ_121_173
Reference,0.23041475,99.76958525,516,479,434,1,433,0,17,2,416,17,0,414,0,0,2,0,gRNA_CDK7_targ_121_174
HDR,0.0,100.0,516,479,44,0,44,0,0,0,44,0,0,44,0,0,0,0,gRNA_CDK7_targ_121_174
Reference,0.23041475,99.76958525,516,479,434,1,433,0,17,2,416,17,0,414,0,0,2,0,gRNA_CDK7_targ_121_175
HDR,0.0,100.0,516,479,43,0,43,0,0,0,43,0,0,43,0,0,0,0,gRNA_CDK7_targ_121_175
Reference,0.23148148,99.76851852,516,479,432,1,431,0,17,2,414,17,0,412,0,0,2,0,gRNA_CDK7_targ_121_176
HDR,0.0,100.0,516,479,43,0,43,0,0,0,43,0,0,43,0,0,0,0,gRNA_CDK7_targ_121_176
Reference,0.23041475,99.76958525,516,479,434,1,433,0,17,2,416,17,0,414,0,0,2,0,gRNA_CDK7_targ_121_177
HDR,0.0,100.0,516,479,41,0,41,0,0,0,41,0,0,41,0,0,0,0,gRNA_CDK7_targ_121_177
Reference,0.23041475,99.76958525,516,479,434,1,433,0,17,2,416,17,0,414,0,0,2,0,gRNA_CDK7_targ_121_178
HDR,0.0,100.0,516,479,43,0,43,0,0,0,43,0,0,43,0,0,0,0,gRNA_CDK7_targ_121_178
Reference,0.23041475,99.76958525,516,479,434,1,433,0,17,2,416,17,0,414,0,0,2,0,gRNA_CDK7_targ_121_179
HDR,0.0,100.0,516,479,45,0,45,0,0,0,45,0,0,45,0,0,0,0,gRNA_CDK7_targ_121_179
Reference,0.23041475,99.76958525,516,479,434,1,433,0,17,2,416,17,0,414,0,0,2,0,gRNA_CDK7_targ_121_180
HDR,0.0,100.0,516,479,43,0,43,0,0,0,43,0,0,43,0,0,0,0,gRNA_CDK7_targ_121_180
Reference,0.23041475,99.76958525,516,479,434,1,433,0,17,2,416,17,0,414,0,0,2,0,gRNA_CDK7_targ_121_181
HDR,0.0,100.0,516,479,44,0,44,0,0,0,44,0,0,44,0,0,0,0,gRNA_CDK7_targ_121_181
Reference,0.23866348,99.76133652,516,479,419,1,418,0,0,2,418,0,0,416,0,0,2,0,gRNA_CDK7_targ_121_182
HDR,0.0,100.0,516,479,43,0,43,0,0,0,43,0,0,43,0,0,0,0,gRNA_CDK7_targ_121_182
Reference,0.23041475,99.76958525,516,479,434,1,433,0,17,2,416,17,0,414,0,0,2,0,gRNA_CDK7_targ_121_183
HDR,0.0,100.0,516,479,44,0,44,0,0,0,44,0,0,44,0,0,0,0,gRNA_CDK7_targ_121_183
Reference,0.23041475,99.76958525,516,479,434,1,433,0,17,2,416,17,0,414,0,0,2,0,gRNA_CDK7_targ_121_184
HDR,0.0,100.0,516,479,42,0,42,0,0,0,42,0,0,42,0,0,0,0,gRNA_CDK7_targ_121_184
Reference,0.23041475,99.76958525,516,479,434,1,433,0,17,2,416,17,0,414,0,0,2,0,gRNA_CDK7_targ_121_185
HDR,0.0,100.0,516,479,45,0,45,0,0,0,45,0,0,45,0,0,0,0,gRNA_CDK7_targ_121_185
Reference,0.23041475,99.76958525,516,479,434,1,433,0,17,2,416,17,0,414,0,0,2,0,gRNA_CDK7_targ_121_186
HDR,0.0,100.0,516,479,45,0,45,0,0,0,45,0,0,45,0,0,0,0,gRNA_CDK7_targ_121_186
Reference,0.22988506,99.77011494,516,479,435,1,434,0,17,2,417,17,0,415,0,0,2,0,gRNA_CDK7_targ_121_187
HDR,0.0,100.0,516,479,44,0,44,0,0,0,44,0,0,44,0,0,0,0,gRNA_CDK7_targ_121_187
Reference,0.23041475,99.76958525,516,479,434,1,433,0,17,2,416,17,0,414,0,0,2,0,gRNA_CDK7_targ_121_188
HDR,0.0,100.0,516,479,43,0,43,0,0,0,43,0,0,43,0,0,0,0,gRNA_CDK7_targ_121_188
Reference,0.22988506,99.77011494,516,479,435,1,434,0,17,2,417,17,0,415,0,0,2,0,gRNA_CDK7_targ_121_189
HDR,0.0,100.0,516,479,44,0,44,0,0,0,44,0,0,44,0,0,0,0,gRNA_CDK7_targ_121_189
Reference,0.22988506,99.77011494,516,479,435,1,434,0,17,2,417,17,0,415,0,0,2,0,gRNA_CDK7_targ_121_190
HDR,0.0,100.0,516,479,44,0,44,0,0,0,44,0,0,44,0,0,0,0,gRNA_CDK7_targ_121_190
Reference,0.23980815,99.76019185,516,479,417,1,416,0,0,2,416,0,0,414,0,0,2,0,gRNA_CDK7_targ_121_191
HDR,2.3255814,97.6744186,516,479,43,1,42,0,0,0,42,0,0,42,0,0,0,0,gRNA_CDK7_targ_121_191
Reference,0.23041475,99.76958525,516,479,434,1,433,0,17,2,416,17,0,414,0,0,2,0,gRNA_CDK7_targ_121_192
HDR,0.0,100.0,516,479,45,0,45,0,0,0,45,0,0,45,0,0,0,0,gRNA_CDK7_targ_121_192
Reference,0.23041475,99.76958525,516,479,434,1,433,0,17,2,416,17,0,414,0,0,2,0,gRNA_CDK7_targ_121_193
HDR,0.0,100.0,516,479,45,0,45,0,0,0,45,0,0,45,0,0,0,0,gRNA_CDK7_targ_121_193
Reference,0.23041475,99.76958525,516,479,434,1,433,0,17,2,416,17,0,414,0,0,2,0,gRNA_CDK7_targ_121_194
HDR,0.0,100.0,516,479,43,0,43,0,0,0,43,0,0,43,0,0,0,0,gRNA_CDK7_targ_121_194
Reference,0.23980815,99.76019185,516,479,417,1,416,0,0,2,416,0,0,414,0,0,2,0,gRNA_CDK7_targ_121_195
HDR,0.0,100.0,516,479,45,0,45,0,0,0,45,0,0,45,0,0,0,0,gRNA_CDK7_targ_121_195
Reference,0.23041475,99.76958525,516,479,434,1,433,0,17,2,416,17,0,414,0,0,2,0,gRNA_CDK7_targ_121_196
HDR,0.0,100.0,516,479,44,0,44,0,0,0,44,0,0,44,0,0,0,0,gRNA_CDK7_targ_121_196
Reference,0.23041475,99.76958525,516,479,434,1,433,0,17,2,416,17,0,414,0,0,2,0,gRNA_CDK7_targ_121_197
HDR,0.0,100.0,516,479,44,0,44,0,0,0,44,0,0,44,0,0,0,0,gRNA_CDK7_targ_121_197
Reference,0.23041475,99.76958525,516,479,434,1,433,0,17,2,416,17,0,414,0,0,2,0,gRNA_CDK7_targ_121_198
HDR,0.0,100.0,516,479,44,0,44,0,0,0,44,0,0,44,0,0,0,0,gRNA_CDK7_targ_121_198
Reference,0.23041475,99.76958525,516,479,434,1,433,0,17,2,416,17,0,414,0,0,2,0,gRNA_CDK7_targ_121_199
HDR,2.22222222,97.77777778,516,479,45,1,44,0,0,0,44,0,0,44,0,0,0,0,gRNA_CDK7_targ_121_199
Reference,0.23041475,99.76958525,516,479,434,1,433,0,17,2,416,17,0,414,0,0,2,0,gRNA_CDK7_targ_121_200
HDR,88.88888889,11.11111111,516,479,45,40,5,0,0,0,5,0,0,5,0,0,0,0,gRNA_CDK7_targ_121_200
Reference,28.35978836,71.64021164,1393,1389,945,268,677,0,1,472,223,1,453,204,0,0,19,0,gRNA_CDK7_targ_122_201
HDR,0.0,100.0,1393,1389,432,0,432,0,0,0,432,0,0,432,0,0,0,0,gRNA_CDK7_targ_122_201
Reference,33.96704689,66.03295311,1393,1389,789,268,521,0,1,471,67,1,453,49,0,0,18,0,gRNA_CDK7_targ_122_202
HDR,0.0,100.0,1393,1389,596,0,596,0,0,1,596,0,0,595,0,0,1,0,gRNA_CDK7_targ_122_202
Reference,35.73333333,64.26666667,1393,1389,750,268,482,0,1,470,28,1,453,11,0,0,17,0,gRNA_CDK7_targ_122_203
HDR,0.16722408,99.83277592,1393,1389,598,1,597,0,0,1,597,0,0,596,0,0,1,0,gRNA_CDK7_targ_122_203
Reference,33.92405063,66.07594937,1393,1389,790,268,522,0,1,475,68,1,453,46,0,0,22,0,gRNA_CDK7_targ_122_204
HDR,0.0,100.0,1393,1389,435,0,435,0,0,6,435,0,0,429,0,0,6,0,gRNA_CDK7_targ_122_204
Reference,34.01015228,65.98984772,1393,1389,788,268,520,0,1,474,66,1,453,45,0,0,21,0,gRNA_CDK7_targ_122_205
HDR,0.6833713,99.3166287,1393,1389,439,3,436,0,0,7,436,0,0,429,0,0,7,0,gRNA_CDK7_targ_122_205
Reference,34.01015228,65.98984772,1393,1389,788,268,520,0,1,474,66,1,453,45,0,0,21,0,gRNA_CDK7_targ_122_206
HDR,27.01342282,72.98657718,1393,1389,596,161,435,0,0,1,434,0,1,434,0,0,0,0,gRNA_CDK7_targ_122_206
Reference,33.92405063,66.07594937,1393,1389,790,268,522,0,1,475,68,1,453,46,0,0,22,0,gRNA_CDK7_targ_122_207
HDR,69.11519199,30.88480801,1393,1389,599,414,185,0,0,1,185,0,0,184,0,0,1,0,gRNA_CDK7_targ_122_207
Reference,47.30983302,52.69016698,2108,2108,539,255,284,0,0,0,284,0,0,284,0,0,0,0,gRNA_CDK7_targ_124_208
HDR,91.88900747,8.11099253,2108,2108,937,861,76,0,0,2,74,0,2,74,0,0,0,0,gRNA_CDK7_targ_124_208
Reference,1.99335548,98.00664452,2540,2539,301,6,295,0,0,1,294,0,1,294,0,0,0,0,gRNA_CDK7_targ_125_209
HDR,96.46491698,3.53508302,2540,2539,1867,1801,66,0,1,0,65,1,0,65,0,0,0,0,gRNA_CDK7_targ_125_209
Reference,96.71052632,3.28947368,1515,1515,304,294,10,0,0,0,10,0,0,10,0,0,0,0,gRNA_CDK7_targ_128_210
HDR,96.81050657,3.18949343,1515,1515,1066,1032,34,0,0,0,34,0,0,34,0,0,0,0,gRNA_CDK7_targ_128_210
Reference,100.0,0.0,393,393,2,2,0,0,0,0,0,0,0,0,0,0,0,0,gRNA_CDK7_targ_129_211
HDR,98.46153846,1.53846154,393,393,390,384,6,0,0,0,6,0,0,6,0,0,0,0,gRNA_CDK7_targ_129_211
Reference,46.52014652,53.47985348,2167,2167,273,127,146,0,144,0,8,138,0,2,0,6,0,0,gRNA_CDK7_targ_130_212
HDR,96.98089957,3.01910043,2167,2167,1623,1574,49,0,0,1,48,0,1,48,0,0,0,0,gRNA_CDK7_targ_130_212
Reference,93.87755102,6.12244898,321,321,49,46,3,0,0,0,3,0,0,3,0,0,0,0,gRNA_CDK7_targ_140_213
HDR,94.09594096,5.90405904,321,321,271,255,16,0,0,0,16,0,0,16,0,0,0,0,gRNA_CDK7_targ_140_213
Reference,88.88888889,11.11111111,1105,1105,27,24,3,0,0,0,3,0,0,3,0,0,0,0,gRNA_CDK7_targ_141_214
HDR,96.87795648,3.12204352,1105,1105,1057,1024,33,0,0,0,33,0,0,33,0,0,0,0,gRNA_CDK7_targ_141_214
Reference,100.0,0.0,1019,1019,40,40,0,0,0,0,0,0,0,0,0,0,0,0,gRNA_CDK7_targ_142_215
HDR,97.19626168,2.80373832,1019,1019,642,624,18,0,0,0,18,0,0,18,0,0,0,0,gRNA_CDK7_targ_142_215
Reference,95.34883721,4.65116279,1259,1259,430,410,20,0,1,1,18,1,1,18,0,0,0,0,gRNA_CDK7_targ_144_216
HDR,96.19326501,3.80673499,1259,1259,683,657,26,0,0,2,24,0,2,24,0,0,0,0,gRNA_CDK7_targ_144_216
Reference,88.88888889,11.11111111,1794,1794,9,8,1,0,1,0,0,1,0,0,0,0,0,0,gRNA_CDK7_targ_145_217
HDR,83.0399061,16.9600939,1794,1794,1704,1415,289,0,0,0,289,0,0,289,0,0,0,0,gRNA_CDK7_targ_145_217
Reference,,,691,691,0,0,0,0,0,0,0,0,0,0,0,0,0,0,gRNA_CDK7_targ_146_218
HDR,76.08695652,23.91304348,691,691,690,525,165,0,0,2,163,0,2,163,0,0,0,0,gRNA_CDK7_targ_146_218
Reference,14.54545455,85.45454545,1720,1705,110,16,94,0,2,89,9,0,85,3,0,2,4,0,gRNA_CDK7_targ_147_219
HDR,53.24763194,46.75236806,1720,1705,1478,787,691,0,0,1,690,0,1,690,0,0,0,0,gRNA_CDK7_targ_147_219
Reference,96.91358025,3.08641975,1785,1784,1782,1727,55,0,0,5,50,0,5,50,0,0,0,0,gRNA_CDK7_targ_150_220
HDR,,,1785,1784,0,0,0,0,0,0,0,0,0,0,0,0,0,0,gRNA_CDK7_targ_150_220
Reference,79.58477509,20.41522491,1156,1156,1156,920,236,0,0,211,27,0,209,25,0,0,2,0,gRNA_CDK7_targ_152_221
HDR,,,1156,1156,0,0,0,0,0,0,0,0,0,0,0,0,0,0,gRNA_CDK7_targ_152_221
Reference,79.79184735,20.20815265,1156,1156,1153,920,233,0,0,211,24,0,209,22,0,0,2,0,gRNA_CDK7_targ_152_222
HDR,,,1156,1156,0,0,0,0,0,0,0,0,0,0,0,0,0,0,gRNA_CDK7_targ_152_222
Reference,79.58477509,20.41522491,1156,1156,1156,920,236,0,0,211,27,0,209,25,0,0,2,0,gRNA_CDK7_targ_152_223
HDR,,,1156,1156,0,0,0,0,0,0,0,0,0,0,0,0,0,0,gRNA_CDK7_targ_152_223
Reference,0.94043887,99.05956113,807,806,638,6,632,0,0,139,496,0,136,493,0,0,3,0,gRNA_CDK7_targ_154_224
HDR,0.60240964,99.39759036,807,806,166,1,165,0,0,0,165,0,0,165,0,0,0,0,gRNA_CDK7_targ_154_224
Reference,85.71428571,14.28571429,807,806,7,6,1,0,0,0,1,0,0,1,0,0,0,0,gRNA_CDK7_targ_154_225
HDR,52.76923077,47.23076923,807,806,650,343,307,0,0,1,306,0,1,306,0,0,0,0,gRNA_CDK7_targ_154_225
Reference,3.87096774,96.12903226,807,806,155,6,149,0,0,139,13,0,136,10,0,0,3,0,gRNA_CDK7_targ_154_226
HDR,97.59036145,2.40963855,807,806,166,162,4,0,0,0,4,0,0,4,0,0,0,0,gRNA_CDK7_targ_154_226
Reference,17.4351585,82.5648415,920,920,694,121,573,0,0,0,573,0,0,573,0,0,0,0,gRNA_CDK7_targ_156_227
HDR,0.44247788,99.55752212,920,920,226,1,225,0,0,0,225,0,0,225,0,0,0,0,gRNA_CDK7_targ_156_227
Reference,98.37398374,1.62601626,920,920,123,121,2,0,0,0,2,0,0,2,0,0,0,0,gRNA_CDK7_targ_156_228
HDR,45.8432304,54.1567696,920,920,421,193,228,0,0,0,228,0,0,228,0,0,0,0,gRNA_CDK7_targ_156_228
Reference,24.29718876,75.70281124,920,920,498,121,377,0,0,0,377,0,0,377,0,0,0,0,gRNA_CDK7_targ_156_229
HDR,98.22222222,1.77777778,920,920,225,221,4,0,0,0,4,0,0,4,0,0,0,0,gRNA_CDK7_targ_156_229
Reference,100.0,0.0,463,463,4,4,0,0,0,0,0,0,0,0,0,0,0,0,gRNA_CDK7_targ_157_230
HDR,9.17030568,90.82969432,463,463,458,42,416,0,0,0,416,0,0,416,0,0,0,0,gRNA_CDK7_targ_157_230
Reference,8.69565217,91.30434783,463,463,46,4,42,0,0,0,42,0,0,42,0,0,0,0,gRNA_CDK7_targ_157_231
HDR,0.0,100.0,463,463,250,0,250,0,0,0,250,0,0,250,0,0,0,0,gRNA_CDK7_targ_157_231
Reference,100.0,0.0,463,463,4,4,0,0,0,0,0,0,0,0,0,0,0,0,gRNA_CDK7_targ_157_232
HDR,58.41346154,41.58653846,463,463,416,243,173,0,0,0,173,0,0,173,0,0,0,0,gRNA_CDK7_targ_157_232
Reference,11.91489362,88.08510638,2850,2850,235,28,207,0,50,156,159,48,0,1,0,2,156,0,gRNA_CDK7_targ_161_233
HDR,83.03850156,16.96149844,2850,2850,1922,1596,326,0,0,1,325,0,1,325,0,0,0,0,gRNA_CDK7_targ_161_233
Reference,0.0,100.0,470,470,3,0,3,0,0,0,3,0,0,3,0,0,0,0,gRNA_CDK7_targ_164_234
HDR,0.0,100.0,470,470,465,0,465,0,123,0,465,0,0,342,0,123,0,0,gRNA_CDK7_targ_164_234
Reference,,,470,470,0,0,0,0,0,0,0,0,0,0,0,0,0,0,gRNA_CDK7_targ_164_235
HDR,0.0,100.0,470,470,469,0,469,0,123,1,469,0,0,345,0,123,1,0,gRNA_CDK7_targ_164_235
Reference,0.0,100.0,470,470,450,0,450,0,122,1,450,0,0,327,0,122,1,0,gRNA_CDK7_targ_164_236
HDR,0.0,100.0,470,470,14,0,14,0,1,0,14,0,0,13,0,1,0,0,gRNA_CDK7_targ_164_236
Reference,,,470,470,0,0,0,0,0,0,0,0,0,0,0,0,0,0,gRNA_CDK7_targ_164_237
HDR,3.85438972,96.14561028,470,470,467,18,449,0,123,1,334,115,0,325,0,8,1,0,gRNA_CDK7_targ_164_237
Reference,0.0,100.0,470,470,4,0,4,0,0,0,4,0,0,4,0,0,0,0,gRNA_CDK7_targ_164_238
HDR,0.0,100.0,470,470,21,0,21,0,2,1,20,0,0,19,1,1,0,0,gRNA_CDK7_targ_164_238
Reference,0.0,100.0,470,470,1,0,1,0,0,0,1,0,0,1,0,0,0,0,gRNA_CDK7_targ_164_239
HDR,0.0,100.0,470,470,20,0,20,0,1,0,20,0,0,19,0,1,0,0,gRNA_CDK7_targ_164_239
Reference,0.0,100.0,470,470,3,0,3,0,0,0,3,0,0,3,0,0,0,0,gRNA_CDK7_targ_164_240
HDR,0.0,100.0,470,470,464,0,464,0,123,0,463,1,0,341,0,122,0,0,gRNA_CDK7_targ_164_240
Reference,10.37099494,89.62900506,2484,2484,2372,246,2126,0,6,1,2123,2,1,2119,0,4,0,0,gRNA_CDK7_targ_165_241
HDR,5.88235294,94.11764706,2484,2484,17,1,16,0,0,0,16,0,0,16,0,0,0,0,gRNA_CDK7_targ_165_241
Reference,88.80866426,11.19133574,2484,2484,277,246,31,0,3,1,28,2,1,27,0,1,0,0,gRNA_CDK7_targ_165_242
HDR,0.0,100.0,2484,2484,2020,0,2020,0,1,0,2019,1,0,2019,0,0,0,0,gRNA_CDK7_targ_165_242
Reference,92.83018868,7.16981132,2484,2484,265,246,19,0,2,1,16,2,1,16,0,0,0,0,gRNA_CDK7_targ_165_243
HDR,0.45126354,99.54873646,2484,2484,2216,10,2206,0,3,0,2203,3,0,2203,0,0,0,0,gRNA_CDK7_targ_165_243
Reference,64.39790576,35.60209424,2484,2484,382,246,136,0,4,1,133,2,1,131,0,2,0,0,gRNA_CDK7_targ_165_244
HDR,0.0,100.0,2484,2484,30,0,30,0,0,0,30,0,0,30,0,0,0,0,gRNA_CDK7_targ_165_244
Reference,92.13483146,7.86516854,2484,2484,267,246,21,0,3,1,18,2,1,17,0,1,0,0,gRNA_CDK7_targ_165_245
HDR,0.0,100.0,2484,2484,110,0,110,0,0,0,110,0,0,110,0,0,0,0,gRNA_CDK7_targ_165_245
Reference,92.83018868,7.16981132,2484,2484,265,246,19,0,2,1,16,2,1,16,0,0,0,0,gRNA_CDK7_targ_165_246
HDR,84.07441016,15.92558984,2484,2484,2204,1853,351,0,3,0,348,3,0,348,0,0,0,0,gRNA_CDK7_targ_165_246
Reference,87.85714286,12.14285714,2484,2484,280,246,34,0,3,1,31,2,1,30,0,1,0,0,gRNA_CDK7_targ_165_247
HDR,0.71496663,99.28503337,2484,2484,2098,15,2083,0,0,0,2083,0,0,2083,0,0,0,0,gRNA_CDK7_targ_165_247
Reference,19.20980926,80.79019074,3459,3459,2936,564,2372,0,0,0,2372,0,0,2372,0,0,0,0,gRNA_CDK7_targ_166_248
HDR,0.0,100.0,3459,3459,516,0,516,0,0,1,516,0,0,515,0,0,1,0,gRNA_CDK7_targ_166_248
Reference,97.91666667,2.08333333,3459,3459,576,564,12,0,0,0,12,0,0,12,0,0,0,0,gRNA_CDK7_targ_166_249
HDR,79.14494265,20.85505735,3459,3459,2877,2277,600,0,0,2,600,0,0,598,0,0,2,0,gRNA_CDK7_targ_166_249
Reference,97.07401033,2.92598967,3459,3459,581,564,17,0,0,0,17,0,0,17,0,0,0,0,gRNA_CDK7_targ_166_250
HDR,96.92898273,3.07101727,3459,3459,521,505,16,0,0,1,15,0,1,15,0,0,0,0,gRNA_CDK7_targ_166_250
Reference,93.13304721,6.86695279,5007,5005,233,217,16,0,0,0,16,0,0,16,0,0,0,0,gRNA_CDK7_targ_167_251
HDR,27.25095785,72.74904215,5007,5005,4176,1138,3038,0,8,3,3036,1,1,3027,0,7,2,0,gRNA_CDK7_targ_167_251
Reference,98.2547993,1.7452007,4259,4259,573,563,10,0,0,2,8,0,2,8,0,0,0,0,gRNA_CDK7_targ_168_252
HDR,72.86911297,27.13088703,4259,4259,3461,2522,939,0,0,7,934,0,5,932,0,0,2,0,gRNA_CDK7_targ_168_252
Reference,38.75,61.25,2911,2910,240,93,147,0,1,0,147,0,0,146,0,1,0,0,gRNA_CDK7_targ_170_253
HDR,0.0,100.0,2911,2910,2336,0,2336,0,1,4,2336,0,0,2331,0,1,4,0,gRNA_CDK7_targ_170_253
Reference,63.69863014,36.30136986,2911,2910,146,93,53,0,1,0,53,0,0,52,0,1,0,0,gRNA_CDK7_targ_170_254
HDR,3.36956522,96.63043478,2911,2910,2760,93,2667,0,197,4,2485,182,0,2466,0,15,4,0,gRNA_CDK7_targ_170_254
Reference,63.26530612,36.73469388,2911,2910,147,93,54,0,1,0,54,0,0,53,0,1,0,0,gRNA_CDK7_targ_170_255
HDR,84.38202247,15.61797753,2911,2910,2670,2253,417,0,197,4,231,182,4,216,0,15,0,0,gRNA_CDK7_targ_170_255
Reference,97.61904762,2.38095238,227,227,42,41,1,0,0,0,1,0,0,1,0,0,0,0,gRNA_CDK7_targ_171_256
HDR,97.83783784,2.16216216,227,227,185,181,4,0,0,0,4,0,0,4,0,0,0,0,gRNA_CDK7_targ_171_256
Reference,13.7295082,86.2704918,1418,1418,488,67,421,0,0,1,421,0,0,420,0,0,1,0,gRNA_CDK7_targ_173_257
HDR,59.69827586,40.30172414,1418,1418,928,554,374,0,0,160,218,0,156,214,0,0,4,0,gRNA_CDK7_targ_173_257
Reference,50.0,50.0,441,441,4,2,2,0,0,0,2,0,0,2,0,0,0,0,gRNA_CDK7_targ_176_258
HDR,51.53664303,48.46335697,441,441,423,218,205,0,0,0,205,0,0,205,0,0,0,0,gRNA_CDK7_targ_176_258
Reference,30.6122449,69.3877551,120,120,98,30,68,0,0,0,68,0,0,68,0,0,0,0,gRNA_CDK7_targ_177_259
HDR,9.09090909,90.90909091,120,120,22,2,20,0,0,0,20,0,0,20,0,0,0,0,gRNA_CDK7_targ_177_259
Reference,97.77777778,2.22222222,549,549,45,44,1,0,0,0,1,0,0,1,0,0,0,0,gRNA_CDK7_targ_178_260
HDR,2.38568588,97.61431412,549,549,503,12,491,0,0,16,475,0,16,475,0,0,0,0,gRNA_CDK7_targ_178_260
Reference,78.57142857,21.42857143,549,549,56,44,12,0,0,0,12,0,0,12,0,0,0,0,gRNA_CDK7_targ_178_261
HDR,0.0,100.0,549,549,476,0,476,0,0,0,476,0,0,476,0,0,0,0,gRNA_CDK7_targ_178_261
Reference,97.77777778,2.22222222,549,549,45,44,1,0,0,0,1,0,0,1,0,0,0,0,gRNA_CDK7_targ_178_262
HDR,1.2195122,98.7804878,549,549,492,6,486,0,0,16,470,0,16,470,0,0,0,0,gRNA_CDK7_targ_178_262
Reference,75.10373444,24.89626556,1502,1502,241,181,60,0,57,0,5,55,0,3,0,2,0,0,gRNA_CDK7_targ_179_263
HDR,96.87212511,3.12787489,1502,1502,1087,1053,34,0,0,0,34,0,0,34,0,0,0,0,gRNA_CDK7_targ_179_263
Reference,23.45717884,76.54282116,3948,3948,3176,745,2431,0,113,0,2349,82,0,2318,0,31,0,0,gRNA_CDK7_targ_180_264
HDR,18.10918775,81.89081225,3948,3948,751,136,615,0,0,0,615,0,0,615,0,0,0,0,gRNA_CDK7_targ_180_264
Reference,100.0,0.0,449,449,19,19,0,0,0,0,0,0,0,0,0,0,0,0,gRNA_CDK7_targ_181_265
HDR,97.31182796,2.68817204,449,449,372,362,10,0,0,0,10,0,0,10,0,0,0,0,gRNA_CDK7_targ_181_265
Reference,100.0,0.0,39,39,2,2,0,0,0,0,0,0,0,0,0,0,0,0,gRNA_CDK7_targ_182_266
HDR,100.0,0.0,39,39,28,28,0,0,0,0,0,0,0,0,0,0,0,0,gRNA_CDK7_targ_182_266
Reference,100.0,0.0,1007,1007,3,3,0,0,0,0,0,0,0,0,0,0,0,0,gRNA_CDK7_targ_184_267
HDR,13.55932203,86.44067797,1007,1007,826,112,714,0,0,0,714,0,0,714,0,0,0,0,gRNA_CDK7_targ_184_267
Reference,1.03448276,98.96551724,1007,1007,290,3,287,0,0,0,287,0,0,287,0,0,0,0,gRNA_CDK7_targ_184_268
HDR,0.0,100.0,1007,1007,701,0,701,0,0,0,701,0,0,701,0,0,0,0,gRNA_CDK7_targ_184_268
Reference,1.69491525,98.30508475,1007,1007,177,3,174,0,0,0,174,0,0,174,0,0,0,0,gRNA_CDK7_targ_184_269
HDR,94.68531469,5.31468531,1007,1007,715,677,38,0,0,0,38,0,0,38,0,0,0,0,gRNA_CDK7_targ_184_269
Reference,86.11111111,13.88888889,185,185,108,93,15,0,2,0,13,2,0,13,0,0,0,0,gRNA_CDK7_targ_185_270
HDR,0.0,100.0,185,185,73,0,73,0,0,0,73,0,0,73,0,0,0,0,gRNA_CDK7_targ_185_270
Reference,87.73584906,12.26415094,185,185,106,93,13,0,2,0,11,2,0,11,0,0,0,0,gRNA_CDK7_targ_185_271
HDR,0.0,100.0,185,185,77,0,77,0,0,0,77,0,0,77,0,0,0,0,gRNA_CDK7_targ_185_271
Reference,86.11111111,13.88888889,185,185,108,93,15,0,2,0,13,2,0,13,0,0,0,0,gRNA_CDK7_targ_185_272
HDR,81.81818182,18.18181818,185,185,77,63,14,0,0,0,14,0,0,14,0,0,0,0,gRNA_CDK7_targ_185_272
Reference,22.29639519,77.70360481,2520,2498,1498,334,1164,0,197,948,972,191,1,19,0,6,947,0,gRNA_CDK7_targ_186_273
HDR,83.64688857,16.35311143,2520,2498,691,578,113,0,0,1,113,0,0,112,0,0,1,0,gRNA_CDK7_targ_186_273
Reference,90.90909091,9.09090909,1504,1504,77,70,7,0,0,1,6,0,1,6,0,0,0,0,gRNA_CDK7_targ_187_274
HDR,96.215781,3.784219,1504,1504,1242,1195,47,0,0,0,47,0,0,47,0,0,0,0,gRNA_CDK7_targ_187_274
Reference,0.32894737,99.67105263,1012,969,608,2,606,0,0,0,606,0,0,606,0,0,0,0,gRNA_CDK7_targ_188_275
HDR,0.0,100.0,1012,969,359,0,359,0,0,0,359,0,0,359,0,0,0,0,gRNA_CDK7_targ_188_275
Reference,50.0,50.0,1012,969,4,2,2,0,0,0,2,0,0,2,0,0,0,0,gRNA_CDK7_targ_188_276
HDR,0.10362694,99.89637306,1012,969,965,1,964,0,0,0,964,0,0,964,0,0,0,0,gRNA_CDK7_targ_188_276
Reference,66.66666667,33.33333333,1012,969,3,2,1,0,0,0,1,0,0,1,0,0,0,0,gRNA_CDK7_targ_188_277
HDR,0.0,100.0,1012,969,962,0,962,0,0,0,962,0,0,962,0,0,0,0,gRNA_CDK7_targ_188_277
Reference,50.0,50.0,1012,969,4,2,2,0,0,0,2,0,0,2,0,0,0,0,gRNA_CDK7_targ_188_278
HDR,0.0,100.0,1012,969,361,0,361,0,0,0,361,0,0,361,0,0,0,0,gRNA_CDK7_targ_188_278
Reference,33.33333333,66.66666667,1012,969,6,2,4,0,0,0,4,0,0,4,0,0,0,0,gRNA_CDK7_targ_188_279
HDR,0.0,100.0,1012,969,361,0,361,0,0,0,361,0,0,361,0,0,0,0,gRNA_CDK7_targ_188_279
Reference,50.0,50.0,1012,969,4,2,2,0,0,0,2,0,0,2,0,0,0,0,gRNA_CDK7_targ_188_280
HDR,61.41078838,38.58921162,1012,969,964,592,372,0,0,0,372,0,0,372,0,0,0,0,gRNA_CDK7_targ_188_280
Reference,40.0,60.0,1012,969,5,2,3,0,0,0,3,0,0,3,0,0,0,0,gRNA_CDK7_targ_188_281
HDR,36.03322949,63.96677051,1012,969,963,347,616,0,0,0,616,0,0,616,0,0,0,0,gRNA_CDK7_targ_188_281
Reference,89.18469218,10.81530782,1911,1910,601,536,65,0,0,0,65,0,0,65,0,0,0,0,gRNA_CDK7_targ_189_282
HDR,0.0,100.0,1911,1910,1286,0,1286,0,0,0,1286,0,0,1286,0,0,0,0,gRNA_CDK7_targ_189_282
Reference,90.69373942,9.30626058,1911,1910,591,536,55,0,0,0,55,0,0,55,0,0,0,0,gRNA_CDK7_targ_189_283
HDR,0.0,100.0,1911,1910,1298,0,1298,0,0,0,1298,0,0,1298,0,0,0,0,gRNA_CDK7_targ_189_283
Reference,90.69373942,9.30626058,1911,1910,591,536,55,0,0,0,55,0,0,55,0,0,0,0,gRNA_CDK7_targ_189_284
HDR,94.09479409,5.90520591,1911,1910,1287,1211,76,0,0,0,76,0,0,76,0,0,0,0,gRNA_CDK7_targ_189_284
Reference,6.87022901,93.12977099,1219,1219,917,63,854,0,31,0,826,28,0,823,0,3,0,0,gRNA_CDK7_targ_190_285
HDR,0.0,100.0,1219,1219,300,0,300,0,0,0,300,0,0,300,0,0,0,0,gRNA_CDK7_targ_190_285
Reference,20.86092715,79.13907285,1219,1219,302,63,239,0,31,0,211,28,0,208,0,3,0,0,gRNA_CDK7_targ_190_286
HDR,39.10186199,60.89813801,1219,1219,913,357,556,0,0,0,556,0,0,556,0,0,0,0,gRNA_CDK7_targ_190_286
Reference,7.90464241,92.09535759,1219,1219,797,63,734,0,30,0,707,27,0,704,0,3,0,0,gRNA_CDK7_targ_190_287
HDR,0.0,100.0,1219,1219,419,0,419,0,0,0,419,0,0,419,0,0,0,0,gRNA_CDK7_targ_190_287
Reference,20.58823529,79.41176471,1219,1219,306,63,243,0,31,0,215,28,0,212,0,3,0,0,gRNA_CDK7_targ_190_288
HDR,0.0,100.0,1219,1219,302,0,302,0,0,0,302,0,0,302,0,0,0,0,gRNA_CDK7_targ_190_288
Reference,7.89473684,92.10526316,1219,1219,798,63,735,0,31,0,707,28,0,704,0,3,0,0,gRNA_CDK7_targ_190_289
HDR,0.0,100.0,1219,1219,299,0,299,0,0,0,299,0,0,299,0,0,0,0,gRNA_CDK7_targ_190_289
Reference,20.72368421,79.27631579,1219,1219,304,63,241,0,30,0,214,27,0,211,0,3,0,0,gRNA_CDK7_targ_190_290
HDR,28.26603325,71.73396675,1219,1219,421,119,302,0,0,0,302,0,0,302,0,0,0,0,gRNA_CDK7_targ_190_290
Reference,7.9245283,92.0754717,1219,1219,795,63,732,0,31,0,704,28,0,701,0,3,0,0,gRNA_CDK7_targ_190_291
HDR,69.52380952,30.47619048,1219,1219,420,292,128,0,0,0,128,0,0,128,0,0,0,0,gRNA_CDK7_targ_190_291
Reference,95.56451613,4.43548387,1473,1473,248,237,11,0,4,1,6,4,1,6,0,0,0,0,gRNA_CDK7_targ_195_292
HDR,96.92460317,3.07539683,1473,1473,1008,977,31,0,1,1,29,1,1,29,0,0,0,0,gRNA_CDK7_targ_195_292
Reference,100.0,0.0,800,800,51,51,0,0,0,0,0,0,0,0,0,0,0,0,gRNA_CDK7_targ_196_293
HDR,80.05354752,19.94645248,800,800,747,598,149,0,0,2,148,0,1,147,0,0,1,0,gRNA_CDK7_targ_196_293
Reference,0.0,100.0,6153,6152,588,0,588,0,151,114,588,0,0,323,0,151,114,0,gRNA_CDK7_targ_197_294
HDR,0.0,100.0,6153,6152,5337,0,5337,0,409,126,4934,399,4,4802,0,10,122,0,gRNA_CDK7_targ_197_294
Reference,0.0,100.0,6153,6152,421,0,421,0,410,6,421,0,0,5,0,410,6,0,gRNA_CDK7_targ_197_295
HDR,0.10729614,99.89270386,6153,6152,5592,6,5586,0,150,229,5459,127,0,5207,0,23,229,0,gRNA_CDK7_targ_197_295
Reference,0.0,100.0,6153,6152,1307,0,1307,0,555,7,1307,0,0,745,0,555,7,0,gRNA_CDK7_targ_197_296
HDR,0.0,100.0,6153,6152,4597,0,4597,0,1,114,4597,0,0,4482,0,1,114,0,gRNA_CDK7_targ_197_296
Reference,0.0,100.0,6153,6152,2,0,2,0,1,0,2,0,0,1,0,1,0,0,gRNA_CDK7_targ_197_297
HDR,4.78413069,95.21586931,6153,6152,5142,246,4896,0,0,120,4891,0,5,4776,0,0,115,0,gRNA_CDK7_targ_197_297
Reference,0.0,100.0,6153,6152,391,0,391,0,150,115,391,0,0,126,0,150,115,0,gRNA_CDK7_targ_197_298
HDR,0.06621055,99.93378945,6153,6152,4531,3,4528,0,3,121,4522,0,6,4404,0,3,115,0,gRNA_CDK7_targ_197_298
Reference,0.0,100.0,6153,6152,423,0,423,0,410,11,423,0,0,2,0,410,11,0,gRNA_CDK7_targ_197_299
HDR,4.01490066,95.98509934,6153,6152,4832,194,4638,0,2,229,4637,1,0,4407,0,1,229,0,gRNA_CDK7_targ_197_299
Reference,0.0,100.0,6153,6152,688,0,688,0,555,8,688,0,0,125,0,555,8,0,gRNA_CDK7_targ_197_300
HDR,70.11235955,29.88764045,6153,6152,5340,3744,1596,0,1,116,1486,0,110,1479,0,1,6,0,gRNA_CDK7_targ_197_300
Reference,76.92307692,23.07692308,504,504,13,10,3,0,0,0,3,0,0,3,0,0,0,0,gRNA_CDK7_targ_198_301
HDR,0.0,100.0,504,504,403,0,403,0,0,0,403,0,0,403,0,0,0,0,gRNA_CDK7_targ_198_301
Reference,58.82352941,41.17647059,504,504,17,10,7,0,0,0,7,0,0,7,0,0,0,0,gRNA_CDK7_targ_198_302
HDR,0.0,100.0,504,504,351,0,351,0,0,0,351,0,0,351,0,0,0,0,gRNA_CDK7_targ_198_302
Reference,58.82352941,41.17647059,504,504,17,10,7,0,0,0,7,0,0,7,0,0,0,0,gRNA_CDK7_targ_198_303
HDR,0.61601643,99.38398357,504,504,487,3,484,0,0,0,484,0,0,484,0,0,0,0,gRNA_CDK7_targ_198_303
Reference,1.34228188,98.65771812,2832,2832,149,2,147,0,41,92,147,0,0,14,0,41,92,0,gRNA_CDK7_targ_199_304
HDR,23.09261526,76.90738474,2832,2832,2451,566,1885,0,927,0,973,912,0,958,0,15,0,0,gRNA_CDK7_targ_199_304
Reference,65.15151515,34.84848485,2984,2967,66,43,23,0,1,0,23,0,0,22,0,1,0,0,gRNA_CDK7_targ_200_305
HDR,0.0,100.0,2984,2967,2858,0,2858,0,0,0,2858,0,0,2858,0,0,0,0,gRNA_CDK7_targ_200_305
Reference,87.75510204,12.24489796,2984,2967,49,43,6,0,0,0,6,0,0,6,0,0,0,0,gRNA_CDK7_targ_200_306
HDR,0.54132082,99.45867918,2984,2967,2771,15,2756,0,0,1,2755,0,1,2755,0,0,0,0,gRNA_CDK7_targ_200_306
Reference,86.0,14.0,2984,2967,50,43,7,0,1,0,7,0,0,6,0,1,0,0,gRNA_CDK7_targ_200_307
HDR,78.16488444,21.83511556,2984,2967,2899,2266,633,0,0,0,633,0,0,633,0,0,0,0,gRNA_CDK7_targ_200_307
Reference,65.56442417,34.43557583,2275,2275,1754,1150,604,0,0,0,604,0,0,604,0,0,0,0,gRNA_CDK7_targ_201_308
HDR,1.9138756,98.0861244,2275,2275,209,4,205,0,0,0,205,0,0,205,0,0,0,0,gRNA_CDK7_targ_201_308
Reference,61.39882541,38.60117459,2275,2275,1873,1150,723,0,0,0,723,0,0,723,0,0,0,0,gRNA_CDK7_targ_201_309
HDR,46.95431472,53.04568528,2275,2275,394,185,209,0,0,0,209,0,0,209,0,0,0,0,gRNA_CDK7_targ_201_309
Reference,61.30063966,38.69936034,2275,2275,1876,1150,726,0,0,0,726,0,0,726,0,0,0,0,gRNA_CDK7_targ_201_310
HDR,0.48780488,99.51219512,2275,2275,205,1,204,0,0,0,204,0,0,204,0,0,0,0,gRNA_CDK7_targ_201_310
Reference,30.66666667,69.33333333,3042,3041,300,92,208,0,0,0,208,0,0,208,0,0,0,0,gRNA_CDK7_targ_202_311
HDR,65.41244573,34.58755427,3042,3041,2073,1356,717,0,0,1,716,0,1,716,0,0,0,0,gRNA_CDK7_targ_202_311
Reference,26.98412698,73.01587302,2165,2143,315,85,230,0,220,0,13,217,0,10,0,3,0,0,gRNA_CDK7_targ_203_312
HDR,0.06293266,99.93706734,2165,2143,1589,1,1588,0,190,1,1588,0,0,1397,0,190,1,0,gRNA_CDK7_targ_203_312
Reference,6.09233698,93.90766302,3265,3265,2101,128,1973,0,3,87,1971,1,1,1883,0,2,86,0,gRNA_CDK7_targ_204_313
HDR,11.6636528,88.3363472,3265,3265,1106,129,977,0,1,1,977,0,0,975,0,1,1,0,gRNA_CDK7_targ_204_313
Reference,36.26062323,63.73937677,3265,3265,353,128,225,0,2,87,223,1,1,136,0,1,86,0,gRNA_CDK7_targ_204_314
HDR,36.10053313,63.89946687,3265,3265,2626,948,1678,0,2,1,1677,1,0,1675,0,1,1,0,gRNA_CDK7_targ_204_314
Reference,32.40506329,67.59493671,3265,3265,395,128,267,0,2,87,265,1,1,178,0,1,86,0,gRNA_CDK7_targ_204_315
HDR,33.98058252,66.01941748,3265,3265,1030,350,680,0,1,1,679,1,0,678,0,0,1,0,gRNA_CDK7_targ_204_315
Reference,8.46905537,91.53094463,1960,1960,921,78,843,0,0,0,843,0,0,843,0,0,0,0,gRNA_CDK7_targ_205_316
HDR,0.0,100.0,1960,1960,966,0,966,0,0,1,966,0,0,965,0,0,1,0,gRNA_CDK7_targ_205_316
Reference,3.48027842,96.51972158,2258,2258,1293,45,1248,0,1,1,1247,1,0,1246,0,0,1,0,gRNA_CDK7_targ_206_317
HDR,3.4261242,96.5738758,2258,2258,934,32,902,0,0,0,902,0,0,902,0,0,0,0,gRNA_CDK7_targ_206_317
Reference,18.0,82.0,2258,2258,250,45,205,0,1,1,204,1,0,203,0,0,1,0,gRNA_CDK7_targ_206_318
HDR,62.1483376,37.8516624,2258,2258,1955,1215,740,0,0,0,740,0,0,740,0,0,0,0,gRNA_CDK7_targ_206_318
Reference,56.96202532,43.03797468,2258,2258,79,45,34,0,1,1,33,1,0,32,0,0,1,0,gRNA_CDK7_targ_206_319
HDR,87.00787402,12.99212598,2258,2258,762,663,99,0,0,0,99,0,0,99,0,0,0,0,gRNA_CDK7_targ_206_319
Reference,95.95959596,4.04040404,1318,1318,198,190,8,0,0,0,8,0,0,8,0,0,0,0,gRNA_CDK7_targ_207_320
HDR,0.21574973,99.78425027,1318,1318,927,2,925,0,0,1,925,0,0,924,0,0,1,0,gRNA_CDK7_targ_207_320
Reference,49.22279793,50.77720207,1318,1318,386,190,196,0,99,0,99,97,0,97,0,2,0,0,gRNA_CDK7_targ_207_321
HDR,0.10752688,99.89247312,1318,1318,930,1,929,0,0,1,929,0,0,928,0,0,1,0,gRNA_CDK7_targ_207_321
Reference,49.47916667,50.52083333,1318,1318,384,190,194,0,99,0,97,97,0,95,0,2,0,0,gRNA_CDK7_targ_207_322
HDR,66.63078579,33.36921421,1318,1318,929,619,310,0,0,1,310,0,0,309,0,0,1,0,gRNA_CDK7_targ_207_322
Reference,80.6122449,19.3877551,506,506,98,79,19,0,18,0,19,0,0,1,0,18,0,0,gRNA_CDK7_targ_208_323
HDR,0.52770449,99.47229551,506,506,379,2,377,0,0,0,377,0,0,377,0,0,0,0,gRNA_CDK7_targ_208_323
Reference,71.81818182,28.18181818,506,506,110,79,31,0,0,0,31,0,0,31,0,0,0,0,gRNA_CDK7_targ_208_324
HDR,0.0,100.0,506,506,378,0,378,0,0,0,378,0,0,378,0,0,0,0,gRNA_CDK7_targ_208_324
Reference,62.6984127,37.3015873,506,506,126,79,47,0,18,0,47,0,0,29,0,18,0,0,gRNA_CDK7_targ_208_325
HDR,88.88888889,11.11111111,506,506,378,336,42,0,0,0,42,0,0,42,0,0,0,0,gRNA_CDK7_targ_208_325
Reference,92.64705882,7.35294118,89,89,68,63,5,0,0,0,5,0,0,5,0,0,0,0,gRNA_CDK7_targ_211_326
HDR,65.0,35.0,89,89,20,13,7,0,0,0,7,0,0,7,0,0,0,0,gRNA_CDK7_targ_211_326
Reference,32.78278278,67.21721722,2199,2191,1998,655,1343,0,159,132,1092,122,129,1052,0,37,3,0,gRNA_CDK7_targ_212_327
HDR,13.97849462,86.02150538,2199,2191,186,26,160,0,0,0,160,0,0,160,0,0,0,0,gRNA_CDK7_targ_212_327
Reference,57.60773967,42.39226033,2199,2191,1137,655,482,0,160,0,360,122,0,322,0,38,0,0,gRNA_CDK7_targ_212_328
HDR,55.53633218,44.46366782,2199,2191,578,321,257,0,0,0,257,0,0,257,0,0,0,0,gRNA_CDK7_targ_212_328
Reference,41.3510101,58.6489899,2199,2191,1584,655,929,0,160,132,678,122,129,637,0,38,3,0,gRNA_CDK7_targ_212_329
HDR,87.65432099,12.34567901,2199,2191,162,142,20,0,0,0,20,0,0,20,0,0,0,0,gRNA_CDK7_targ_212_329
Reference,29.07949791,70.92050209,861,861,478,139,339,0,0,1,338,0,1,338,0,0,0,0,gRNA_CDK7_targ_213_330
HDR,0.26246719,99.73753281,861,861,381,1,380,0,0,0,380,0,0,380,0,0,0,0,gRNA_CDK7_targ_213_330
Reference,97.88732394,2.11267606,861,861,142,139,3,0,0,1,2,0,1,2,0,0,0,0,gRNA_CDK7_targ_213_331
HDR,32.69896194,67.30103806,861,861,578,189,389,0,0,0,389,0,0,389,0,0,0,0,gRNA_CDK7_targ_213_331
Reference,49.29078014,50.70921986,861,861,282,139,143,0,0,1,142,0,1,142,0,0,0,0,gRNA_CDK7_targ_213_332
HDR,58.90052356,41.09947644,861,861,382,225,157,0,0,0,157,0,0,157,0,0,0,0,gRNA_CDK7_targ_213_332
Reference,97.09302326,2.90697674,553,553,172,167,5,0,0,0,5,0,0,5,0,0,0,0,gRNA_CDK7_targ_214_333
HDR,95.52631579,4.47368421,553,553,380,363,17,0,0,0,17,0,0,17,0,0,0,0,gRNA_CDK7_targ_214_333
Reference,98.11912226,1.88087774,688,688,319,313,6,0,0,0,6,0,0,6,0,0,0,0,gRNA_CDK7_targ_215_334
HDR,96.74796748,3.25203252,688,688,369,357,12,0,0,1,11,0,1,11,0,0,0,0,gRNA_CDK7_targ_215_334
Reference,87.5,12.5,392,392,8,7,1,0,1,0,0,1,0,0,0,0,0,0,gRNA_CDK7_targ_220_335
HDR,40.70080863,59.29919137,392,392,371,151,220,0,0,0,220,0,0,220,0,0,0,0,gRNA_CDK7_targ_220_335
Reference,49.91253644,50.08746356,2493,2465,1715,856,859,0,80,3,779,80,0,776,0,0,3,0,gRNA_CDK7_targ_221_336
HDR,8.88290713,91.11709287,2493,2465,743,66,677,0,0,1,676,0,1,676,0,0,0,0,gRNA_CDK7_targ_221_336
Reference,100.0,0.0,824,824,6,6,0,0,0,0,0,0,0,0,0,0,0,0,gRNA_CDK7_targ_222_337
HDR,0.0,100.0,824,824,728,0,728,0,0,0,728,0,0,728,0,0,0,0,gRNA_CDK7_targ_222_337
Reference,85.71428571,14.28571429,824,824,7,6,1,0,0,0,1,0,0,1,0,0,0,0,gRNA_CDK7_targ_222_338
HDR,0.0,100.0,824,824,727,0,727,0,0,0,727,0,0,727,0,0,0,0,gRNA_CDK7_targ_222_338
Reference,100.0,0.0,824,824,6,6,0,0,0,0,0,0,0,0,0,0,0,0,gRNA_CDK7_targ_222_339
HDR,84.61538462,15.38461538,824,824,728,616,112,0,0,0,112,0,0,112,0,0,0,0,gRNA_CDK7_targ_222_339
Reference,95.58823529,4.41176471,68,68,68,65,3,0,0,0,3,0,0,3,0,0,0,0,gRNA_CDK7_targ_224_340
HDR,,,68,68,0,0,0,0,0,0,0,0,0,0,0,0,0,0,gRNA_CDK7_targ_224_340
Reference,7.2265625,92.7734375,1087,1082,512,37,475,0,155,0,474,1,0,320,0,154,0,0,gRNA_CDK7_targ_227_341
HDR,0.0,100.0,1087,1082,565,0,565,0,0,0,565,0,0,565,0,0,0,0,gRNA_CDK7_targ_227_341
Reference,14.56692913,85.43307087,1087,1082,254,37,217,0,151,0,216,1,0,66,0,150,0,0,gRNA_CDK7_targ_227_342
HDR,0.12135922,99.87864078,1087,1082,824,1,823,0,1,0,823,0,0,822,0,1,0,0,gRNA_CDK7_targ_227_342
Reference,19.47368421,80.52631579,1087,1082,190,37,153,0,151,0,152,1,0,2,0,150,0,0,gRNA_CDK7_targ_227_343
HDR,13.43873518,86.56126482,1087,1082,506,68,438,0,1,0,438,0,0,437,0,1,0,0,gRNA_CDK7_targ_227_343
Reference,80.0,20.0,2667,2667,120,96,24,0,0,1,23,0,1,23,0,0,0,0,gRNA_CDK7_targ_228_344
HDR,4.35483871,95.64516129,2667,2667,2480,108,2372,0,0,0,2372,0,0,2372,0,0,0,0,gRNA_CDK7_targ_228_344
Reference,32.54237288,67.45762712,2667,2667,295,96,199,0,20,1,182,16,1,178,0,4,0,0,gRNA_CDK7_targ_228_345
HDR,0.0,100.0,2667,2667,2371,0,2371,0,0,0,2371,0,0,2371,0,0,0,0,gRNA_CDK7_targ_228_345
Reference,52.74725275,47.25274725,2667,2667,182,96,86,0,20,1,69,16,1,65,0,4,0,0,gRNA_CDK7_targ_228_346
HDR,30.36693378,69.63306622,2667,2667,2371,720,1651,0,0,0,1651,0,0,1651,0,0,0,0,gRNA_CDK7_targ_228_346
Reference,5.82695703,94.17304297,3584,3584,3398,198,3200,0,1,1,3200,0,0,3198,0,1,1,0,gRNA_CDK7_targ_229_347
HDR,0.0,100.0,3584,3584,175,0,175,0,0,0,175,0,0,175,0,0,0,0,gRNA_CDK7_targ_229_347
Reference,95.19230769,4.80769231,3584,3584,208,198,10,0,0,0,10,0,0,10,0,0,0,0,gRNA_CDK7_targ_229_348
HDR,23.77991918,76.22008082,3584,3584,3217,765,2452,0,1,2,2450,1,1,2449,0,0,1,0,gRNA_CDK7_targ_229_348
Reference,14.7102526,85.2897474,3584,3584,1346,198,1148,0,1,0,1148,0,0,1147,0,1,0,0,gRNA_CDK7_targ_229_349
HDR,0.0,100.0,3584,3584,2217,0,2217,0,0,1,2217,0,0,2216,0,0,1,0,gRNA_CDK7_targ_229_349
Reference,54.09836066,45.90163934,3584,3584,366,198,168,0,0,0,168,0,0,168,0,0,0,0,gRNA_CDK7_targ_229_350
HDR,0.0,100.0,3584,3584,185,0,185,0,0,1,184,0,1,184,0,0,0,0,gRNA_CDK7_targ_229_350
Reference,16.3231657,83.6768343,3584,3584,1213,198,1015,0,1,1,1015,0,0,1013,0,1,1,0,gRNA_CDK7_targ_229_351
HDR,0.0,100.0,3584,3584,27,0,27,0,0,0,27,0,0,27,0,0,0,0,gRNA_CDK7_targ_229_351
Reference,54.09836066,45.90163934,3584,3584,366,198,168,0,0,0,168,0,0,168,0,0,0,0,gRNA_CDK7_targ_229_352
HDR,81.11856823,18.88143177,3584,3584,2235,1813,422,0,0,1,421,0,1,421,0,0,0,0,gRNA_CDK7_targ_229_352
Reference,16.62468514,83.37531486,3584,3584,1191,198,993,0,1,0,993,0,0,992,0,1,0,0,gRNA_CDK7_targ_229_353
HDR,0.88570224,99.11429776,3584,3584,2371,21,2350,0,0,1,2350,0,0,2349,0,0,1,0,gRNA_CDK7_targ_229_353
Reference,10.49165935,89.50834065,2837,2836,2278,239,2039,0,473,222,1439,386,214,1344,0,87,8,0,gRNA_CDK7_targ_230_354
HDR,0.36101083,99.63898917,2837,2836,554,2,552,0,2,0,550,2,0,550,0,0,0,0,gRNA_CDK7_targ_230_354
Reference,9.03933434,90.96066566,2837,2836,2644,239,2405,0,476,220,1805,386,214,1709,0,90,6,0,gRNA_CDK7_targ_230_355
HDR,0.0,100.0,2837,2836,184,0,184,0,0,0,184,0,0,184,0,0,0,0,gRNA_CDK7_targ_230_355
Reference,11.39180172,88.60819828,2837,2836,2098,239,1859,0,475,222,1259,386,214,1162,0,89,8,0,gRNA_CDK7_targ_230_356
HDR,0.0,100.0,2837,2836,2,0,2,0,0,0,2,0,0,2,0,0,0,0,gRNA_CDK7_targ_230_356
Reference,10.21798365,89.78201635,3353,3352,734,75,659,0,2,7,652,0,7,650,0,2,0,0,gRNA_CDK7_targ_231_357
HDR,0.0,100.0,3353,3352,2593,0,2593,0,0,2,2593,0,0,2591,0,0,2,0,gRNA_CDK7_targ_231_357
Reference,2.40693196,97.59306804,3353,3352,3116,75,3041,0,2,11,3034,0,7,3028,0,2,4,0,gRNA_CDK7_targ_231_358
HDR,0.0,100.0,3353,3352,203,0,203,0,0,0,203,0,0,203,0,0,0,0,gRNA_CDK7_targ_231_358
Reference,10.17639077,89.82360923,3353,3352,737,75,662,0,2,9,655,0,7,651,0,2,2,0,gRNA_CDK7_targ_231_359
HDR,0.0,100.0,3353,3352,212,0,212,0,0,0,212,0,0,212,0,0,0,0,gRNA_CDK7_targ_231_359
Reference,3.3171521,96.6828479,3770,3770,1236,41,1195,0,275,3,926,267,2,918,0,7,0,1,gRNA_CDK7_targ_232_360
HDR,36.24314442,63.75685558,3770,3770,2188,793,1395,0,0,1,1395,0,0,1394,0,0,1,0,gRNA_CDK7_targ_232_360
Reference,2.6929982,97.3070018,1395,1269,557,15,542,0,0,4,540,0,2,538,0,0,2,0,gRNA_CDK7_targ_233_361
HDR,0.0,100.0,1395,1269,711,0,711,0,14,14,711,0,0,697,0,0,0,14,gRNA_CDK7_targ_233_361
Reference,83.33333333,16.66666667,1395,1269,18,15,3,0,0,3,1,0,2,0,0,0,1,0,gRNA_CDK7_targ_233_362
HDR,0.0,100.0,1395,1269,1251,0,1251,0,0,15,1251,0,0,1236,0,0,15,0,gRNA_CDK7_targ_233_362
Reference,83.33333333,16.66666667,1395,1270,18,15,3,0,0,3,1,0,2,0,0,0,1,0,gRNA_CDK7_targ_233_363
HDR,0.0,100.0,1395,1270,1245,0,1245,0,0,16,1245,0,0,1229,0,0,16,0,gRNA_CDK7_targ_233_363
Reference,83.33333333,16.66666667,1395,1269,18,15,3,0,0,3,1,0,2,0,0,0,1,0,gRNA_CDK7_targ_233_364
HDR,0.0,100.0,1395,1269,712,0,712,0,14,14,712,0,0,698,0,0,0,14,gRNA_CDK7_targ_233_364
Reference,60.0,40.0,1395,1271,25,15,10,0,0,3,8,0,2,7,0,0,1,0,gRNA_CDK7_targ_233_365
HDR,0.0,100.0,1395,1271,714,0,714,0,0,16,714,0,0,698,0,0,16,0,gRNA_CDK7_targ_233_365
Reference,83.33333333,16.66666667,1395,1381,18,15,3,0,0,3,1,0,2,0,0,0,1,0,gRNA_CDK7_targ_233_366
HDR,36.39031548,63.60968452,1395,1381,1363,496,867,0,0,127,867,0,0,740,0,0,127,0,gRNA_CDK7_targ_233_366
Reference,83.33333333,16.66666667,1395,1269,18,15,3,0,0,3,1,0,2,0,0,0,1,0,gRNA_CDK7_targ_233_367
HDR,41.55948553,58.44051447,1395,1269,1244,517,727,0,0,15,727,0,0,712,0,0,15,0,gRNA_CDK7_targ_233_367
Reference,13.4154245,86.5845755,2427,2427,1543,207,1336,0,2,0,1334,2,0,1334,0,0,0,0,gRNA_CDK7_targ_234_368
HDR,76.88679245,23.11320755,2427,2427,848,652,196,0,0,1,195,0,1,195,0,0,0,0,gRNA_CDK7_targ_234_368
Reference,96.62162162,3.37837838,1665,1665,148,143,5,0,0,0,5,0,0,5,0,0,0,0,gRNA_CDK7_targ_235_369
HDR,6.64451827,93.35548173,1665,1665,1505,100,1405,0,0,2,1403,0,2,1403,0,0,0,0,gRNA_CDK7_targ_235_369
Reference,57.2,42.8,1665,1665,250,143,107,0,0,0,107,0,0,107,0,0,0,0,gRNA_CDK7_targ_235_370
HDR,0.07072136,99.92927864,1665,1665,1414,1,1413,0,0,2,1411,0,2,1411,0,0,0,0,gRNA_CDK7_targ_235_370
Reference,97.27891156,2.72108844,1665,1665,147,143,4,0,0,0,4,0,0,4,0,0,0,0,gRNA_CDK7_targ_235_371
HDR,96.25176803,3.74823197,1665,1665,1414,1361,53,0,0,2,51,0,2,51,0,0,0,0,gRNA_CDK7_targ_235_371
Reference,11.46245059,88.53754941,1845,1845,253,29,224,0,1,1,223,1,0,222,0,0,1,0,gRNA_CDK7_targ_236_372
HDR,92.37223494,7.62776506,1845,1845,1311,1211,100,0,0,0,100,0,0,100,0,0,0,0,gRNA_CDK7_targ_236_372
Reference,98.24561404,1.75438596,2786,2786,171,168,3,0,0,0,3,0,0,3,0,0,0,0,gRNA_CDK7_targ_237_373
HDR,10.8616188,89.1383812,2786,2786,1915,208,1707,0,100,2,1608,97,2,1605,0,3,0,0,gRNA_CDK7_targ_237_373
Reference,19.8816568,80.1183432,2786,2786,845,168,677,0,0,0,677,0,0,677,0,0,0,0,gRNA_CDK7_targ_237_374
HDR,0.0,100.0,2786,2786,1817,0,1817,0,0,2,1815,0,2,1815,0,0,0,0,gRNA_CDK7_targ_237_374
Reference,26.62440571,73.37559429,2786,2786,631,168,463,0,0,0,463,0,0,463,0,0,0,0,gRNA_CDK7_targ_237_375
HDR,79.06137184,20.93862816,2786,2786,1939,1533,406,0,100,2,307,97,2,304,0,3,0,0,gRNA_CDK7_targ_237_375
Reference,97.24770642,2.75229358,219,218,218,212,6,0,0,0,6,0,0,6,0,0,0,0,gRNA_CDK7_targ_238_376
HDR,,,219,218,0,0,0,0,0,0,0,0,0,0,0,0,0,0,gRNA_CDK7_targ_238_376
Reference,97.69585253,2.30414747,219,218,217,212,5,0,0,0,5,0,0,5,0,0,0,0,gRNA_CDK7_targ_238_377
HDR,,,219,218,0,0,0,0,0,0,0,0,0,0,0,0,0,0,gRNA_CDK7_targ_238_377
Reference,97.69585253,2.30414747,219,218,217,212,5,0,0,0,5,0,0,5,0,0,0,0,gRNA_CDK7_targ_238_378
HDR,,,219,218,0,0,0,0,0,0,0,0,0,0,0,0,0,0,gRNA_CDK7_targ_238_378
Reference,97.24770642,2.75229358,219,218,218,212,6,0,0,0,6,0,0,6,0,0,0,0,gRNA_CDK7_targ_238_379
HDR,,,219,218,0,0,0,0,0,0,0,0,0,0,0,0,0,0,gRNA_CDK7_targ_238_379
Reference,97.24770642,2.75229358,219,218,218,212,6,0,0,0,6,0,0,6,0,0,0,0,gRNA_CDK7_targ_238_380
HDR,,,219,218,0,0,0,0,0,0,0,0,0,0,0,0,0,0,gRNA_CDK7_targ_238_380
Reference,97.24770642,2.75229358,219,218,218,212,6,0,0,0,6,0,0,6,0,0,0,0,gRNA_CDK7_targ_238_381
HDR,,,219,218,0,0,0,0,0,0,0,0,0,0,0,0,0,0,gRNA_CDK7_targ_238_381
Reference,97.24770642,2.75229358,219,218,218,212,6,0,0,0,6,0,0,6,0,0,0,0,gRNA_CDK7_targ_238_382
HDR,,,219,218,0,0,0,0,0,0,0,0,0,0,0,0,0,0,gRNA_CDK7_targ_238_382
Reference,97.24770642,2.75229358,219,218,218,212,6,0,0,0,6,0,0,6,0,0,0,0,gRNA_CDK7_targ_238_383
HDR,,,219,218,0,0,0,0,0,0,0,0,0,0,0,0,0,0,gRNA_CDK7_targ_238_383
Reference,97.24770642,2.75229358,219,218,218,212,6,0,0,0,6,0,0,6,0,0,0,0,gRNA_CDK7_targ_238_384
HDR,,,219,218,0,0,0,0,0,0,0,0,0,0,0,0,0,0,gRNA_CDK7_targ_238_384
Reference,97.24770642,2.75229358,219,218,218,212,6,0,0,0,6,0,0,6,0,0,0,0,gRNA_CDK7_targ_238_385
HDR,,,219,218,0,0,0,0,0,0,0,0,0,0,0,0,0,0,gRNA_CDK7_targ_238_385
Reference,97.24770642,2.75229358,219,218,218,212,6,0,0,0,6,0,0,6,0,0,0,0,gRNA_CDK7_targ_238_386
HDR,,,219,218,0,0,0,0,0,0,0,0,0,0,0,0,0,0,gRNA_CDK7_targ_238_386
Reference,97.24770642,2.75229358,219,218,218,212,6,0,0,0,6,0,0,6,0,0,0,0,gRNA_CDK7_targ_238_387
HDR,,,219,218,0,0,0,0,0,0,0,0,0,0,0,0,0,0,gRNA_CDK7_targ_238_387
Reference,97.24770642,2.75229358,219,218,218,212,6,0,0,0,6,0,0,6,0,0,0,0,gRNA_CDK7_targ_238_388
HDR,,,219,218,0,0,0,0,0,0,0,0,0,0,0,0,0,0,gRNA_CDK7_targ_238_388
Reference,97.24770642,2.75229358,219,218,218,212,6,0,0,0,6,0,0,6,0,0,0,0,gRNA_CDK7_targ_238_389
HDR,,,219,218,0,0,0,0,0,0,0,0,0,0,0,0,0,0,gRNA_CDK7_targ_238_389
Reference,97.24770642,2.75229358,219,218,218,212,6,0,0,0,6,0,0,6,0,0,0,0,gRNA_CDK7_targ_238_390
HDR,,,219,218,0,0,0,0,0,0,0,0,0,0,0,0,0,0,gRNA_CDK7_targ_238_390
Reference,95.15209125,4.84790875,1232,1231,1052,1001,51,0,4,3,44,4,3,44,0,0,0,0,gRNA_CDK7_targ_239_391
HDR,0.0,100.0,1232,1231,179,0,179,0,0,0,179,0,0,179,0,0,0,0,gRNA_CDK7_targ_239_391
Reference,96.06525912,3.93474088,1232,1231,1042,1001,41,0,0,2,39,0,2,39,0,0,0,0,gRNA_CDK7_targ_239_392
HDR,2.18579235,97.81420765,1232,1231,183,4,179,0,0,0,179,0,0,179,0,0,0,0,gRNA_CDK7_targ_239_392
Reference,95.51526718,4.48473282,1232,1231,1048,1001,47,0,4,3,40,4,3,40,0,0,0,0,gRNA_CDK7_targ_239_393
HDR,0.55865922,99.44134078,1232,1231,179,1,178,0,0,0,178,0,0,178,0,0,0,0,gRNA_CDK7_targ_239_393
Reference,41.74757282,58.25242718,2874,2873,1339,559,780,0,56,89,780,0,0,636,0,55,88,1,gRNA_CDK7_targ_240_394
HDR,0.0,100.0,2874,2873,1528,0,1528,0,0,1,1528,0,0,1527,0,0,1,0,gRNA_CDK7_targ_240_394
Reference,30.18358531,69.81641469,2874,2873,1852,559,1293,0,56,60,1293,0,0,1178,0,55,59,1,gRNA_CDK7_targ_240_395
HDR,0.0,100.0,2874,2873,987,0,987,0,0,0,987,0,0,987,0,0,0,0,gRNA_CDK7_targ_240_395
Reference,81.25,18.75,2874,2873,688,559,129,0,55,57,129,0,0,17,0,55,57,0,gRNA_CDK7_targ_240_396
HDR,0.04899559,99.95100441,2874,2873,2041,1,2040,0,0,1,2040,0,0,2039,0,0,1,0,gRNA_CDK7_targ_240_396
Reference,41.71641791,58.28358209,2874,2873,1340,559,781,0,56,89,781,0,0,637,0,55,88,1,gRNA_CDK7_targ_240_397
HDR,0.10131712,99.89868288,2874,2873,987,1,986,0,0,0,986,0,0,986,0,0,0,0,gRNA_CDK7_targ_240_397
Reference,67.34939759,32.65060241,2874,2873,830,559,271,0,56,89,271,0,0,127,0,55,88,1,gRNA_CDK7_targ_240_398
HDR,24.49379491,75.50620509,2874,2873,1531,375,1156,0,0,1,1155,0,1,1155,0,0,0,0,gRNA_CDK7_targ_240_398
Reference,67.26835138,32.73164862,2874,2873,831,559,272,0,56,89,272,0,0,128,0,55,88,1,gRNA_CDK7_targ_240_399
HDR,0.3030303,99.6969697,2874,2873,990,3,987,0,0,0,987,0,0,987,0,0,0,0,gRNA_CDK7_targ_240_399
Reference,41.81002244,58.18997756,2874,2873,1337,559,778,0,56,89,778,0,0,634,0,55,88,1,gRNA_CDK7_targ_240_400
HDR,34.92167102,65.07832898,2874,2873,1532,535,997,0,0,1,997,0,0,996,0,0,1,0,gRNA_CDK7_targ_240_400
Reference,100.0,0.0,67,67,35,35,0,0,0,0,0,0,0,0,0,0,0,0,gRNA_CDK7_targ_241_401
HDR,0.0,100.0,67,67,32,0,32,0,0,0,32,0,0,32,0,0,0,0,gRNA_CDK7_targ_241_401
Reference,63.63636364,36.36363636,67,67,55,35,20,0,0,0,20,0,0,20,0,0,0,0,gRNA_CDK7_targ_241_402
HDR,0.0,100.0,67,67,12,0,12,0,0,0,12,0,0,12,0,0,0,0,gRNA_CDK7_targ_241_402
Reference,100.0,0.0,67,67,35,35,0,0,0,0,0,0,0,0,0,0,0,0,gRNA_CDK7_targ_241_403
HDR,0.0,100.0,67,67,32,0,32,0,0,0,32,0,0,32,0,0,0,0,gRNA_CDK7_targ_241_403
Reference,100.0,0.0,67,67,35,35,0,0,0,0,0,0,0,0,0,0,0,0,gRNA_CDK7_targ_241_404
HDR,0.0,100.0,67,67,12,0,12,0,0,0,12,0,0,12,0,0,0,0,gRNA_CDK7_targ_241_404
Reference,100.0,0.0,67,67,35,35,0,0,0,0,0,0,0,0,0,0,0,0,gRNA_CDK7_targ_241_405
HDR,59.375,40.625,67,67,32,19,13,0,0,0,13,0,0,13,0,0,0,0,gRNA_CDK7_targ_241_405
Reference,100.0,0.0,67,67,35,35,0,0,0,0,0,0,0,0,0,0,0,0,gRNA_CDK7_targ_241_406
HDR,0.0,100.0,67,67,12,0,12,0,0,0,12,0,0,12,0,0,0,0,gRNA_CDK7_targ_241_406
Reference,100.0,0.0,67,67,35,35,0,0,0,0,0,0,0,0,0,0,0,0,gRNA_CDK7_targ_241_407
HDR,37.5,62.5,67,67,32,12,20,0,0,0,20,0,0,20,0,0,0,0,gRNA_CDK7_targ_241_407
Reference,96.42857143,3.57142857,587,587,168,162,6,0,0,0,6,0,0,6,0,0,0,0,gRNA_CDK7_targ_242_408
HDR,87.90035587,12.09964413,587,587,281,247,34,0,0,0,34,0,0,34,0,0,0,0,gRNA_CDK7_targ_242_408
Reference,68.48739496,31.51260504,629,629,238,163,75,0,73,0,26,49,0,2,0,24,0,0,gRNA_CDK7_targ_243_409
HDR,97.33333333,2.66666667,629,629,375,365,10,0,0,0,10,0,0,10,0,0,0,0,gRNA_CDK7_targ_243_409
Reference,16.28638867,83.71361133,1500,1499,1271,207,1064,0,0,1,1064,0,0,1063,0,0,1,0,gRNA_CDK7_targ_245_410
HDR,31.85840708,68.14159292,1500,1499,226,72,154,0,0,1,153,0,1,153,0,0,0,0,gRNA_CDK7_targ_245_410
Reference,25.68238213,74.31761787,1500,1499,806,207,599,0,0,1,599,0,0,598,0,0,1,0,gRNA_CDK7_targ_245_411
HDR,47.68115942,52.31884058,1500,1499,690,329,361,0,0,1,360,0,1,360,0,0,0,0,gRNA_CDK7_targ_245_411
Reference,29.82708934,70.17291066,1500,1499,694,207,487,0,0,0,487,0,0,487,0,0,0,0,gRNA_CDK7_targ_245_412
HDR,61.60714286,38.39285714,1500,1499,112,69,43,0,0,0,43,0,0,43,0,0,0,0,gRNA_CDK7_targ_245_412
Reference,97.07602339,2.92397661,1041,985,171,166,5,0,0,0,5,0,0,5,0,0,0,0,gRNA_CDK7_targ_246_413
HDR,10.97410604,89.02589396,1041,985,811,89,722,0,1,1,721,0,1,720,0,1,0,0,gRNA_CDK7_targ_246_413
Reference,63.11787072,36.88212928,1041,985,263,166,97,0,0,0,97,0,0,97,0,0,0,0,gRNA_CDK7_targ_246_414
HDR,0.0,100.0,1041,985,543,0,543,0,1,1,542,0,1,541,0,1,0,0,gRNA_CDK7_targ_246_414
Reference,95.95375723,4.04624277,1041,985,173,166,7,0,0,0,7,0,0,7,0,0,0,0,gRNA_CDK7_targ_246_415
HDR,60.19417476,39.80582524,1041,985,721,434,287,0,1,1,285,1,1,285,0,0,0,0,gRNA_CDK7_targ_246_415
Reference,70.65217391,29.34782609,2669,2668,460,325,135,0,0,0,135,0,0,135,0,0,0,0,gRNA_CDK7_targ_247_416
HDR,49.68181818,50.31818182,2669,2668,2200,1093,1107,0,0,55,1106,0,1,1052,0,0,54,0,gRNA_CDK7_targ_247_416
Reference,22.27553119,77.72446881,2669,2668,1459,325,1134,0,0,2,1133,0,1,1132,0,0,1,0,gRNA_CDK7_targ_247_417
HDR,11.9047619,88.0952381,2669,2668,1050,125,925,0,0,54,925,0,0,871,0,0,54,0,gRNA_CDK7_targ_247_417
Reference,96.43916914,3.56083086,2669,2668,337,325,12,0,0,1,11,0,1,11,0,0,0,0,gRNA_CDK7_targ_247_418
HDR,67.74791474,32.25208526,2669,2668,1079,731,348,0,0,54,294,0,54,294,0,0,0,0,gRNA_CDK7_targ_247_418
Reference,71.67883212,28.32116788,1111,1111,685,491,194,0,176,0,194,0,0,18,0,176,0,0,gRNA_CDK7_targ_248_419
HDR,57.88235294,42.11764706,1111,1111,425,246,179,0,0,0,179,0,0,179,0,0,0,0,gRNA_CDK7_targ_248_419
Reference,100.0,0.0,1160,1160,3,3,0,0,0,0,0,0,0,0,0,0,0,0,gRNA_CDK7_targ_251_420
HDR,66.35220126,33.64779874,1160,1160,636,422,214,0,0,0,214,0,0,214,0,0,0,0,gRNA_CDK7_targ_251_420
Reference,2.36686391,97.63313609,1165,1165,169,4,165,0,84,0,164,1,0,81,0,83,0,0,gRNA_CDK7_targ_252_421
HDR,94.90909091,5.09090909,1165,1165,825,783,42,0,0,2,40,0,2,40,0,0,0,0,gRNA_CDK7_targ_252_421
Reference,96.32432432,3.67567568,975,975,925,891,34,0,0,1,33,0,1,33,0,0,0,0,gRNA_CDK7_targ_254_422
HDR,80.0,20.0,975,975,5,4,1,0,0,0,1,0,0,1,0,0,0,0,gRNA_CDK7_targ_254_422
Reference,97.82608696,2.17391304,836,836,828,810,18,0,0,1,17,0,1,17,0,0,0,0,gRNA_CDK7_targ_255_423
HDR,100.0,0.0,836,836,8,8,0,0,0,0,0,0,0,0,0,0,0,0,gRNA_CDK7_targ_255_423
Reference,100.0,0.0,821,780,3,3,0,0,0,0,0,0,0,0,0,0,0,0,gRNA_CDK7_targ_258_424
HDR,0.0,100.0,821,780,776,0,776,0,0,1,776,0,0,775,0,0,1,0,gRNA_CDK7_targ_258_424
Reference,75.0,25.0,821,780,4,3,1,0,0,0,1,0,0,1,0,0,0,0,gRNA_CDK7_targ_258_425
HDR,0.0,100.0,821,780,772,0,772,0,0,1,772,0,0,771,0,0,1,0,gRNA_CDK7_targ_258_425
Reference,75.0,25.0,821,780,4,3,1,0,0,0,1,0,0,1,0,0,0,0,gRNA_CDK7_targ_258_426
HDR,79.76804124,20.23195876,821,780,776,619,157,0,0,1,156,0,1,156,0,0,0,0,gRNA_CDK7_targ_258_426
Reference,92.5,7.5,1801,1801,320,296,24,0,0,11,13,0,11,13,0,0,0,0,gRNA_CDK7_targ_259_427
HDR,45.46816479,54.53183521,1801,1801,1335,607,728,0,0,2,727,0,1,726,0,0,1,0,gRNA_CDK7_targ_259_427
Reference,95.78947368,4.21052632,1013,1013,95,91,4,0,0,0,4,0,0,4,0,0,0,0,gRNA_CDK7_targ_261_428
HDR,95.0,5.0,1013,1013,900,855,45,0,0,0,45,0,0,45,0,0,0,0,gRNA_CDK7_targ_261_428
Reference,18.3908046,81.6091954,493,493,348,64,284,0,1,0,283,1,0,283,0,0,0,0,gRNA_CDK7_targ_262_429
HDR,1.43884892,98.56115108,493,493,139,2,137,0,0,0,137,0,0,137,0,0,0,0,gRNA_CDK7_targ_262_429
Reference,27.00421941,72.99578059,493,493,237,64,173,0,0,0,173,0,0,173,0,0,0,0,gRNA_CDK7_targ_262_430
HDR,41.66666667,58.33333333,493,493,252,105,147,0,0,0,147,0,0,147,0,0,0,0,gRNA_CDK7_targ_262_430
Reference,26.77824268,73.22175732,493,493,239,64,175,0,1,0,174,1,0,174,0,0,0,0,gRNA_CDK7_targ_262_431
HDR,92.95774648,7.04225352,493,493,142,132,10,0,0,0,10,0,0,10,0,0,0,0,gRNA_CDK7_targ_262_431
Reference,73.07692308,26.92307692,1470,1470,936,684,252,0,0,0,252,0,0,252,0,0,0,0,gRNA_CDK7_targ_263_432
HDR,96.62921348,3.37078652,1470,1470,267,258,9,0,0,0,9,0,0,9,0,0,0,0,gRNA_CDK7_targ_263_432
Reference,59.47494033,40.52505967,2103,2103,2095,1246,849,0,0,181,670,0,179,668,0,0,2,0,gRNA_CDK7_targ_264_433
HDR,0.0,100.0,2103,2103,1,0,1,0,0,0,1,0,0,1,0,0,0,0,gRNA_CDK7_targ_264_433
Reference,85.28405202,14.71594798,2103,2103,1461,1246,215,0,0,182,36,0,179,33,0,0,3,0,gRNA_CDK7_targ_264_434
HDR,96.25,3.75,2103,2103,640,616,24,0,0,0,24,0,0,24,0,0,0,0,gRNA_CDK7_targ_264_434
Reference,85.16746411,14.83253589,2103,2103,1463,1246,217,0,0,182,38,0,179,35,0,0,3,0,gRNA_CDK7_targ_264_435
HDR,33.33333333,66.66666667,2103,2103,3,1,2,0,0,0,2,0,0,2,0,0,0,0,gRNA_CDK7_targ_264_435
Reference,16.07738492,83.92261508,1503,1503,1499,241,1258,0,0,0,1258,0,0,1258,0,0,0,0,gRNA_CDK7_targ_273_436
HDR,0.0,100.0,1503,1503,1,0,1,0,0,0,1,0,0,1,0,0,0,0,gRNA_CDK7_targ_273_436
Reference,23.26254826,76.73745174,1503,1503,1036,241,795,0,0,0,795,0,0,795,0,0,0,0,gRNA_CDK7_targ_273_437
HDR,57.27272727,42.72727273,1503,1503,440,252,188,0,0,0,188,0,0,188,0,0,0,0,gRNA_CDK7_targ_273_437
Reference,46.43545279,53.56454721,1503,1503,519,241,278,0,0,0,278,0,0,278,0,0,0,0,gRNA_CDK7_targ_273_438
HDR,76.25145518,23.74854482,1503,1503,859,655,204,0,0,0,204,0,0,204,0,0,0,0,gRNA_CDK7_targ_273_438
Reference,22.69303202,77.30696798,1503,1503,1062,241,821,0,0,0,821,0,0,821,0,0,0,0,gRNA_CDK7_targ_273_439
HDR,,,1503,1503,0,0,0,0,0,0,0,0,0,0,0,0,0,0,gRNA_CDK7_targ_273_439
Reference,37.42236025,62.57763975,1503,1503,644,241,403,0,0,0,403,0,0,403,0,0,0,0,gRNA_CDK7_targ_273_440
HDR,33.33333333,66.66666667,1503,1503,3,1,2,0,0,0,2,0,0,2,0,0,0,0,gRNA_CDK7_targ_273_440
Reference,61.63682864,38.36317136,1503,1503,391,241,150,0,0,0,150,0,0,150,0,0,0,0,gRNA_CDK7_targ_273_441
HDR,96.37305699,3.62694301,1503,1503,193,186,7,0,0,0,7,0,0,7,0,0,0,0,gRNA_CDK7_targ_273_441
Reference,18.43917368,81.56082632,1503,1503,1307,241,1066,0,0,0,1066,0,0,1066,0,0,0,0,gRNA_CDK7_targ_273_442
HDR,0.0,100.0,1503,1503,188,0,188,0,0,0,188,0,0,188,0,0,0,0,gRNA_CDK7_targ_273_442
Reference,95.42168675,4.57831325,1644,1644,415,396,19,0,0,3,16,0,3,16,0,0,0,0,gRNA_CDK7_targ_274_443
HDR,88.24020017,11.75979983,1644,1644,1199,1058,141,0,0,1,141,0,0,140,0,0,1,0,gRNA_CDK7_targ_274_443
Reference,24.64219042,75.35780958,1644,1644,1607,396,1211,0,0,4,1208,0,3,1207,0,0,1,0,gRNA_CDK7_targ_274_444
HDR,3.03030303,96.96969697,1644,1644,33,1,32,0,0,0,32,0,0,32,0,0,0,0,gRNA_CDK7_targ_274_444
Reference,89.39051919,10.60948081,1644,1644,443,396,47,0,0,3,44,0,3,44,0,0,0,0,gRNA_CDK7_targ_274_445
HDR,0.0,100.0,1644,1644,35,0,35,0,0,0,35,0,0,35,0,0,0,0,gRNA_CDK7_targ_274_445
Reference,90.35087719,9.64912281,269,269,114,103,11,0,0,8,3,0,8,3,0,0,0,0,gRNA_CDK7_targ_275_446
HDR,0.0,100.0,269,269,139,0,139,0,0,1,138,0,1,138,0,0,0,0,gRNA_CDK7_targ_275_446
Reference,95.37037037,4.62962963,269,269,108,103,5,0,0,0,5,0,0,5,0,0,0,0,gRNA_CDK7_targ_275_447
HDR,0.0,100.0,269,269,152,0,152,0,0,0,152,0,0,152,0,0,0,0,gRNA_CDK7_targ_275_447
Reference,88.79310345,11.20689655,269,269,116,103,13,0,0,8,5,0,8,5,0,0,0,0,gRNA_CDK7_targ_275_448
HDR,89.54248366,10.45751634,269,269,153,137,16,0,0,1,15,0,1,15,0,0,0,0,gRNA_CDK7_targ_275_448
Reference,66.93227092,33.06772908,1364,1364,502,336,166,0,0,1,165,0,1,165,0,0,0,0,gRNA_CDK7_targ_276_449
HDR,42.7549195,57.2450805,1364,1364,559,239,320,0,6,1,314,6,0,313,0,0,1,0,gRNA_CDK7_targ_276_449
Reference,2.02702703,97.97297297,798,798,148,3,145,0,144,0,5,140,0,1,0,4,0,0,gRNA_CDK7_targ_277_450
HDR,7.65217391,92.34782609,798,798,575,44,531,0,0,1,531,0,0,530,0,0,1,0,gRNA_CDK7_targ_277_450
Reference,1.54639175,98.45360825,798,798,194,3,191,0,144,0,51,140,0,47,0,4,0,0,gRNA_CDK7_targ_277_451
HDR,0.0,100.0,798,798,532,0,532,0,0,1,532,0,0,531,0,0,1,0,gRNA_CDK7_targ_277_451
Reference,2.01342282,97.98657718,798,798,149,3,146,0,144,0,6,140,0,2,0,4,0,0,gRNA_CDK7_targ_277_452
HDR,69.36090226,30.63909774,798,798,532,369,163,0,0,1,163,0,0,162,0,0,1,0,gRNA_CDK7_targ_277_452
Reference,100.0,0.0,120,120,3,3,0,0,0,0,0,0,0,0,0,0,0,0,gRNA_CDK7_targ_278_453
HDR,99.13793103,0.86206897,120,120,116,115,1,0,0,0,1,0,0,1,0,0,0,0,gRNA_CDK7_targ_278_453
Reference,59.04761905,40.95238095,706,706,105,62,43,0,0,40,3,0,40,3,0,0,0,0,gRNA_CDK7_targ_281_454
HDR,97.33840304,2.66159696,706,706,526,512,14,0,0,0,14,0,0,14,0,0,0,0,gRNA_CDK7_targ_281_454
Reference,79.26829268,20.73170732,513,513,328,260,68,0,0,2,68,0,0,66,0,0,2,0,gRNA_CDK7_targ_282_455
HDR,0.0,100.0,513,513,116,0,116,0,0,0,116,0,0,116,0,0,0,0,gRNA_CDK7_targ_282_455
Reference,64.76578411,35.23421589,815,815,491,318,173,0,0,0,173,0,0,173,0,0,0,0,gRNA_CDK7_targ_283_456
HDR,98.14241486,1.85758514,815,815,323,317,6,0,0,1,5,0,1,5,0,0,0,0,gRNA_CDK7_targ_283_456
Reference,75.0,25.0,79,73,4,3,1,0,0,0,1,0,0,1,0,0,0,0,gRNA_CDK7_targ_284_457
HDR,4.34782609,95.65217391,79,73,69,3,66,0,0,0,66,0,0,66,0,0,0,0,gRNA_CDK7_targ_284_457
Reference,37.5,62.5,79,73,8,3,5,0,0,0,5,0,0,5,0,0,0,0,gRNA_CDK7_targ_284_458
HDR,1.53846154,98.46153846,79,73,65,1,64,0,0,0,64,0,0,64,0,0,0,0,gRNA_CDK7_targ_284_458
Reference,100.0,0.0,79,73,3,3,0,0,0,0,0,0,0,0,0,0,0,0,gRNA_CDK7_targ_284_459
HDR,98.4375,1.5625,79,73,64,63,1,0,0,0,1,0,0,1,0,0,0,0,gRNA_CDK7_targ_284_459
Reference,,,152,152,0,0,0,0,0,0,0,0,0,0,0,0,0,0,gRNA_CDK7_targ_288_460
HDR,50.65789474,49.34210526,152,152,152,77,75,0,0,0,75,0,0,75,0,0,0,0,gRNA_CDK7_targ_288_460
Reference,0.0,100.0,152,152,77,0,77,0,0,0,77,0,0,77,0,0,0,0,gRNA_CDK7_targ_288_461
HDR,0.0,100.0,152,152,75,0,75,0,0,0,75,0,0,75,0,0,0,0,gRNA_CDK7_targ_288_461
Reference,,,152,152,0,0,0,0,0,0,0,0,0,0,0,0,0,0,gRNA_CDK7_targ_288_462
HDR,98.66666667,1.33333333,152,152,75,74,1,0,0,0,1,0,0,1,0,0,0,0,gRNA_CDK7_targ_288_462
Reference,97.41935484,2.58064516,3210,3210,620,604,16,0,0,0,16,0,0,16,0,0,0,0,gRNA_CDK7_targ_291_463
HDR,97.26715003,2.73284997,3210,3210,1793,1744,49,0,0,1,48,0,1,48,0,0,0,0,gRNA_CDK7_targ_291_463
Reference,98.04878049,1.95121951,5915,5915,205,201,4,0,0,0,4,0,0,4,0,0,0,0,gRNA_CDK7_targ_292_464
HDR,97.731569,2.268431,5915,5915,4761,4653,108,0,0,2,106,0,2,106,0,0,0,0,gRNA_CDK7_targ_292_464
Reference,92.72727273,7.27272727,2774,2774,55,51,4,0,2,0,2,2,0,2,0,0,0,0,gRNA_CDK7_targ_293_465
HDR,97.93224813,2.06775187,2774,2774,2273,2226,47,0,1,1,45,1,1,45,0,0,0,0,gRNA_CDK7_targ_293_465
Reference,96.88542825,3.11457175,2813,2812,899,871,28,0,0,0,28,0,0,28,0,0,0,0,gRNA_CDK7_targ_295_466
HDR,52.17391304,47.82608696,2813,2812,1748,912,836,0,0,9,835,0,1,827,0,0,8,0,gRNA_CDK7_targ_295_466
Reference,49.17915774,50.82084226,3910,3910,1401,689,712,0,0,2,711,0,1,710,0,0,1,0,gRNA_CDK7_targ_296_467
HDR,81.84132372,18.15867628,3910,3910,2357,1929,428,0,0,1,427,0,1,427,0,0,0,0,gRNA_CDK7_targ_296_467
Reference,24.19241573,75.80758427,3910,3910,2848,689,2159,0,1,1,2158,1,0,2157,0,0,1,0,gRNA_CDK7_targ_296_468
HDR,50.12953368,49.87046632,3910,3910,772,387,385,0,0,0,385,0,0,385,0,0,0,0,gRNA_CDK7_targ_296_468
Reference,59.86099044,40.13900956,3910,3910,1151,689,462,0,1,2,460,1,1,459,0,0,1,0,gRNA_CDK7_targ_296_469
HDR,96.53333333,3.46666667,3910,3910,375,362,13,0,0,0,13,0,0,13,0,0,0,0,gRNA_CDK7_targ_296_469
Reference,43.29446064,56.70553936,3445,3445,1372,594,778,0,5,2,773,3,2,771,0,2,0,0,gRNA_CDK7_targ_297_470
HDR,0.0,100.0,3445,3445,2066,0,2066,0,0,0,2066,0,0,2066,0,0,0,0,gRNA_CDK7_targ_297_470
Reference,96.74267101,3.25732899,3445,3445,614,594,20,0,3,1,16,3,1,16,0,0,0,0,gRNA_CDK7_targ_297_471
HDR,25.97310686,74.02689314,3445,3445,2826,734,2092,0,1,0,2091,1,0,2091,0,0,0,0,gRNA_CDK7_targ_297_471
Reference,96.11650485,3.88349515,3445,3445,618,594,24,0,4,2,19,3,2,18,0,1,0,0,gRNA_CDK7_targ_297_472
HDR,91.44927536,8.55072464,3445,3445,2070,1893,177,0,0,0,177,0,0,177,0,0,0,0,gRNA_CDK7_targ_297_472
Reference,100.0,0.0,178,178,2,2,0,0,0,0,0,0,0,0,0,0,0,0,gRNA_CDK7_targ_301_473
HDR,75.42857143,24.57142857,178,178,175,132,43,0,0,0,43,0,0,43,0,0,0,0,gRNA_CDK7_targ_301_473
Reference,18.98527005,81.01472995,621,621,611,116,495,0,1,0,495,0,0,494,0,1,0,0,gRNA_CDK7_targ_306_474
HDR,0.0,100.0,621,621,8,0,8,0,0,0,8,0,0,8,0,0,0,0,gRNA_CDK7_targ_306_474
Reference,94.30894309,5.69105691,621,621,123,116,7,0,1,0,7,0,0,6,0,1,0,0,gRNA_CDK7_targ_306_475
HDR,0.23255814,99.76744186,621,621,430,1,429,0,0,0,429,0,0,429,0,0,0,0,gRNA_CDK7_targ_306_475
Reference,93.5483871,6.4516129,621,621,124,116,8,0,1,0,8,0,0,7,0,1,0,0,gRNA_CDK7_targ_306_476
HDR,0.0,100.0,621,621,497,0,497,0,0,0,497,0,0,497,0,0,0,0,gRNA_CDK7_targ_306_476
Reference,60.73298429,39.26701571,621,621,191,116,75,0,1,0,75,0,0,74,0,1,0,0,gRNA_CDK7_targ_306_477
HDR,0.0,100.0,621,621,9,0,9,0,0,0,9,0,0,9,0,0,0,0,gRNA_CDK7_targ_306_477
Reference,93.5483871,6.4516129,621,621,124,116,8,0,1,0,8,0,0,7,0,1,0,0,gRNA_CDK7_targ_306_478
HDR,0.0,100.0,621,621,9,0,9,0,0,0,9,0,0,9,0,0,0,0,gRNA_CDK7_targ_306_478
Reference,94.30894309,5.69105691,621,621,123,116,7,0,1,0,7,0,0,6,0,1,0,0,gRNA_CDK7_targ_306_479
HDR,70.42253521,29.57746479,621,621,497,350,147,0,0,0,147,0,0,147,0,0,0,0,gRNA_CDK7_targ_306_479
Reference,93.5483871,6.4516129,621,621,124,116,8,0,1,0,8,0,0,7,0,1,0,0,gRNA_CDK7_targ_306_480
HDR,1.86480186,98.13519814,621,621,429,8,421,0,0,0,421,0,0,421,0,0,0,0,gRNA_CDK7_targ_306_480
Reference,98.62385321,1.37614679,562,562,218,215,3,0,0,0,3,0,0,3,0,0,0,0,gRNA_CDK7_targ_307_481
HDR,8.10810811,91.89189189,562,562,222,18,204,0,0,0,204,0,0,204,0,0,0,0,gRNA_CDK7_targ_307_481
Reference,51.97215777,48.02784223,967,967,431,224,207,0,0,0,207,0,0,207,0,0,0,0,gRNA_CDK7_targ_308_482
HDR,76.21832359,23.78167641,967,967,513,391,122,0,0,0,122,0,0,122,0,0,0,0,gRNA_CDK7_targ_308_482
Reference,100.0,0.0,244,244,1,1,0,0,0,0,0,0,0,0,0,0,0,0,gRNA_CDK7_targ_309_483
HDR,96.68049793,3.31950207,244,244,241,233,8,0,0,0,8,0,0,8,0,0,0,0,gRNA_CDK7_targ_309_483
Reference,96.60377358,3.39622642,1994,1994,265,256,9,0,0,0,9,0,0,9,0,0,0,0,gRNA_CDK7_targ_311_484
HDR,98.13140446,1.86859554,1994,1994,1659,1628,31,0,0,0,31,0,0,31,0,0,0,0,gRNA_CDK7_targ_311_484
Reference,98.80952381,1.19047619,1068,1068,168,166,2,0,0,0,2,0,0,2,0,0,0,0,gRNA_CDK7_targ_312_485
HDR,60.70975919,39.29024081,1068,1068,789,479,310,0,0,1,310,0,0,309,0,0,1,0,gRNA_CDK7_targ_312_485
Reference,21.67101828,78.32898172,1068,1068,766,166,600,0,0,0,600,0,0,600,0,0,0,0,gRNA_CDK7_targ_312_486
HDR,0.0,100.0,1068,1068,300,0,300,0,0,1,300,0,0,299,0,0,1,0,gRNA_CDK7_targ_312_486
Reference,59.49820789,40.50179211,1068,1068,279,166,113,0,0,0,113,0,0,113,0,0,0,0,gRNA_CDK7_targ_312_487
HDR,95.68106312,4.31893688,1068,1068,301,288,13,0,0,1,12,0,1,12,0,0,0,0,gRNA_CDK7_targ_312_487
Reference,100.0,0.0,1213,1213,1,1,0,0,0,0,0,0,0,0,0,0,0,0,gRNA_CDK7_targ_313_488
HDR,91.09357384,8.90642616,1213,1213,887,808,79,0,2,0,77,2,0,77,0,0,0,0,gRNA_CDK7_targ_313_488
Reference,55.16372796,44.83627204,1485,1485,397,219,178,0,0,4,177,0,1,174,0,0,3,0,gRNA_CDK7_targ_314_489
HDR,87.83410138,12.16589862,1485,1485,1085,953,132,0,0,1,131,0,1,131,0,0,0,0,gRNA_CDK7_targ_314_489
Reference,0.0,100.0,461,461,94,0,94,0,0,0,94,0,0,94,0,0,0,0,gRNA_CDK7_targ_316_490
HDR,72.52747253,27.47252747,461,461,364,264,100,0,0,1,100,0,0,99,0,0,1,0,gRNA_CDK7_targ_316_490
Reference,86.95652174,13.04347826,560,537,276,240,36,0,0,0,36,0,0,36,0,0,0,0,gRNA_CDK7_targ_317_491
HDR,97.28682171,2.71317829,560,537,258,251,7,0,0,0,7,0,0,7,0,0,0,0,gRNA_CDK7_targ_317_491
Reference,0.0,100.0,377,377,361,0,361,0,8,0,357,4,0,353,0,4,0,0,gRNA_CDK7_targ_318_492
HDR,0.0,100.0,377,377,15,0,15,0,0,0,15,0,0,15,0,0,0,0,gRNA_CDK7_targ_318_492
Reference,,,377,377,0,0,0,0,0,0,0,0,0,0,0,0,0,0,gRNA_CDK7_targ_318_493
HDR,91.05691057,8.94308943,377,377,369,336,33,0,0,0,33,0,0,33,0,0,0,0,gRNA_CDK7_targ_318_493
Reference,,,377,377,0,0,0,0,0,0,0,0,0,0,0,0,0,0,gRNA_CDK7_targ_318_494
HDR,93.75,6.25,377,377,16,15,1,0,0,0,1,0,0,1,0,0,0,0,gRNA_CDK7_targ_318_494
Reference,96.76994067,3.23005933,1546,1546,1517,1468,49,0,0,1,48,0,1,48,0,0,0,0,gRNA_CDK7_targ_319_495
HDR,,,1546,1546,0,0,0,0,0,0,0,0,0,0,0,0,0,0,gRNA_CDK7_targ_319_495
Reference,21.18780096,78.81219904,2360,2359,1869,396,1473,0,0,1,1472,0,1,1472,0,0,0,0,gRNA_CDK7_targ_320_496
HDR,0.0,100.0,2360,2359,473,0,473,0,0,1,473,0,0,472,0,0,1,0,gRNA_CDK7_targ_320_496
Reference,35.2,64.8,2360,2359,1125,396,729,0,0,1,728,0,1,728,0,0,0,0,gRNA_CDK7_targ_320_497
HDR,12.13114754,87.86885246,2360,2359,1220,148,1072,0,0,1,1072,0,0,1071,0,0,1,0,gRNA_CDK7_targ_320_497
Reference,70.3374778,29.6625222,2360,2359,563,396,167,0,0,1,166,0,1,166,0,0,0,0,gRNA_CDK7_targ_320_498
HDR,10.44340723,89.55659277,2360,2359,1714,179,1535,0,0,1,1535,0,0,1534,0,0,1,0,gRNA_CDK7_targ_320_498
Reference,59.72850679,40.27149321,2360,2359,663,396,267,0,0,1,266,0,1,266,0,0,0,0,gRNA_CDK7_targ_320_499
HDR,0.0,100.0,2360,2359,14,0,14,0,0,1,14,0,0,13,0,0,1,0,gRNA_CDK7_targ_320_499
Reference,61.39534884,38.60465116,2360,2359,645,396,249,0,0,13,236,0,13,236,0,0,0,0,gRNA_CDK7_targ_320_500
HDR,94.35146444,5.64853556,2360,2359,478,451,27,0,0,1,26,0,1,26,0,0,0,0,gRNA_CDK7_targ_320_500
Reference,82.84518828,17.15481172,2360,2359,478,396,82,0,0,1,81,0,1,81,0,0,0,0,gRNA_CDK7_targ_320_501
HDR,95.79045837,4.20954163,2360,2359,1069,1024,45,0,0,0,45,0,0,45,0,0,0,0,gRNA_CDK7_targ_320_501
Reference,48.0,52.0,2360,2359,825,396,429,0,0,13,416,0,13,416,0,0,0,0,gRNA_CDK7_targ_320_502
HDR,0.52287582,99.47712418,2360,2359,1530,8,1522,0,0,1,1522,0,0,1521,0,0,1,0,gRNA_CDK7_targ_320_502
Reference,89.58333333,10.41666667,136,136,48,43,5,0,0,0,5,0,0,5,0,0,0,0,gRNA_CDK7_targ_321_503
HDR,2.29885057,97.70114943,136,136,87,2,85,0,0,0,85,0,0,85,0,0,0,0,gRNA_CDK7_targ_321_503
Reference,71.66666667,28.33333333,136,136,60,43,17,0,0,0,17,0,0,17,0,0,0,0,gRNA_CDK7_targ_321_504
HDR,0.0,100.0,136,136,75,0,75,0,0,0,75,0,0,75,0,0,0,0,gRNA_CDK7_targ_321_504
Reference,78.18181818,21.81818182,136,136,55,43,12,0,0,0,12,0,0,12,0,0,0,0,gRNA_CDK7_targ_321_505
HDR,0.0,100.0,136,136,79,0,79,0,0,0,79,0,0,79,0,0,0,0,gRNA_CDK7_targ_321_505
Reference,89.58333333,10.41666667,136,136,48,43,5,0,0,0,5,0,0,5,0,0,0,0,gRNA_CDK7_targ_321_506
HDR,3.94736842,96.05263158,136,136,76,3,73,0,0,0,73,0,0,73,0,0,0,0,gRNA_CDK7_targ_321_506
Reference,87.75510204,12.24489796,136,136,49,43,6,0,0,0,6,0,0,6,0,0,0,0,gRNA_CDK7_targ_321_507
HDR,11.11111111,88.88888889,136,136,81,9,72,0,0,0,72,0,0,72,0,0,0,0,gRNA_CDK7_targ_321_507
Reference,84.31372549,15.68627451,136,136,51,43,8,0,0,0,8,0,0,8,0,0,0,0,gRNA_CDK7_targ_321_508
HDR,0.0,100.0,136,136,71,0,71,0,0,0,71,0,0,71,0,0,0,0,gRNA_CDK7_targ_321_508
Reference,86.0,14.0,136,136,50,43,7,0,0,0,7,0,0,7,0,0,0,0,gRNA_CDK7_targ_321_509
HDR,76.19047619,23.80952381,136,136,84,64,20,0,0,0,20,0,0,20,0,0,0,0,gRNA_CDK7_targ_321_509
Reference,23.81930185,76.18069815,1787,1787,1461,348,1113,0,0,1,1112,0,1,1112,0,0,0,0,gRNA_CDK7_targ_322_510
HDR,24.45820433,75.54179567,1787,1787,323,79,244,0,0,1,244,0,0,243,0,0,1,0,gRNA_CDK7_targ_322_510
Reference,16.38655462,83.61344538,1725,1721,1190,195,995,0,190,1,806,189,0,804,0,1,1,0,gRNA_CDK7_targ_323_511
HDR,0.0,100.0,1725,1721,524,0,524,0,0,192,333,0,191,332,0,0,1,0,gRNA_CDK7_targ_323_511
Reference,50.93167702,49.06832298,327,325,161,82,79,0,0,0,79,0,0,79,0,0,0,0,gRNA_CDK7_targ_324_512
HDR,70.1863354,29.8136646,327,325,161,113,48,0,0,0,48,0,0,48,0,0,0,0,gRNA_CDK7_targ_324_512
Reference,0.85714286,99.14285714,366,366,350,3,347,0,0,1,347,0,0,346,0,0,1,0,gRNA_CDK7_targ_329_513
HDR,13.33333333,86.66666667,366,366,15,2,13,0,0,0,13,0,0,13,0,0,0,0,gRNA_CDK7_targ_329_513
Reference,1.68539326,98.31460674,366,366,178,3,175,0,0,1,175,0,0,174,0,0,1,0,gRNA_CDK7_targ_329_514
HDR,0.0,100.0,366,366,31,0,31,0,0,0,31,0,0,31,0,0,0,0,gRNA_CDK7_targ_329_514
Reference,0.93167702,99.06832298,366,366,322,3,319,0,0,1,319,0,0,318,0,0,1,0,gRNA_CDK7_targ_329_515
HDR,7.69230769,92.30769231,366,366,13,1,12,0,0,0,12,0,0,12,0,0,0,0,gRNA_CDK7_targ_329_515
Reference,53.55648536,46.44351464,596,596,239,128,111,0,0,108,6,0,105,3,0,0,3,0,gRNA_CDK7_targ_330_516
HDR,59.88700565,40.11299435,596,596,354,212,142,0,0,1,141,0,1,141,0,0,0,0,gRNA_CDK7_targ_330_516
Reference,34.33333333,65.66666667,301,301,300,103,197,0,0,0,197,0,0,197,0,0,0,0,gRNA_CDK7_targ_331_517
HDR,0.0,100.0,301,301,1,0,1,0,0,0,1,0,0,1,0,0,0,0,gRNA_CDK7_targ_331_517
Reference,97.16981132,2.83018868,301,301,106,103,3,0,0,0,3,0,0,3,0,0,0,0,gRNA_CDK7_targ_331_518
HDR,95.38461538,4.61538462,301,301,195,186,9,0,0,0,9,0,0,9,0,0,0,0,gRNA_CDK7_targ_331_518
Reference,97.16981132,2.83018868,301,301,106,103,3,0,0,0,3,0,0,3,0,0,0,0,gRNA_CDK7_targ_331_519
HDR,100.0,0.0,301,301,1,1,0,0,0,0,0,0,0,0,0,0,0,0,gRNA_CDK7_targ_331_519
Reference,8.75099443,91.24900557,1262,1262,1257,110,1147,0,52,4,1146,0,1,1091,0,52,3,0,gRNA_CDK7_targ_332_520
HDR,,,1262,1262,0,0,0,0,0,0,0,0,0,0,0,0,0,0,gRNA_CDK7_targ_332_520
Reference,27.43142145,72.56857855,1262,1262,401,110,291,0,52,4,290,0,1,235,0,52,3,0,gRNA_CDK7_targ_332_521
HDR,0.11614402,99.88385598,1262,1262,861,1,860,0,0,0,860,0,0,860,0,0,0,0,gRNA_CDK7_targ_332_521
Reference,12.00873362,87.99126638,1262,1262,916,110,806,0,52,2,805,0,1,752,0,52,1,0,gRNA_CDK7_targ_332_522
HDR,0.89285714,99.10714286,1262,1262,112,1,111,0,0,0,111,0,0,111,0,0,0,0,gRNA_CDK7_targ_332_522
Reference,29.8102981,70.1897019,1262,1262,369,110,259,0,0,3,258,0,1,256,0,0,2,0,gRNA_CDK7_targ_332_523
HDR,0.22883295,99.77116705,1262,1262,437,1,436,0,0,0,436,0,0,436,0,0,0,0,gRNA_CDK7_targ_332_523
Reference,27.43142145,72.56857855,1262,1262,401,110,291,0,52,4,290,0,1,235,0,52,3,0,gRNA_CDK7_targ_332_524
HDR,0.0,100.0,1262,1262,4,0,4,0,0,0,4,0,0,4,0,0,0,0,gRNA_CDK7_targ_332_524
Reference,9.57354221,90.42645779,1262,1262,1149,110,1039,0,52,4,1038,0,1,983,0,52,3,0,gRNA_CDK7_targ_332_525
HDR,,,1262,1262,0,0,0,0,0,0,0,0,0,0,0,0,0,0,gRNA_CDK7_targ_332_525
Reference,13.38199513,86.61800487,1262,1262,822,110,712,0,52,4,711,0,1,656,0,52,3,0,gRNA_CDK7_targ_332_526
HDR,0.0,100.0,1262,1262,1,0,1,0,0,0,1,0,0,1,0,0,0,0,gRNA_CDK7_targ_332_526
Reference,27.5,72.5,1262,1262,400,110,290,0,52,4,289,0,1,234,0,52,3,0,gRNA_CDK7_targ_332_527
HDR,16.96428571,83.03571429,1262,1262,112,19,93,0,0,0,93,0,0,93,0,0,0,0,gRNA_CDK7_targ_332_527
Reference,27.5,72.5,1262,1262,400,110,290,0,52,4,289,0,1,234,0,52,3,0,gRNA_CDK7_targ_332_528
HDR,40.40524434,59.59475566,1262,1262,839,339,500,0,0,0,500,0,0,500,0,0,0,0,gRNA_CDK7_targ_332_528
Reference,13.68159204,86.31840796,1262,1262,804,110,694,0,52,4,693,0,1,638,0,52,3,0,gRNA_CDK7_targ_332_529
HDR,0.0,100.0,1262,1262,91,0,91,0,0,0,91,0,0,91,0,0,0,0,gRNA_CDK7_targ_332_529
Reference,9.59860384,90.40139616,1262,1262,1146,110,1036,0,52,4,1035,0,1,980,0,52,3,0,gRNA_CDK7_targ_332_530
HDR,0.0,100.0,1262,1262,111,0,111,0,0,0,111,0,0,111,0,0,0,0,gRNA_CDK7_targ_332_530
Reference,26.00472813,73.99527187,1262,1262,423,110,313,0,52,4,312,0,1,257,0,52,3,0,gRNA_CDK7_targ_332_531
HDR,0.0,100.0,1262,1262,439,0,439,0,0,0,439,0,0,439,0,0,0,0,gRNA_CDK7_targ_332_531
Reference,9.4017094,90.5982906,1262,1262,1170,110,1060,0,52,4,1059,0,1,1004,0,52,3,0,gRNA_CDK7_targ_332_532
HDR,0.0,100.0,1262,1262,91,0,91,0,0,0,91,0,0,91,0,0,0,0,gRNA_CDK7_targ_332_532
Reference,27.36318408,72.63681592,1262,1262,402,110,292,0,52,4,291,0,1,236,0,52,3,0,gRNA_CDK7_targ_332_533
HDR,19.73684211,80.26315789,1262,1262,456,90,366,0,0,0,366,0,0,366,0,0,0,0,gRNA_CDK7_targ_332_533
Reference,13.69863014,86.30136986,1262,1262,803,110,693,0,52,4,692,0,1,637,0,52,3,0,gRNA_CDK7_targ_332_534
HDR,0.0,100.0,1262,1262,92,0,92,0,0,0,92,0,0,92,0,0,0,0,gRNA_CDK7_targ_332_534
Reference,100.0,0.0,2,2,1,1,0,0,0,0,0,0,0,0,0,0,0,0,gRNA_CDK7_targ_333_535
HDR,0.0,100.0,2,2,1,0,1,0,0,0,1,0,0,1,0,0,0,0,gRNA_CDK7_targ_333_535
Reference,100.0,0.0,2,2,1,1,0,0,0,0,0,0,0,0,0,0,0,0,gRNA_CDK7_targ_333_536
HDR,0.0,100.0,2,2,1,0,1,0,0,0,1,0,0,1,0,0,0,0,gRNA_CDK7_targ_333_536
Reference,100.0,0.0,2,2,1,1,0,0,0,0,0,0,0,0,0,0,0,0,gRNA_CDK7_targ_333_537
HDR,0.0,100.0,2,2,1,0,1,0,0,0,1,0,0,1,0,0,0,0,gRNA_CDK7_targ_333_537
Reference,100.0,0.0,2,2,1,1,0,0,0,0,0,0,0,0,0,0,0,0,gRNA_CDK7_targ_333_538
HDR,0.0,100.0,2,2,1,0,1,0,0,0,1,0,0,1,0,0,0,0,gRNA_CDK7_targ_333_538
Reference,100.0,0.0,2,2,1,1,0,0,0,0,0,0,0,0,0,0,0,0,gRNA_CDK7_targ_333_539
HDR,0.0,100.0,2,2,1,0,1,0,0,0,1,0,0,1,0,0,0,0,gRNA_CDK7_targ_333_539
Reference,100.0,0.0,2,2,1,1,0,0,0,0,0,0,0,0,0,0,0,0,gRNA_CDK7_targ_333_540
HDR,0.0,100.0,2,2,1,0,1,0,0,0,1,0,0,1,0,0,0,0,gRNA_CDK7_targ_333_540
Reference,100.0,0.0,2,2,1,1,0,0,0,0,0,0,0,0,0,0,0,0,gRNA_CDK7_targ_333_541
HDR,100.0,0.0,2,2,1,1,0,0,0,0,0,0,0,0,0,0,0,0,gRNA_CDK7_targ_333_541
Reference,29.12621359,70.87378641,887,887,309,90,219,0,0,0,219,0,0,219,0,0,0,0,gRNA_CDK7_targ_335_542
HDR,0.17482517,99.82517483,887,887,572,1,571,0,0,0,571,0,0,571,0,0,0,0,gRNA_CDK7_targ_335_542
Reference,94.73684211,5.26315789,887,887,95,90,5,0,0,0,5,0,0,5,0,0,0,0,gRNA_CDK7_targ_335_543
HDR,21.1026616,78.8973384,887,887,526,111,415,0,0,0,415,0,0,415,0,0,0,0,gRNA_CDK7_targ_335_543
Reference,46.15384615,53.84615385,887,887,195,90,105,0,0,0,105,0,0,105,0,0,0,0,gRNA_CDK7_targ_335_544
HDR,68.17391304,31.82608696,887,887,575,392,183,0,0,0,183,0,0,183,0,0,0,0,gRNA_CDK7_targ_335_544
Reference,95.83333333,4.16666667,538,538,240,230,10,0,1,0,9,1,0,9,0,0,0,0,gRNA_CDK7_targ_336_545
HDR,4.45205479,95.54794521,538,538,292,13,279,0,1,0,278,1,0,278,0,0,0,0,gRNA_CDK7_targ_336_545
Reference,89.14728682,10.85271318,538,538,258,230,28,0,2,0,27,1,0,26,0,1,0,0,gRNA_CDK7_targ_336_546
HDR,0.0,100.0,538,538,279,0,279,0,0,0,279,0,0,279,0,0,0,0,gRNA_CDK7_targ_336_546
Reference,93.87755102,6.12244898,538,538,245,230,15,0,1,0,14,1,0,14,0,0,0,0,gRNA_CDK7_targ_336_547
HDR,99.28315412,0.71684588,538,538,279,277,2,0,0,0,2,0,0,2,0,0,0,0,gRNA_CDK7_targ_336_547
Reference,16.17021277,83.82978723,1695,1695,1175,190,985,0,0,1,985,0,0,984,0,0,1,0,gRNA_CDK7_targ_337_548
HDR,0.0,100.0,1695,1695,346,0,346,0,1,0,346,0,0,345,0,1,0,0,gRNA_CDK7_targ_337_548
Reference,96.93877551,3.06122449,1695,1695,196,190,6,0,0,0,6,0,0,6,0,0,0,0,gRNA_CDK7_targ_337_549
HDR,0.10070493,99.89929507,1695,1695,993,1,992,0,0,1,992,0,0,991,0,0,1,0,gRNA_CDK7_targ_337_549
Reference,26.83615819,73.16384181,1695,1695,708,190,518,0,0,0,518,0,0,518,0,0,0,0,gRNA_CDK7_targ_337_550
HDR,0.0,100.0,1695,1695,984,0,984,0,1,1,984,0,0,982,0,1,1,0,gRNA_CDK7_targ_337_550
Reference,35.71428571,64.28571429,1695,1695,532,190,342,0,0,0,342,0,0,342,0,0,0,0,gRNA_CDK7_targ_337_551
HDR,32.69230769,67.30769231,1695,1695,520,170,350,0,1,0,350,0,0,349,0,1,0,0,gRNA_CDK7_targ_337_551
Reference,35.51401869,64.48598131,1695,1695,535,190,345,0,0,0,345,0,0,345,0,0,0,0,gRNA_CDK7_targ_337_552
HDR,0.0,100.0,1695,1695,344,0,344,0,1,0,344,0,0,343,0,1,0,0,gRNA_CDK7_targ_337_552
Reference,35.78154426,64.21845574,1695,1695,531,190,341,0,0,0,341,0,0,341,0,0,0,0,gRNA_CDK7_targ_337_553
HDR,63.38742394,36.61257606,1695,1695,986,625,361,0,1,1,360,0,1,359,0,1,0,0,gRNA_CDK7_targ_337_553
Reference,35.64727955,64.35272045,1695,1695,533,190,343,0,0,0,343,0,0,343,0,0,0,0,gRNA_CDK7_targ_337_554
HDR,0.0,100.0,1695,1695,1160,0,1160,0,1,1,1160,0,0,1158,0,1,1,0,gRNA_CDK7_targ_337_554
Reference,27.79783394,72.20216606,658,658,554,154,400,0,0,0,400,0,0,400,0,0,0,0,gRNA_CDK7_targ_338_555
HDR,0.0,100.0,658,658,10,0,10,0,0,3,10,0,0,7,0,0,3,0,gRNA_CDK7_targ_338_555
Reference,96.85534591,3.14465409,658,658,159,154,5,0,0,0,5,0,0,5,0,0,0,0,gRNA_CDK7_targ_338_556
HDR,85.625,14.375,658,658,160,137,23,0,0,3,23,0,0,20,0,0,3,0,gRNA_CDK7_targ_338_556
Reference,28.1535649,71.8464351,658,658,547,154,393,0,0,0,393,0,0,393,0,0,0,0,gRNA_CDK7_targ_338_557
HDR,0.0,100.0,658,658,17,0,17,0,0,3,17,0,0,14,0,0,3,0,gRNA_CDK7_targ_338_557
Reference,38.11881188,61.88118812,658,658,404,154,250,0,0,0,250,0,0,250,0,0,0,0,gRNA_CDK7_targ_338_558
HDR,0.0,100.0,658,658,11,0,11,0,0,3,8,0,3,8,0,0,0,0,gRNA_CDK7_targ_338_558
Reference,28.1535649,71.8464351,658,658,547,154,393,0,0,0,393,0,0,393,0,0,0,0,gRNA_CDK7_targ_338_559
HDR,0.0,100.0,658,658,9,0,9,0,0,3,6,0,3,6,0,0,0,0,gRNA_CDK7_targ_338_559
Reference,38.02469136,61.97530864,658,658,405,154,251,0,0,0,251,0,0,251,0,0,0,0,gRNA_CDK7_targ_338_560
HDR,44.44444444,55.55555556,658,658,18,8,10,0,0,3,7,0,3,7,0,0,0,0,gRNA_CDK7_targ_338_560
Reference,28.25688073,71.74311927,658,658,545,154,391,0,0,0,391,0,0,391,0,0,0,0,gRNA_CDK7_targ_338_561
HDR,29.41176471,70.58823529,658,658,17,5,12,0,0,3,9,0,3,9,0,0,0,0,gRNA_CDK7_targ_338_561
Reference,81.59509202,18.40490798,277,254,163,133,30,0,0,0,30,0,0,30,0,0,0,0,gRNA_CDK7_targ_339_562
HDR,4.3956044,95.6043956,277,254,91,4,87,0,0,0,87,0,0,87,0,0,0,0,gRNA_CDK7_targ_339_562
Reference,80.12048193,19.87951807,277,254,166,133,33,0,0,0,33,0,0,33,0,0,0,0,gRNA_CDK7_targ_339_563
HDR,0.0,100.0,277,254,3,0,3,0,0,0,3,0,0,3,0,0,0,0,gRNA_CDK7_targ_339_563
Reference,81.59509202,18.40490798,277,254,163,133,30,0,0,0,30,0,0,30,0,0,0,0,gRNA_CDK7_targ_339_564
HDR,0.0,100.0,277,254,87,0,87,0,0,0,87,0,0,87,0,0,0,0,gRNA_CDK7_targ_339_564
Reference,6.10021786,93.89978214,4005,4005,3672,224,3448,0,1,0,3448,0,0,3447,0,1,0,0,gRNA_CDK7_targ_340_565
HDR,0.0,100.0,4005,4005,323,0,323,0,0,0,323,0,0,323,0,0,0,0,gRNA_CDK7_targ_340_565
Reference,97.39130435,2.60869565,4005,4005,230,224,6,0,0,0,6,0,0,6,0,0,0,0,gRNA_CDK7_targ_340_566
HDR,14.73096148,85.26903852,4005,4005,3401,501,2900,0,1,0,2900,0,0,2899,0,1,0,0,gRNA_CDK7_targ_340_566
Reference,37.77403035,62.22596965,4005,4005,593,224,369,0,0,0,369,0,0,369,0,0,0,0,gRNA_CDK7_targ_340_567
HDR,2.1021021,97.8978979,4005,4005,333,7,326,0,0,0,326,0,0,326,0,0,0,0,gRNA_CDK7_targ_340_567
Reference,5.8235084,94.1764916,4405,4405,2799,163,2636,0,6,56,2581,2,53,2574,0,4,3,0,gRNA_CDK7_targ_341_568
HDR,0.0,100.0,4405,4405,1207,0,1207,0,0,0,1207,0,0,1207,0,0,0,0,gRNA_CDK7_targ_341_568
Reference,73.0941704,26.9058296,4405,4405,223,163,60,0,3,55,5,2,53,2,0,1,2,0,gRNA_CDK7_targ_341_569
HDR,16.89208633,83.10791367,4405,4405,3475,587,2888,0,3,229,2664,0,224,2656,0,3,5,0,gRNA_CDK7_targ_341_569
Reference,4.06585183,95.93414817,4405,4405,4009,163,3846,0,3,283,3791,2,53,3560,0,1,230,0,gRNA_CDK7_targ_341_570
HDR,0.0,100.0,4405,4405,384,0,384,0,3,0,384,0,0,381,0,3,0,0,gRNA_CDK7_targ_341_570
Reference,21.30718954,78.69281046,4405,4405,765,163,602,0,3,55,547,2,53,544,0,1,2,0,gRNA_CDK7_targ_341_571
HDR,48.0222068,51.9777932,4405,4405,1441,692,749,0,0,228,524,0,225,521,0,0,3,0,gRNA_CDK7_targ_341_571
Reference,5.79246624,94.20753376,4405,4405,2814,163,2651,0,3,284,2596,2,53,2364,0,1,231,0,gRNA_CDK7_targ_341_572
HDR,0.0,100.0,4405,4405,8,0,8,0,0,0,8,0,0,8,0,0,0,0,gRNA_CDK7_targ_341_572
Reference,24.47447447,75.52552553,4405,4405,666,163,503,0,3,55,448,2,53,445,0,1,2,0,gRNA_CDK7_targ_341_573
HDR,0.25316456,99.74683544,4405,4405,395,1,394,0,3,1,394,0,0,390,0,3,1,0,gRNA_CDK7_targ_341_573
Reference,6.33009709,93.66990291,4405,4405,2575,163,2412,0,3,55,2357,2,53,2354,0,1,2,0,gRNA_CDK7_targ_341_574
HDR,0.0,100.0,4405,4405,1327,0,1327,0,0,0,1327,0,0,1327,0,0,0,0,gRNA_CDK7_targ_341_574
Reference,12.71043771,87.28956229,1654,1603,1188,151,1037,0,219,193,900,136,1,625,0,83,192,0,gRNA_CDK7_targ_342_575
HDR,0.0,100.0,1654,1603,413,0,413,0,0,0,413,0,0,413,0,0,0,0,gRNA_CDK7_targ_342_575
Reference,23.26656394,76.73343606,1654,1603,649,151,498,0,141,0,362,136,0,357,0,5,0,0,gRNA_CDK7_targ_342_576
HDR,24.94736842,75.05263158,1654,1603,950,237,713,0,78,192,457,70,186,443,0,8,6,0,gRNA_CDK7_targ_342_576
Reference,24.19871795,75.80128205,1654,1603,624,151,473,0,141,1,336,136,1,331,0,5,0,0,gRNA_CDK7_targ_342_577
HDR,0.0,100.0,1654,1603,386,0,386,0,0,0,386,0,0,386,0,0,0,0,gRNA_CDK7_targ_342_577
Reference,67.0212766,32.9787234,1060,1060,564,378,186,0,1,1,186,0,0,184,0,1,1,0,gRNA_CDK7_targ_343_578
HDR,97.32937685,2.67062315,1060,1060,337,328,9,0,0,0,9,0,0,9,0,0,0,0,gRNA_CDK7_targ_343_578
Reference,68.53839802,31.46160198,3601,3601,1211,830,381,0,0,1,380,0,1,380,0,0,0,0,gRNA_CDK7_targ_344_579
HDR,88.40508806,11.59491194,3601,3601,2044,1807,237,0,0,1,236,0,1,236,0,0,0,0,gRNA_CDK7_targ_344_579
Reference,3.11986864,96.88013136,614,614,609,19,590,0,0,0,590,0,0,590,0,0,0,0,gRNA_CDK7_targ_345_580
HDR,0.0,100.0,614,614,1,0,1,0,0,0,1,0,0,1,0,0,0,0,gRNA_CDK7_targ_345_580
Reference,100.0,0.0,614,614,19,19,0,0,0,0,0,0,0,0,0,0,0,0,gRNA_CDK7_targ_345_581
HDR,26.05042017,73.94957983,614,614,595,155,440,0,0,0,440,0,0,440,0,0,0,0,gRNA_CDK7_targ_345_581
Reference,10.73446328,89.26553672,614,614,177,19,158,0,0,0,158,0,0,158,0,0,0,0,gRNA_CDK7_targ_345_582
HDR,0.0,100.0,614,614,404,0,404,0,0,0,404,0,0,404,0,0,0,0,gRNA_CDK7_targ_345_582
Reference,100.0,0.0,614,614,19,19,0,0,0,0,0,0,0,0,0,0,0,0,gRNA_CDK7_targ_345_583
HDR,0.0,100.0,614,614,5,0,5,0,0,0,5,0,0,5,0,0,0,0,gRNA_CDK7_targ_345_583
Reference,9.04761905,90.95238095,614,614,210,19,191,0,0,0,191,0,0,191,0,0,0,0,gRNA_CDK7_targ_345_584
HDR,0.0,100.0,614,614,5,0,5,0,0,0,5,0,0,5,0,0,0,0,gRNA_CDK7_targ_345_584
Reference,100.0,0.0,614,614,19,19,0,0,0,0,0,0,0,0,0,0,0,0,gRNA_CDK7_targ_345_585
HDR,90.16018307,9.83981693,614,614,437,394,43,0,0,0,43,0,0,43,0,0,0,0,gRNA_CDK7_targ_345_585
Reference,10.73446328,89.26553672,614,614,177,19,158,0,0,0,158,0,0,158,0,0,0,0,gRNA_CDK7_targ_345_586
HDR,0.24752475,99.75247525,614,614,404,1,403,0,0,0,403,0,0,403,0,0,0,0,gRNA_CDK7_targ_345_586
Reference,96.82539683,3.17460317,88,88,63,61,2,0,0,0,2,0,0,2,0,0,0,0,gRNA_CDK7_targ_346_587
HDR,0.0,100.0,88,88,9,0,9,0,0,0,9,0,0,9,0,0,0,0,gRNA_CDK7_targ_346_587
Reference,98.38709677,1.61290323,88,88,62,61,1,0,0,0,1,0,0,1,0,0,0,0,gRNA_CDK7_targ_346_588
HDR,8.33333333,91.66666667,88,88,12,1,11,0,0,0,11,0,0,11,0,0,0,0,gRNA_CDK7_targ_346_588
Reference,98.38709677,1.61290323,88,88,62,61,1,0,0,0,1,0,0,1,0,0,0,0,gRNA_CDK7_targ_346_589
HDR,66.66666667,33.33333333,88,88,12,8,4,0,0,0,4,0,0,4,0,0,0,0,gRNA_CDK7_targ_346_589
Reference,63.04347826,36.95652174,1353,1353,46,29,17,0,0,0,17,0,0,17,0,0,0,0,gRNA_CDK7_targ_347_590
HDR,48.53458382,51.46541618,1353,1353,853,414,439,0,0,0,439,0,0,439,0,0,0,0,gRNA_CDK7_targ_347_590
Reference,3.29545455,96.70454545,1353,1353,880,29,851,0,0,0,851,0,0,851,0,0,0,0,gRNA_CDK7_targ_347_591
HDR,5.26315789,94.73684211,1353,1353,76,4,72,0,0,0,72,0,0,72,0,0,0,0,gRNA_CDK7_targ_347_591
Reference,6.25,93.75,1353,1353,464,29,435,0,0,0,435,0,0,435,0,0,0,0,gRNA_CDK7_targ_347_592
HDR,8.29694323,91.70305677,1353,1353,458,38,420,0,0,0,420,0,0,420,0,0,0,0,gRNA_CDK7_targ_347_592
Reference,41.05621806,58.94378194,1005,1005,587,241,346,0,5,1,342,4,0,340,0,1,1,0,gRNA_CDK7_targ_349_593
HDR,84.17266187,15.82733813,1005,1005,417,351,66,0,0,8,58,0,8,58,0,0,0,0,gRNA_CDK7_targ_349_593
Reference,5.51470588,94.48529412,2172,2172,816,45,771,0,0,194,584,0,187,577,0,0,7,0,gRNA_CDK7_targ_350_594
HDR,14.21755725,85.78244275,2172,2172,1048,149,899,0,0,151,899,0,0,748,0,0,151,0,gRNA_CDK7_targ_350_594
Reference,4.90730643,95.09269357,2172,2172,917,45,872,0,0,150,872,0,0,722,0,0,150,0,gRNA_CDK7_targ_350_595
HDR,41.34509372,58.65490628,2172,2172,907,375,532,0,0,2,531,0,1,530,0,0,1,0,gRNA_CDK7_targ_350_595
Reference,9.25925926,90.74074074,2172,2172,486,45,441,0,0,194,254,0,187,247,0,0,7,0,gRNA_CDK7_targ_350_596
HDR,38.73239437,61.26760563,2172,2172,426,165,261,0,0,2,260,0,1,259,0,0,1,0,gRNA_CDK7_targ_350_596
Reference,97.5,2.5,1363,1363,280,273,7,0,0,0,7,0,0,7,0,0,0,0,gRNA_CDK7_targ_351_597
HDR,36.4142539,63.5857461,1363,1363,898,327,571,0,0,2,570,0,1,569,0,0,1,0,gRNA_CDK7_targ_351_597
Reference,45.66473988,54.33526012,1421,1421,346,158,188,0,0,0,188,0,0,188,0,0,0,0,gRNA_CDK7_targ_352_598
HDR,51.07758621,48.92241379,1421,1421,928,474,454,0,0,0,454,0,0,454,0,0,0,0,gRNA_CDK7_targ_352_598
Reference,0.5988024,99.4011976,525,525,167,1,166,0,0,118,52,0,114,48,0,0,4,0,gRNA_CDK7_targ_353_599
HDR,0.0,100.0,525,525,357,0,357,0,0,3,354,0,3,354,0,0,0,0,gRNA_CDK7_targ_353_599
Reference,,,1055,1055,0,0,0,0,0,0,0,0,0,0,0,0,0,0,gRNA_CDK7_targ_354_600
HDR,36.46723647,63.53276353,1055,1055,1053,384,669,0,0,1,668,0,1,668,0,0,0,0,gRNA_CDK7_targ_354_600
Reference,98.48484848,1.51515152,969,969,132,130,2,0,0,0,2,0,0,2,0,0,0,0,gRNA_CDK7_targ_356_601
HDR,99.23954373,0.76045627,969,969,526,522,4,0,0,0,4,0,0,4,0,0,0,0,gRNA_CDK7_targ_356_601
Reference,85.71428571,14.28571429,432,432,7,6,1,0,0,1,1,0,0,0,0,0,1,0,gRNA_CDK7_targ_357_602
HDR,98.3490566,1.6509434,432,432,424,417,7,0,0,0,7,0,0,7,0,0,0,0,gRNA_CDK7_targ_357_602
Reference,97.85522788,2.14477212,878,878,746,730,16,0,0,0,16,0,0,16,0,0,0,0,gRNA_CDK7_targ_358_603
HDR,95.41984733,4.58015267,878,878,131,125,6,0,0,1,5,0,1,5,0,0,0,0,gRNA_CDK7_targ_358_603
Reference,95.0,5.0,386,386,40,38,2,0,0,0,2,0,0,2,0,0,0,0,gRNA_CDK7_targ_359_604
HDR,56.7251462,43.2748538,386,386,342,194,148,0,0,0,148,0,0,148,0,0,0,0,gRNA_CDK7_targ_359_604
Reference,65.19823789,34.80176211,4111,3917,227,148,79,0,66,2,78,1,0,11,0,65,2,0,gRNA_CDK7_targ_361_605
HDR,53.6,46.4,4111,3917,3375,1809,1566,0,0,0,1566,0,0,1566,0,0,0,0,gRNA_CDK7_targ_361_605
Reference,14.87142164,85.12857836,4873,4872,4122,613,3509,0,595,5,3507,0,2,2909,0,595,3,0,gRNA_CDK7_targ_362_606
HDR,0.0,100.0,4873,4872,683,0,683,0,0,0,683,0,0,683,0,0,0,0,gRNA_CDK7_targ_362_606
Reference,1.66666667,98.33333333,678,678,180,3,177,0,0,177,177,0,0,0,0,0,177,0,gRNA_CDK7_targ_363_607
HDR,0.22883295,99.77116705,678,678,437,1,436,0,0,1,436,0,0,435,0,0,1,0,gRNA_CDK7_targ_363_607
Reference,42.85714286,57.14285714,678,678,7,3,4,0,0,0,4,0,0,4,0,0,0,0,gRNA_CDK7_targ_363_608
HDR,0.0,100.0,678,678,378,0,378,0,0,1,378,0,0,377,0,0,1,0,gRNA_CDK7_targ_363_608
Reference,1.65745856,98.34254144,678,678,181,3,178,0,0,177,178,0,0,1,0,0,177,0,gRNA_CDK7_targ_363_609
HDR,60.72874494,39.27125506,678,678,494,300,194,0,0,2,194,0,0,192,0,0,2,0,gRNA_CDK7_targ_363_609
Reference,14.96815287,85.03184713,412,412,314,47,267,0,0,0,267,0,0,267,0,0,0,0,gRNA_CDK7_targ_364_610
HDR,0.0,100.0,412,412,92,0,92,0,1,0,92,0,0,91,0,1,0,0,gRNA_CDK7_targ_364_610
Reference,95.91836735,4.08163265,412,412,49,47,2,0,0,0,2,0,0,2,0,0,0,0,gRNA_CDK7_targ_364_611
HDR,72.17630854,27.82369146,412,412,363,262,101,0,1,0,101,0,0,100,0,1,0,0,gRNA_CDK7_targ_364_611
Reference,11.63366337,88.36633663,412,412,404,47,357,0,0,0,357,0,0,357,0,0,0,0,gRNA_CDK7_targ_364_612
HDR,0.0,100.0,412,412,5,0,5,0,0,0,5,0,0,5,0,0,0,0,gRNA_CDK7_targ_364_612
Reference,95.91836735,4.08163265,412,412,49,47,2,0,0,0,2,0,0,2,0,0,0,0,gRNA_CDK7_targ_364_613
HDR,37.11340206,62.88659794,412,412,97,36,61,0,1,0,60,1,0,60,0,0,0,0,gRNA_CDK7_targ_364_613
Reference,14.6875,85.3125,412,412,320,47,273,0,0,0,273,0,0,273,0,0,0,0,gRNA_CDK7_targ_364_614
HDR,0.0,100.0,412,412,7,0,7,0,1,0,7,0,0,6,0,1,0,0,gRNA_CDK7_targ_364_614
Reference,95.91836735,4.08163265,412,412,49,47,2,0,0,0,2,0,0,2,0,0,0,0,gRNA_CDK7_targ_364_615
HDR,0.0,100.0,412,412,8,0,8,0,1,0,8,0,0,7,0,1,0,0,gRNA_CDK7_targ_364_615
Reference,14.96815287,85.03184713,412,412,314,47,267,0,0,0,267,0,0,267,0,0,0,0,gRNA_CDK7_targ_364_616
HDR,5.43478261,94.56521739,412,412,92,5,87,0,1,0,86,1,0,86,0,0,0,0,gRNA_CDK7_targ_364_616
Reference,96.21212121,3.78787879,762,762,132,127,5,0,0,0,5,0,0,5,0,0,0,0,gRNA_CDK7_targ_365_617
HDR,0.16339869,99.83660131,762,762,612,1,611,0,0,3,611,0,0,608,0,0,3,0,gRNA_CDK7_targ_365_617
Reference,35.08287293,64.91712707,762,762,362,127,235,0,0,1,235,0,0,234,0,0,1,0,gRNA_CDK7_targ_365_618
HDR,0.0,100.0,762,762,396,0,396,0,0,1,396,0,0,395,0,0,1,0,gRNA_CDK7_targ_365_618
Reference,96.21212121,3.78787879,762,762,132,127,5,0,0,0,5,0,0,5,0,0,0,0,gRNA_CDK7_targ_365_619
HDR,43.46733668,56.53266332,762,762,398,173,225,0,0,1,225,0,0,224,0,0,1,0,gRNA_CDK7_targ_365_619
Reference,49.61340206,50.38659794,2862,2862,1552,770,782,0,1,0,781,1,0,781,0,0,0,0,gRNA_CDK7_targ_366_620
HDR,0.15337423,99.84662577,2862,2862,1304,2,1302,0,0,0,1302,0,0,1302,0,0,0,0,gRNA_CDK7_targ_366_620
Reference,96.85534591,3.14465409,2862,2862,795,770,25,0,1,0,24,1,0,24,0,0,0,0,gRNA_CDK7_targ_366_621
HDR,26.25968992,73.74031008,2862,2862,2064,542,1522,0,0,0,1522,0,0,1522,0,0,0,0,gRNA_CDK7_targ_366_621
Reference,96.85534591,3.14465409,2862,2862,795,770,25,0,1,0,24,1,0,24,0,0,0,0,gRNA_CDK7_targ_366_622
HDR,86.20689655,13.79310345,2862,2862,1305,1125,180,0,0,0,180,0,0,180,0,0,0,0,gRNA_CDK7_targ_366_622
Reference,0.0,100.0,239,239,23,0,23,0,0,0,23,0,0,23,0,0,0,0,gRNA_CDK7_targ_367_623
HDR,23.8317757,76.1682243,239,239,214,51,163,0,0,0,163,0,0,163,0,0,0,0,gRNA_CDK7_targ_367_623
Reference,0.0,100.0,239,239,52,0,52,0,0,0,52,0,0,52,0,0,0,0,gRNA_CDK7_targ_367_624
HDR,0.0,100.0,239,239,163,0,163,0,0,0,163,0,0,163,0,0,0,0,gRNA_CDK7_targ_367_624
Reference,0.0,100.0,239,239,24,0,24,0,0,0,24,0,0,24,0,0,0,0,gRNA_CDK7_targ_367_625
HDR,97.56097561,2.43902439,239,239,164,160,4,0,0,0,4,0,0,4,0,0,0,0,gRNA_CDK7_targ_367_625
Reference,93.44262295,6.55737705,665,665,122,114,8,0,0,4,4,0,4,4,0,0,0,0,gRNA_CDK7_targ_369_626
HDR,96.83426443,3.16573557,665,665,537,520,17,0,1,1,15,1,1,15,0,0,0,0,gRNA_CDK7_targ_369_626
Reference,98.7933635,1.2066365,1060,1060,663,655,8,0,0,0,8,0,0,8,0,0,0,0,gRNA_CDK7_targ_370_627
HDR,98.47715736,1.52284264,1060,1060,394,388,6,0,0,0,6,0,0,6,0,0,0,0,gRNA_CDK7_targ_370_627
Reference,90.0,10.0,555,555,50,45,5,0,0,0,5,0,0,5,0,0,0,0,gRNA_CDK7_targ_373_628
HDR,0.0,100.0,555,555,486,0,486,0,1,0,486,0,0,485,0,1,0,0,gRNA_CDK7_targ_373_628
Reference,68.18181818,31.81818182,555,555,66,45,21,0,1,0,21,0,0,20,0,1,0,0,gRNA_CDK7_targ_373_629
HDR,0.0,100.0,555,555,474,0,474,0,1,0,473,1,0,473,0,0,0,0,gRNA_CDK7_targ_373_629
Reference,91.83673469,8.16326531,555,555,49,45,4,0,0,0,4,0,0,4,0,0,0,0,gRNA_CDK7_targ_373_630
HDR,34.53389831,65.46610169,555,555,472,163,309,0,1,0,308,1,0,308,0,0,0,0,gRNA_CDK7_targ_373_630
Reference,98.29059829,1.70940171,916,916,234,230,4,0,0,0,4,0,0,4,0,0,0,0,gRNA_CDK7_targ_374_631
HDR,53.54330709,46.45669291,916,916,381,204,177,0,0,2,176,0,1,175,0,0,1,0,gRNA_CDK7_targ_374_631
Reference,95.90643275,4.09356725,1332,1332,171,164,7,0,0,0,7,0,0,7,0,0,0,0,gRNA_CDK7_targ_375_632
HDR,23.55658199,76.44341801,1332,1332,866,204,662,0,0,1,662,0,0,661,0,0,1,0,gRNA_CDK7_targ_375_632
Reference,56.62650602,43.37349398,1494,1494,166,94,72,0,1,70,1,1,70,1,0,0,0,0,gRNA_CDK7_targ_378_633
HDR,82.15701824,17.84298176,1494,1494,1261,1036,225,0,0,1,225,0,0,224,0,0,1,0,gRNA_CDK7_targ_378_633
Reference,100.0,0.0,347,347,3,3,0,0,0,0,0,0,0,0,0,0,0,0,gRNA_CDK7_targ_379_634
HDR,0.0,100.0,347,347,342,0,342,0,0,0,342,0,0,342,0,0,0,0,gRNA_CDK7_targ_379_634
Reference,100.0,0.0,347,347,3,3,0,0,0,0,0,0,0,0,0,0,0,0,gRNA_CDK7_targ_379_635
HDR,0.0,100.0,347,347,343,0,343,0,0,0,343,0,0,343,0,0,0,0,gRNA_CDK7_targ_379_635
Reference,100.0,0.0,347,347,3,3,0,0,0,0,0,0,0,0,0,0,0,0,gRNA_CDK7_targ_379_636
HDR,97.96511628,2.03488372,347,347,344,337,7,0,0,0,7,0,0,7,0,0,0,0,gRNA_CDK7_targ_379_636
Reference,94.87179487,5.12820513,391,391,156,148,8,0,0,3,5,0,3,5,0,0,0,0,gRNA_CDK7_targ_384_637
HDR,35.4978355,64.5021645,391,391,231,82,149,0,0,0,149,0,0,149,0,0,0,0,gRNA_CDK7_targ_384_637
Reference,37.94871795,62.05128205,391,391,390,148,242,0,0,3,239,0,3,239,0,0,0,0,gRNA_CDK7_targ_384_638
HDR,,,391,391,0,0,0,0,0,0,0,0,0,0,0,0,0,0,gRNA_CDK7_targ_384_638
Reference,92.5,7.5,391,391,160,148,12,0,0,3,9,0,3,9,0,0,0,0,gRNA_CDK7_targ_384_639
HDR,,,391,391,0,0,0,0,0,0,0,0,0,0,0,0,0,0,gRNA_CDK7_targ_384_639
Reference,0.0,100.0,247,247,241,0,241,0,6,0,241,0,0,235,0,6,0,0,gRNA_CDK7_targ_385_640
HDR,0.0,100.0,247,247,4,0,4,0,0,0,4,0,0,4,0,0,0,0,gRNA_CDK7_targ_385_640
Reference,0.0,100.0,247,247,1,0,1,0,0,0,1,0,0,1,0,0,0,0,gRNA_CDK7_targ_385_641
HDR,93.85245902,6.14754098,247,247,244,229,15,0,6,0,9,6,0,9,0,0,0,0,gRNA_CDK7_targ_385_641
Reference,,,247,247,0,0,0,0,0,0,0,0,0,0,0,0,0,0,gRNA_CDK7_targ_385_642
HDR,20.0,80.0,247,247,5,1,4,0,0,0,4,0,0,4,0,0,0,0,gRNA_CDK7_targ_385_642
Reference,68.75,31.25,1581,1581,16,11,5,0,0,0,5,0,0,5,0,0,0,0,gRNA_CDK7_targ_386_643
HDR,0.06443299,99.93556701,1581,1581,1552,1,1551,0,37,4,1551,0,0,1510,0,37,4,0,gRNA_CDK7_targ_386_643
Reference,68.75,31.25,1581,1581,16,11,5,0,0,0,5,0,0,5,0,0,0,0,gRNA_CDK7_targ_386_644
HDR,0.066357,99.933643,1581,1581,1507,1,1506,0,37,3,1506,0,0,1466,0,37,3,0,gRNA_CDK7_targ_386_644
Reference,73.33333333,26.66666667,1581,1581,15,11,4,0,0,0,4,0,0,4,0,0,0,0,gRNA_CDK7_targ_386_645
HDR,81.90537084,18.09462916,1581,1581,1564,1281,283,0,37,4,243,37,3,242,0,0,1,0,gRNA_CDK7_targ_386_645
Reference,1.05820106,98.94179894,811,789,378,4,374,0,28,8,374,0,0,338,0,28,8,0,gRNA_CDK7_targ_388_646
HDR,0.0,100.0,811,789,2,0,2,0,0,0,2,0,0,2,0,0,0,0,gRNA_CDK7_targ_388_646
Reference,1.8957346,98.1042654,811,807,211,4,207,0,27,5,207,0,0,175,0,27,5,0,gRNA_CDK7_targ_388_647
HDR,26.93602694,73.06397306,811,807,594,160,434,0,19,3,412,19,3,412,0,0,0,0,gRNA_CDK7_targ_388_647
Reference,1.87793427,98.12206573,811,807,213,4,209,0,27,5,209,0,0,177,0,27,5,0,gRNA_CDK7_targ_388_648
HDR,0.46838407,99.53161593,811,807,427,2,425,0,18,0,407,18,0,407,0,0,0,0,gRNA_CDK7_targ_388_648
Reference,,,95,95,0,0,0,0,0,0,0,0,0,0,0,0,0,0,gRNA_CDK7_targ_389_649
HDR,98.93617021,1.06382979,95,95,94,93,1,0,0,0,1,0,0,1,0,0,0,0,gRNA_CDK7_targ_389_649
Reference,0.0,100.0,95,95,95,0,95,0,0,0,95,0,0,95,0,0,0,0,gRNA_CDK7_targ_389_650
HDR,,,95,95,0,0,0,0,0,0,0,0,0,0,0,0,0,0,gRNA_CDK7_targ_389_650
Reference,0.0,100.0,95,95,1,0,1,0,0,0,1,0,0,1,0,0,0,0,gRNA_CDK7_targ_389_651
HDR,,,95,95,0,0,0,0,0,0,0,0,0,0,0,0,0,0,gRNA_CDK7_targ_389_651
Reference,96.55596556,3.44403444,846,846,813,785,28,0,0,1,27,0,1,27,0,0,0,0,gRNA_CDK7_targ_390_652
HDR,100.0,0.0,846,846,29,29,0,0,0,0,0,0,0,0,0,0,0,0,gRNA_CDK7_targ_390_652
Reference,1.28654971,98.71345029,2507,2507,855,11,844,0,0,0,844,0,0,844,0,0,0,0,gRNA_CDK7_targ_393_653
HDR,0.0,100.0,2507,2507,1404,0,1404,0,0,1,1404,0,0,1403,0,0,1,0,gRNA_CDK7_targ_393_653
Reference,52.38095238,47.61904762,2507,2507,21,11,10,0,0,0,10,0,0,10,0,0,0,0,gRNA_CDK7_targ_393_654
HDR,5.11013216,94.88986784,2507,2507,2270,116,2154,0,0,1,2154,0,0,2153,0,0,1,0,gRNA_CDK7_targ_393_654
Reference,4.91071429,95.08928571,2507,2507,224,11,213,0,0,0,213,0,0,213,0,0,0,0,gRNA_CDK7_targ_393_655
HDR,40.44875682,59.55124318,2507,2507,1649,667,982,0,0,1,981,0,1,981,0,0,0,0,gRNA_CDK7_targ_393_655
Reference,61.25866051,38.74133949,3516,3516,1732,1061,671,0,0,0,671,0,0,671,0,0,0,0,gRNA_CDK7_targ_394_656
HDR,49.85540775,50.14459225,3516,3516,1729,862,867,0,0,1,866,0,1,866,0,0,0,0,gRNA_CDK7_targ_394_656
Reference,97.46621622,2.53378378,2581,2493,592,577,15,0,1,0,15,0,0,14,0,1,0,0,gRNA_CDK7_targ_395_657
HDR,15.81444386,84.18555614,2581,2493,1897,300,1597,0,0,0,1597,0,0,1597,0,0,0,0,gRNA_CDK7_targ_395_657
Reference,63.75690608,36.24309392,2581,2493,905,577,328,0,0,0,328,0,0,328,0,0,0,0,gRNA_CDK7_targ_395_658
HDR,0.0,100.0,2581,2493,1586,0,1586,0,1,0,1586,0,0,1585,0,1,0,0,gRNA_CDK7_targ_395_658
Reference,97.13804714,2.86195286,2581,2493,594,577,17,0,0,0,17,0,0,17,0,0,0,0,gRNA_CDK7_targ_395_659
HDR,92.56458727,7.43541273,2581,2493,1587,1469,118,0,0,0,118,0,0,118,0,0,0,0,gRNA_CDK7_targ_395_659
Reference,0.13382402,99.86617598,2996,2996,2989,4,2985,0,1,36,2949,1,35,2948,0,0,1,0,gRNA_CDK7_targ_396_660
HDR,0.0,100.0,2996,2996,2,0,2,0,0,0,2,0,0,2,0,0,0,0,gRNA_CDK7_targ_396_660
Reference,9.52380952,90.47619048,2996,2996,42,4,38,0,1,36,2,1,35,1,0,0,1,0,gRNA_CDK7_targ_396_661
HDR,0.03756574,99.96243426,2996,2996,2662,1,2661,0,0,0,2661,0,0,2661,0,0,0,0,gRNA_CDK7_targ_396_661
Reference,1.2012012,98.7987988,2996,2996,333,4,329,0,1,36,293,1,35,292,0,0,1,0,gRNA_CDK7_targ_396_662
HDR,0.03757986,99.96242014,2996,2996,2661,1,2660,0,0,0,2660,0,0,2660,0,0,0,0,gRNA_CDK7_targ_396_662
Reference,1.2012012,98.7987988,2996,2996,333,4,329,0,1,36,293,1,35,292,0,0,1,0,gRNA_CDK7_targ_396_663
HDR,0.0,100.0,2996,2996,6,0,6,0,0,0,6,0,0,6,0,0,0,0,gRNA_CDK7_targ_396_663
Reference,1.19402985,98.80597015,2996,2996,335,4,331,0,1,36,295,1,35,294,0,0,1,0,gRNA_CDK7_targ_396_664
HDR,0.0,100.0,2996,2996,6,0,6,0,0,0,6,0,0,6,0,0,0,0,gRNA_CDK7_targ_396_664
Reference,1.20481928,98.79518072,2996,2996,332,4,328,0,1,36,292,1,35,291,0,0,1,0,gRNA_CDK7_targ_396_665
HDR,96.9947408,3.0052592,2996,2996,2662,2582,80,0,0,0,80,0,0,80,0,0,0,0,gRNA_CDK7_targ_396_665
Reference,1.19760479,98.80239521,2996,2996,334,4,330,0,1,36,294,1,35,293,0,0,1,0,gRNA_CDK7_targ_396_666
HDR,0.07521625,99.92478375,2996,2996,2659,2,2657,0,0,0,2657,0,0,2657,0,0,0,0,gRNA_CDK7_targ_396_666
Reference,34.37990581,65.62009419,3038,3038,637,219,418,0,407,0,28,390,0,11,0,17,0,0,gRNA_CDK7_targ_397_667
HDR,11.10491071,88.89508929,3038,3038,1792,199,1593,0,0,1,1593,0,0,1592,0,0,1,0,gRNA_CDK7_targ_397_667
Reference,50.0,50.0,4955,4954,6,3,3,0,0,0,3,0,0,3,0,0,0,0,gRNA_CDK7_targ_398_668
HDR,13.11754685,86.88245315,4955,4954,4109,539,3570,0,0,492,3096,0,474,3078,0,0,18,0,gRNA_CDK7_targ_398_668
Reference,41.66666667,58.33333333,889,889,12,5,7,0,0,0,7,0,0,7,0,0,0,0,gRNA_CDK7_targ_399_669
HDR,4.12926391,95.87073609,889,889,557,23,534,0,1,1,533,1,0,532,0,0,1,0,gRNA_CDK7_targ_399_669
Reference,13.33333333,86.66666667,564,564,30,4,26,0,0,0,26,0,0,26,0,0,0,0,gRNA_CDK7_targ_400_670
HDR,0.56179775,99.43820225,564,564,534,3,531,0,0,0,531,0,0,531,0,0,0,0,gRNA_CDK7_targ_400_670
Reference,0.0,100.0,961,961,3,0,3,0,1,0,3,0,0,2,0,1,0,0,gRNA_CDK7_targ_401_671
HDR,0.3931848,99.6068152,961,961,763,3,760,0,0,0,760,0,0,760,0,0,0,0,gRNA_CDK7_targ_401_671
Reference,91.26637555,8.73362445,2967,2964,687,627,60,0,0,0,60,0,0,60,0,0,0,0,gRNA_CDK7_targ_403_672
HDR,97.53412594,2.46587406,2967,2964,2271,2215,56,0,0,4,53,0,3,52,0,0,1,0,gRNA_CDK7_targ_403_672
Reference,91.03486442,8.96513558,2649,2649,1807,1645,162,0,0,0,162,0,0,162,0,0,0,0,gRNA_CDK7_targ_404_673
HDR,97.73809524,2.26190476,2649,2649,840,821,19,0,0,0,19,0,0,19,0,0,0,0,gRNA_CDK7_targ_404_673
Reference,80.35290126,19.64709874,4945,4940,2947,2368,579,0,203,4,384,191,4,372,0,12,0,0,gRNA_CDK7_targ_405_674
HDR,94.24342105,5.75657895,4945,4940,1216,1146,70,0,0,0,70,0,0,70,0,0,0,0,gRNA_CDK7_targ_405_674
Reference,1.57480315,98.42519685,1452,1451,127,2,125,0,1,114,14,0,111,10,0,1,3,0,gRNA_CDK7_targ_406_675
HDR,1.18694362,98.81305638,1452,1451,1011,12,999,0,0,1,999,0,0,998,0,0,1,0,gRNA_CDK7_targ_406_675
Reference,0.49261084,99.50738916,1452,1451,406,2,404,0,3,114,293,0,111,287,0,3,3,0,gRNA_CDK7_targ_406_676
HDR,1.001001,98.998999,1452,1451,999,10,989,0,1,1,988,1,0,987,0,0,1,0,gRNA_CDK7_targ_406_676
Reference,0.50890585,99.49109415,1452,1451,393,2,391,0,3,114,280,0,111,274,0,3,3,0,gRNA_CDK7_targ_406_677
HDR,96.49298597,3.50701403,1452,1451,998,963,35,0,0,1,34,0,1,34,0,0,0,0,gRNA_CDK7_targ_406_677
Reference,0.41841004,99.58158996,1441,1441,239,1,238,0,0,117,237,0,1,121,0,0,116,0,gRNA_CDK7_targ_407_678
HDR,0.59101655,99.40898345,1441,1441,846,5,841,0,0,1,841,0,0,840,0,0,1,0,gRNA_CDK7_targ_407_678
Reference,47.49536178,52.50463822,1188,1188,539,256,283,0,1,3,282,1,0,279,0,0,3,0,gRNA_CDK7_targ_409_679
HDR,5.73613767,94.26386233,1188,1188,523,30,493,0,1,0,493,0,0,492,0,1,0,0,gRNA_CDK7_targ_409_679
Reference,55.17241379,44.82758621,1188,1188,464,256,208,0,1,3,207,1,0,204,0,0,3,0,gRNA_CDK7_targ_409_680
HDR,14.56582633,85.43417367,1188,1188,714,104,610,0,1,0,610,0,0,609,0,1,0,0,gRNA_CDK7_targ_409_680
Reference,59.12240185,40.87759815,1188,1188,433,256,177,0,0,3,177,0,0,174,0,0,3,0,gRNA_CDK7_targ_409_681
HDR,76.66126418,23.33873582,1188,1188,617,473,144,0,1,0,143,1,0,143,0,0,0,0,gRNA_CDK7_targ_409_681
Reference,1.48698885,98.51301115,549,549,269,4,265,0,0,0,265,0,0,265,0,0,0,0,gRNA_CDK7_targ_410_682
HDR,0.0,100.0,549,549,279,0,279,0,0,0,279,0,0,279,0,0,0,0,gRNA_CDK7_targ_410_682
Reference,80.0,20.0,549,549,5,4,1,0,0,0,1,0,0,1,0,0,0,0,gRNA_CDK7_targ_410_683
HDR,47.50462107,52.49537893,549,549,541,257,284,0,0,0,284,0,0,284,0,0,0,0,gRNA_CDK7_targ_410_683
Reference,57.14285714,42.85714286,549,549,7,4,3,0,0,0,3,0,0,3,0,0,0,0,gRNA_CDK7_targ_410_684
HDR,18.99641577,81.00358423,549,549,279,53,226,0,0,0,226,0,0,226,0,0,0,0,gRNA_CDK7_targ_410_684
Reference,2.12560386,97.87439614,1408,1408,1035,22,1013,0,0,0,1013,0,0,1013,0,0,0,0,gRNA_CDK7_targ_413_685
HDR,21.68674699,78.31325301,1408,1408,332,72,260,0,0,0,260,0,0,260,0,0,0,0,gRNA_CDK7_targ_413_685
Reference,22.44897959,77.55102041,1408,1408,98,22,76,0,0,0,76,0,0,76,0,0,0,0,gRNA_CDK7_targ_413_686
HDR,64.85239852,35.14760148,1408,1408,1084,703,381,0,0,0,381,0,0,381,0,0,0,0,gRNA_CDK7_targ_413_686
Reference,8.76494024,91.23505976,1408,1408,251,22,229,0,0,0,229,0,0,229,0,0,0,0,gRNA_CDK7_targ_413_687
HDR,82.66666667,17.33333333,1408,1408,300,248,52,0,0,0,52,0,0,52,0,0,0,0,gRNA_CDK7_targ_413_687
Reference,9.96978852,90.03021148,1261,1261,331,33,298,0,0,0,298,0,0,298,0,0,0,0,gRNA_CDK7_targ_414_688
HDR,28.14814815,71.85185185,1261,1261,810,228,582,0,0,0,582,0,0,582,0,0,0,0,gRNA_CDK7_targ_414_688
Reference,97.49262537,2.50737463,689,689,678,661,17,0,0,0,17,0,0,17,0,0,0,0,gRNA_CDK7_targ_416_689
HDR,100.0,0.0,689,689,10,10,0,0,0,0,0,0,0,0,0,0,0,0,gRNA_CDK7_targ_416_689
Reference,97.62583096,2.37416904,1057,1057,1053,1028,25,0,0,0,25,0,0,25,0,0,0,0,gRNA_CDK7_targ_417_690
HDR,,,1057,1057,0,0,0,0,0,0,0,0,0,0,0,0,0,0,gRNA_CDK7_targ_417_690
Reference,97.62583096,2.37416904,1057,1057,1053,1028,25,0,0,0,25,0,0,25,0,0,0,0,gRNA_CDK7_targ_417_691
HDR,,,1057,1057,0,0,0,0,0,0,0,0,0,0,0,0,0,0,gRNA_CDK7_targ_417_691
Reference,97.256386,2.743614,1057,1057,1057,1028,29,0,0,0,29,0,0,29,0,0,0,0,gRNA_CDK7_targ_417_692
HDR,,,1057,1057,0,0,0,0,0,0,0,0,0,0,0,0,0,0,gRNA_CDK7_targ_417_692
Reference,97.29981378,2.70018622,1076,1076,1074,1045,29,0,0,0,29,0,0,29,0,0,0,0,gRNA_CDK7_targ_418_693
HDR,,,1076,1076,0,0,0,0,0,0,0,0,0,0,0,0,0,0,gRNA_CDK7_targ_418_693
Reference,0.0,100.0,692,692,692,0,692,0,0,0,692,0,0,692,0,0,0,0,gRNA_CDK7_targ_419_694
HDR,,,692,692,0,0,0,0,0,0,0,0,0,0,0,0,0,0,gRNA_CDK7_targ_419_694
Reference,0.0,100.0,692,692,1,0,1,0,0,0,1,0,0,1,0,0,0,0,gRNA_CDK7_targ_419_695
HDR,75.12195122,24.87804878,692,692,615,462,153,0,0,0,153,0,0,153,0,0,0,0,gRNA_CDK7_targ_419_695
Reference,0.0,100.0,692,692,77,0,77,0,0,0,77,0,0,77,0,0,0,0,gRNA_CDK7_targ_419_696
HDR,,,692,692,0,0,0,0,0,0,0,0,0,0,0,0,0,0,gRNA_CDK7_targ_419_696
Reference,0.39267016,99.60732984,2303,2141,764,3,761,0,23,0,761,0,0,738,0,23,0,0,gRNA_CDK7_targ_420_697
HDR,0.0,100.0,2303,2141,1374,0,1374,0,0,2,1374,0,0,1372,0,0,2,0,gRNA_CDK7_targ_420_697
Reference,0.35587189,99.64412811,2303,2141,843,3,840,0,0,1,840,0,0,839,0,0,1,0,gRNA_CDK7_targ_420_698
HDR,0.0,100.0,2303,2141,1203,0,1203,0,0,1,1203,0,0,1202,0,0,1,0,gRNA_CDK7_targ_420_698
Reference,2.75229358,97.24770642,2303,2141,109,3,106,0,0,0,106,0,0,106,0,0,0,0,gRNA_CDK7_targ_420_699
HDR,0.0,100.0,2303,2141,1899,0,1899,0,24,2,1899,0,0,1873,0,24,2,0,gRNA_CDK7_targ_420_699
Reference,0.34207526,99.65792474,2303,2141,877,3,874,0,0,0,874,0,0,874,0,0,0,0,gRNA_CDK7_targ_420_700
HDR,0.0,100.0,2303,2141,1263,0,1263,0,24,2,1263,0,0,1237,0,24,2,0,gRNA_CDK7_targ_420_700
Reference,1.27118644,98.72881356,2303,2141,236,3,233,0,0,0,233,0,0,233,0,0,0,0,gRNA_CDK7_targ_420_701
HDR,0.0,100.0,2303,2141,702,0,702,0,1,1,702,0,0,700,0,1,1,0,gRNA_CDK7_targ_420_701
Reference,1.25,98.75,2303,2141,240,3,237,0,0,0,237,0,0,237,0,0,0,0,gRNA_CDK7_targ_420_702
HDR,20.43636364,79.56363636,2303,2141,1375,281,1094,0,1,2,1094,0,0,1091,0,1,2,0,gRNA_CDK7_targ_420_702
Reference,0.72463768,99.27536232,2303,2141,414,3,411,0,0,0,411,0,0,411,0,0,0,0,gRNA_CDK7_targ_420_703
HDR,0.10976948,99.89023052,2303,2141,911,1,910,0,1,2,910,0,0,907,0,1,2,0,gRNA_CDK7_targ_420_703
Reference,2.41935484,97.58064516,2303,2141,124,3,121,0,0,0,121,0,0,121,0,0,0,0,gRNA_CDK7_targ_420_704
HDR,17.35121542,82.64878458,2303,2141,1193,207,986,0,24,1,986,0,0,961,0,24,1,0,gRNA_CDK7_targ_420_704
Reference,0.63157895,99.36842105,2303,2141,475,3,472,0,0,0,472,0,0,472,0,0,0,0,gRNA_CDK7_targ_420_705
HDR,12.65060241,87.34939759,2303,2141,830,105,725,0,25,2,724,0,0,699,1,24,1,0,gRNA_CDK7_targ_420_705
Reference,2.20588235,97.79411765,2303,2141,136,3,133,0,0,0,133,0,0,133,0,0,0,0,gRNA_CDK7_targ_420_706
HDR,4.05872193,95.94127807,2303,2141,1158,47,1111,0,24,2,1088,23,0,1085,0,1,2,0,gRNA_CDK7_targ_420_706
Reference,1.08695652,98.91304348,2303,2141,276,3,273,0,0,0,273,0,0,273,0,0,0,0,gRNA_CDK7_targ_420_707
HDR,9.79843225,90.20156775,2303,2141,1786,175,1611,0,24,2,1611,0,0,1585,0,24,2,0,gRNA_CDK7_targ_420_707
Reference,0.40268456,99.59731544,2303,2141,745,3,742,0,0,0,742,0,0,742,0,0,0,0,gRNA_CDK7_targ_420_708
HDR,0.0,100.0,2303,2141,1394,0,1394,0,24,2,1394,0,0,1368,0,24,2,0,gRNA_CDK7_targ_420_708
Reference,0.58027079,99.41972921,2303,2141,517,3,514,0,0,0,514,0,0,514,0,0,0,0,gRNA_CDK7_targ_420_709
HDR,23.36621455,76.63378545,2303,2141,1622,379,1243,0,24,2,1242,0,1,1217,0,24,1,0,gRNA_CDK7_targ_420_709
Reference,0.73349633,99.26650367,2303,2141,409,3,406,0,0,0,406,0,0,406,0,0,0,0,gRNA_CDK7_targ_420_710
HDR,10.53906723,89.46093277,2303,2141,1651,174,1477,0,24,2,1454,23,0,1451,0,1,2,0,gRNA_CDK7_targ_420_710
Reference,1.48514851,98.51485149,2303,2141,202,3,199,0,0,0,199,0,0,199,0,0,0,0,gRNA_CDK7_targ_420_711
HDR,39.45736434,60.54263566,2303,2141,1290,509,781,0,24,2,757,24,0,755,0,0,2,0,gRNA_CDK7_targ_420_711
Reference,87.31182796,12.68817204,761,761,465,406,59,0,0,0,59,0,0,59,0,0,0,0,gRNA_CDK7_targ_421_712
HDR,0.6779661,99.3220339,761,761,295,2,293,0,0,0,293,0,0,293,0,0,0,0,gRNA_CDK7_targ_421_712
Reference,100.0,0.0,30,30,1,1,0,0,0,0,0,0,0,0,0,0,0,0,gRNA_CDK7_targ_422_713
HDR,89.28571429,10.71428571,30,30,28,25,3,0,0,0,3,0,0,3,0,0,0,0,gRNA_CDK7_targ_422_713
Reference,95.68345324,4.31654676,488,488,139,133,6,0,0,0,6,0,0,6,0,0,0,0,gRNA_CDK7_targ_423_714
HDR,89.65517241,10.34482759,488,488,348,312,36,0,0,0,36,0,0,36,0,0,0,0,gRNA_CDK7_targ_423_714
Reference,98.66071429,1.33928571,1730,1730,224,221,3,0,0,0,3,0,0,3,0,0,0,0,gRNA_CDK8_targ_428_715
HDR,97.37750173,2.62249827,1730,1730,1449,1411,38,0,0,1,37,0,1,37,0,0,0,0,gRNA_CDK8_targ_428_715
Reference,96.27329193,3.72670807,2487,2393,644,620,24,0,0,3,21,0,3,21,0,0,0,0,gRNA_CDK8_targ_429_716
HDR,89.38973648,10.61026352,2487,2393,1442,1289,153,0,0,1,152,0,1,152,0,0,0,0,gRNA_CDK8_targ_429_716
Reference,98.03086748,1.96913252,3224,3224,1879,1842,37,0,0,1,36,0,1,36,0,0,0,0,gRNA_CDK8_targ_430_717
HDR,97.76286353,2.23713647,3224,3224,1341,1311,30,0,0,0,30,0,0,30,0,0,0,0,gRNA_CDK8_targ_430_717
Reference,98.11320755,1.88679245,2523,2523,53,52,1,0,0,0,1,0,0,1,0,0,0,0,gRNA_CDK8_targ_431_718
HDR,97.67580453,2.32419547,2523,2523,1678,1639,39,0,0,0,39,0,0,39,0,0,0,0,gRNA_CDK8_targ_431_718
Reference,16.31016043,83.68983957,2841,2841,374,61,313,0,0,0,313,0,0,313,0,0,0,0,gRNA_CDK8_targ_436_719
HDR,62.00177148,37.99822852,2841,2841,2258,1400,858,0,1,25,836,0,22,832,0,1,3,0,gRNA_CDK8_targ_436_719
Reference,100.0,0.0,2603,2603,1,1,0,0,0,0,0,0,0,0,0,0,0,0,gRNA_CDK8_targ_437_720
HDR,46.18966977,53.81033023,2603,2603,2362,1091,1271,0,0,1,1271,0,0,1270,0,0,1,0,gRNA_CDK8_targ_437_720
Reference,3.60824742,96.39175258,2289,2289,582,21,561,0,16,1,544,16,1,544,0,0,0,0,gRNA_CDK8_targ_438_721
HDR,71.41896436,28.58103564,2289,2289,1487,1062,425,0,0,3,422,0,3,422,0,0,0,0,gRNA_CDK8_targ_438_721
Reference,0.0,100.0,1469,1468,38,0,38,0,1,37,3,1,34,0,0,0,3,0,gRNA_CDK8_targ_439_722
HDR,36.8683274,63.1316726,1469,1468,1405,518,887,0,1,1,885,1,1,885,0,0,0,0,gRNA_CDK8_targ_439_722
Reference,9.30232558,90.69767442,3999,3999,43,4,39,0,18,0,26,13,0,21,0,5,0,0,gRNA_CDK8_targ_440_723
HDR,1.01317123,98.98682877,3999,3999,3948,40,3908,0,249,4,3802,105,1,3655,0,144,3,0,gRNA_CDK8_targ_440_723
Reference,94.94949495,5.05050505,1007,1006,198,188,10,0,0,0,10,0,0,10,0,0,0,0,gRNA_CDK8_targ_441_724
HDR,96.63120567,3.36879433,1007,1006,564,545,19,0,0,0,19,0,0,19,0,0,0,0,gRNA_CDK8_targ_441_724
Reference,9.80392157,90.19607843,1306,1306,51,5,46,0,44,2,45,1,0,0,0,43,2,0,gRNA_CDK8_targ_442_725
HDR,5.25272547,94.74727453,1306,1306,1009,53,956,0,140,2,910,45,1,814,0,95,1,0,gRNA_CDK8_targ_442_725
Reference,0.23529412,99.76470588,3122,3122,425,1,424,0,131,62,423,1,0,231,0,130,62,0,gRNA_CDK8_targ_443_726
HDR,0.0,100.0,3122,3122,2126,0,2126,0,0,1,2126,0,0,2125,0,0,1,0,gRNA_CDK8_targ_443_726
Reference,1.66666667,98.33333333,3122,3122,60,1,59,0,0,1,59,0,0,58,0,0,1,0,gRNA_CDK8_targ_443_727
HDR,0.06535948,99.93464052,3122,3122,3060,2,3058,0,130,376,2741,130,187,2552,0,0,189,0,gRNA_CDK8_targ_443_727
Reference,1.61290323,98.38709677,3122,3122,62,1,61,0,1,1,60,1,0,59,0,0,1,0,gRNA_CDK8_targ_443_728
HDR,76.14985163,23.85014837,3122,3122,2696,2053,643,0,0,315,457,0,186,328,0,0,129,0,gRNA_CDK8_targ_443_728
Reference,100.0,0.0,650,650,12,12,0,0,0,0,0,0,0,0,0,0,0,0,gRNA_CDK8_targ_444_729
HDR,43.62068966,56.37931034,650,650,580,253,327,0,47,0,327,0,0,280,0,47,0,0,gRNA_CDK8_targ_444_729
Reference,0.0,100.0,393,393,162,0,162,0,21,0,162,0,0,141,0,21,0,0,gRNA_CDK8_targ_445_730
HDR,21.64502165,78.35497835,393,393,231,50,181,0,0,0,181,0,0,181,0,0,0,0,gRNA_CDK8_targ_445_730
Reference,0.61349693,99.38650307,1644,1526,163,1,162,0,0,92,157,0,5,70,0,0,87,0,gRNA_CDK8_targ_446_731
HDR,0.0,100.0,1644,1526,1360,0,1360,0,0,31,1331,0,29,1329,0,0,2,0,gRNA_CDK8_targ_446_731
Reference,17.93721973,82.06278027,2701,2701,1338,240,1098,0,0,0,1098,0,0,1098,0,0,0,0,gRNA_CDK8_targ_448_732
HDR,0.08230453,99.91769547,2701,2701,1215,1,1214,0,0,0,1214,0,0,1214,0,0,0,0,gRNA_CDK8_targ_448_732
Reference,59.25925926,40.74074074,2701,2701,405,240,165,0,0,0,165,0,0,165,0,0,0,0,gRNA_CDK8_targ_448_733
HDR,15.55690073,84.44309927,2701,2701,1652,257,1395,0,0,0,1395,0,0,1395,0,0,0,0,gRNA_CDK8_targ_448_733
Reference,22.94455067,77.05544933,2701,2701,1046,240,806,0,0,0,806,0,0,806,0,0,0,0,gRNA_CDK8_targ_448_734
HDR,97.36408567,2.63591433,2701,2701,1214,1182,32,0,0,0,32,0,0,32,0,0,0,0,gRNA_CDK8_targ_448_734
Reference,0.0,100.0,3052,3003,6,0,6,0,0,0,6,0,0,6,0,0,0,0,gRNA_CDK8_targ_449_735
HDR,0.0,100.0,3052,3003,2476,0,2476,0,0,1,2476,0,0,2475,0,0,1,0,gRNA_CDK8_targ_449_735
Reference,0.0,100.0,3052,3003,1,0,1,0,0,0,1,0,0,1,0,0,0,0,gRNA_CDK8_targ_449_736
HDR,0.17636684,99.82363316,3052,3003,2835,5,2830,0,0,1,2830,0,0,2829,0,0,1,0,gRNA_CDK8_targ_449_736
Reference,0.0,100.0,3052,3003,2,0,2,0,0,0,2,0,0,2,0,0,0,0,gRNA_CDK8_targ_449_737
HDR,67.11185309,32.88814691,3052,3003,2995,2010,985,0,0,1,984,0,1,984,0,0,0,0,gRNA_CDK8_targ_449_737
Reference,0.14154282,99.85845718,1533,1533,1413,2,1411,0,0,0,1411,0,0,1411,0,0,0,0,gRNA_CDK8_targ_450_738
HDR,2.85714286,97.14285714,1533,1533,105,3,102,0,0,0,102,0,0,102,0,0,0,0,gRNA_CDK8_targ_450_738
Reference,40.0,60.0,1533,1533,5,2,3,0,0,0,3,0,0,3,0,0,0,0,gRNA_CDK8_targ_450_739
HDR,85.10858325,14.89141675,1533,1533,967,823,144,0,0,0,144,0,0,144,0,0,0,0,gRNA_CDK8_targ_450_739
Reference,0.35650624,99.64349376,1533,1533,561,2,559,0,0,0,559,0,0,559,0,0,0,0,gRNA_CDK8_targ_450_740
HDR,87.82608696,12.17391304,1533,1533,115,101,14,0,0,0,14,0,0,14,0,0,0,0,gRNA_CDK8_targ_450_740
Reference,79.31034483,20.68965517,2510,2231,464,368,96,0,1,86,9,1,86,9,0,0,0,0,gRNA_CDK8_targ_453_741
HDR,89.0438247,10.9561753,2510,2231,1506,1341,165,0,0,2,164,0,1,163,0,0,1,0,gRNA_CDK8_targ_453_741
Reference,60.35,39.65,3939,3939,2000,1207,793,0,245,2,793,0,0,546,0,245,2,0,gRNA_CDK8_targ_454_742
HDR,97.8746594,2.1253406,3939,3939,1835,1796,39,0,0,1,38,0,1,38,0,0,0,0,gRNA_CDK8_targ_454_742
Reference,97.84946237,2.15053763,916,916,93,91,2,0,0,0,2,0,0,2,0,0,0,0,gRNA_CDK8_targ_455_743
HDR,96.51810585,3.48189415,916,916,718,693,25,0,0,0,25,0,0,25,0,0,0,0,gRNA_CDK8_targ_455_743
Reference,0.0,100.0,1148,876,1,0,1,0,0,1,0,0,1,0,0,0,0,0,gRNA_CDK8_targ_456_744
HDR,60.97560976,39.02439024,1148,876,820,500,320,0,0,1,319,0,1,319,0,0,0,0,gRNA_CDK8_targ_456_744
Reference,1.90114068,98.09885932,3132,3132,263,5,258,0,209,0,94,164,0,49,0,45,0,0,gRNA_CDK8_targ_457_745
HDR,58.15008726,41.84991274,3132,3132,2865,1666,1199,0,0,45,1199,0,0,1154,0,0,45,0,gRNA_CDK8_targ_457_745
Reference,0.21450021,99.78549979,3132,3132,2331,5,2326,0,209,46,2161,164,1,2071,0,45,45,0,gRNA_CDK8_targ_457_746
HDR,0.0,100.0,3132,3132,794,0,794,0,0,0,794,0,0,794,0,0,0,0,gRNA_CDK8_targ_457_746
Reference,1.87265918,98.12734082,3132,3132,267,5,262,0,209,1,97,164,1,52,0,45,0,0,gRNA_CDK8_targ_457_747
HDR,96.87890137,3.12109863,3132,3132,801,776,25,0,0,0,25,0,0,25,0,0,0,0,gRNA_CDK8_targ_457_747
Reference,41.79104478,58.20895522,1201,1201,67,28,39,0,29,0,38,1,0,10,0,28,0,0,gRNA_CDK8_targ_459_748
HDR,0.19305019,99.80694981,1201,1201,1036,2,1034,0,19,95,924,19,91,920,0,0,4,0,gRNA_CDK8_targ_459_748
Reference,75.0,25.0,3018,3017,20,15,5,0,2,0,4,1,0,3,0,1,0,0,gRNA_CDK8_targ_460_749
HDR,14.13314347,85.86685653,3018,3017,2809,397,2412,0,1,0,2411,1,0,2411,0,0,0,0,gRNA_CDK8_targ_460_749
Reference,100.0,0.0,303,303,4,4,0,0,0,0,0,0,0,0,0,0,0,0,gRNA_CDK8_targ_462_750
HDR,81.81818182,18.18181818,303,303,11,9,2,0,0,0,2,0,0,2,0,0,0,0,gRNA_CDK8_targ_462_750
Reference,1.32890365,98.67109635,303,303,301,4,297,0,0,0,297,0,0,297,0,0,0,0,gRNA_CDK8_targ_462_751
HDR,0.0,100.0,303,303,2,0,2,0,0,0,2,0,0,2,0,0,0,0,gRNA_CDK8_targ_462_751
Reference,1.36986301,98.63013699,303,303,292,4,288,0,0,0,288,0,0,288,0,0,0,0,gRNA_CDK8_targ_462_752
HDR,50.0,50.0,303,303,2,1,1,0,0,0,1,0,0,1,0,0,0,0,gRNA_CDK8_targ_462_752
Reference,5.74829932,94.25170068,3040,3040,2940,169,2771,0,214,2,2768,1,2,2555,0,213,0,0,gRNA_CDK8_targ_463_753
HDR,0.0,100.0,3040,3040,99,0,99,0,0,0,99,0,0,99,0,0,0,0,gRNA_CDK8_targ_463_753
Reference,42.89340102,57.10659898,3040,3040,394,169,225,0,214,2,222,1,2,9,0,213,0,0,gRNA_CDK8_targ_463_754
HDR,68.21345708,31.78654292,3040,3040,2155,1470,685,0,0,0,685,0,0,685,0,0,0,0,gRNA_CDK8_targ_463_754
Reference,19.0960452,80.9039548,3040,3040,885,169,716,0,214,2,713,1,2,500,0,213,0,0,gRNA_CDK8_targ_463_755
HDR,96.0,4.0,3040,3040,100,96,4,0,0,0,4,0,0,4,0,0,0,0,gRNA_CDK8_targ_463_755
Reference,9.64467005,90.35532995,1382,1382,1379,133,1246,0,1,4,1243,0,3,1241,0,1,1,0,gRNA_CDK8_targ_464_756
HDR,,,1382,1382,0,0,0,0,0,0,0,0,0,0,0,0,0,0,gRNA_CDK8_targ_464_756
Reference,97.08029197,2.91970803,1382,1382,137,133,4,0,0,3,1,0,3,1,0,0,0,0,gRNA_CDK8_targ_464_757
HDR,94.38297872,5.61702128,1382,1382,1175,1109,66,0,1,1,64,1,1,64,0,0,0,0,gRNA_CDK8_targ_464_757
Reference,64.5631068,35.4368932,1382,1382,206,133,73,0,0,3,70,0,3,70,0,0,0,0,gRNA_CDK8_targ_464_758
HDR,0.0,100.0,1382,1382,2,0,2,0,0,0,2,0,0,2,0,0,0,0,gRNA_CDK8_targ_464_758
Reference,92.01877934,7.98122066,798,798,213,196,17,0,2,0,17,0,0,15,0,2,0,0,gRNA_CDK8_targ_465_759
HDR,0.85616438,99.14383562,798,798,584,5,579,0,0,11,579,0,0,568,0,0,11,0,gRNA_CDK8_targ_465_759
Reference,21.42857143,78.57142857,1708,1708,910,195,715,0,0,18,698,0,17,697,0,0,1,0,gRNA_CDK8_targ_466_760
HDR,7.9445145,92.0554855,1708,1708,793,63,730,0,0,2,730,0,0,728,0,0,2,0,gRNA_CDK8_targ_466_760
Reference,97.56838906,2.43161094,2315,2315,329,321,8,0,0,1,7,0,1,7,0,0,0,0,gRNA_CDK8_targ_467_761
HDR,0.10230179,99.89769821,2315,2315,1955,2,1953,0,1,3,1951,1,1,1949,0,0,2,0,gRNA_CDK8_targ_467_761
Reference,96.3963964,3.6036036,2315,2315,333,321,12,0,1,0,12,0,0,11,0,1,0,0,gRNA_CDK8_targ_467_762
HDR,0.0,100.0,2315,2315,1237,0,1237,0,0,3,1236,0,1,1234,0,0,2,0,gRNA_CDK8_targ_467_762
Reference,90.93484419,9.06515581,2315,2315,353,321,32,0,1,22,11,0,21,9,0,1,1,0,gRNA_CDK8_targ_467_763
HDR,61.57383751,38.42616249,2315,2315,1957,1205,752,0,1,3,748,1,3,748,0,0,0,0,gRNA_CDK8_targ_467_763
Reference,15.0,85.0,757,757,20,3,17,0,2,0,17,0,0,15,0,2,0,0,gRNA_CDK8_targ_468_764
HDR,0.0,100.0,757,757,387,0,387,0,8,0,380,7,0,379,0,1,0,0,gRNA_CDK8_targ_468_764
Reference,100.0,0.0,757,757,3,3,0,0,0,0,0,0,0,0,0,0,0,0,gRNA_CDK8_targ_468_765
HDR,0.1369863,99.8630137,757,757,730,1,729,0,2,0,727,2,0,727,0,0,0,0,gRNA_CDK8_targ_468_765
Reference,17.64705882,82.35294118,757,757,17,3,14,0,0,0,14,0,0,14,0,0,0,0,gRNA_CDK8_targ_468_766
HDR,49.72826087,50.27173913,757,757,736,366,370,0,8,0,363,7,0,362,0,1,0,0,gRNA_CDK8_targ_468_766
Reference,95.9375,4.0625,320,320,320,307,13,0,0,2,11,0,2,11,0,0,0,0,gRNA_CDK8_targ_477_767
HDR,,,320,320,0,0,0,0,0,0,0,0,0,0,0,0,0,0,gRNA_CDK8_targ_477_767
Reference,100.0,0.0,471,471,49,49,0,0,0,0,0,0,0,0,0,0,0,0,gRNA_CDK8_targ_478_768
HDR,99.34640523,0.65359477,471,471,306,304,2,0,0,0,2,0,0,2,0,0,0,0,gRNA_CDK8_targ_478_768
Reference,100.0,0.0,254,254,1,1,0,0,0,0,0,0,0,0,0,0,0,0,gRNA_CDK8_targ_479_769
HDR,97.22222222,2.77777778,254,254,252,245,7,0,0,0,7,0,0,7,0,0,0,0,gRNA_CDK8_targ_479_769
Reference,100.0,0.0,217,217,11,11,0,0,0,0,0,0,0,0,0,0,0,0,gRNA_CDK8_targ_480_770
HDR,95.63106796,4.36893204,217,217,206,197,9,0,0,0,9,0,0,9,0,0,0,0,gRNA_CDK8_targ_480_770
Reference,100.0,0.0,349,349,151,151,0,0,0,0,0,0,0,0,0,0,0,0,gRNA_CDK8_targ_481_771
HDR,98.39572193,1.60427807,349,349,187,184,3,0,0,1,2,0,1,2,0,0,0,0,gRNA_CDK8_targ_481_771
Reference,98.58657244,1.41342756,760,760,283,279,4,0,0,0,4,0,0,4,0,0,0,0,gRNA_CDK8_targ_482_772
HDR,98.5042735,1.4957265,760,760,468,461,7,0,0,0,7,0,0,7,0,0,0,0,gRNA_CDK8_targ_482_772
Reference,97.4137931,2.5862069,1284,1284,348,339,9,0,0,0,9,0,0,9,0,0,0,0,gRNA_CDK8_targ_484_773
HDR,0.62597809,99.37402191,1284,1284,639,4,635,0,0,0,635,0,0,635,0,0,0,0,gRNA_CDK8_targ_484_773
Reference,99.25925926,0.74074074,2088,2088,135,134,1,0,0,0,1,0,0,1,0,0,0,0,gRNA_CDK8_targ_485_774
HDR,26.52620205,73.47379795,2088,2088,1851,491,1360,0,0,1,1360,0,0,1359,0,0,1,0,gRNA_CDK8_targ_485_774
Reference,100.0,0.0,383,383,59,59,0,0,0,0,0,0,0,0,0,0,0,0,gRNA_CDK8_targ_486_775
HDR,63.27160494,36.72839506,383,383,324,205,119,0,0,0,119,0,0,119,0,0,0,0,gRNA_CDK8_targ_486_775
Reference,40.25270758,59.74729242,1764,1677,554,223,331,0,0,326,10,0,321,5,0,0,5,0,gRNA_CDK8_targ_487_776
HDR,0.0,100.0,1764,1677,1114,0,1114,0,0,1,1114,0,0,1113,0,0,1,0,gRNA_CDK8_targ_487_776
Reference,39.82142857,60.17857143,1764,1677,560,223,337,0,0,328,16,0,321,9,0,0,7,0,gRNA_CDK8_targ_487_777
HDR,0.08960573,99.91039427,1764,1677,1116,1,1115,0,0,1,1115,0,0,1114,0,0,1,0,gRNA_CDK8_targ_487_777
Reference,39.82142857,60.17857143,1764,1677,560,223,337,0,0,328,16,0,321,9,0,0,7,0,gRNA_CDK8_targ_487_778
HDR,83.15412186,16.84587814,1764,1677,1116,928,188,0,0,1,188,0,0,187,0,0,1,0,gRNA_CDK8_targ_487_778
Reference,1.27388535,98.72611465,1589,1589,157,2,155,0,0,0,155,0,0,155,0,0,0,0,gRNA_CDK8_targ_488_779
HDR,23.29749104,76.70250896,1589,1589,1116,260,856,0,0,0,856,0,0,856,0,0,0,0,gRNA_CDK8_targ_488_779
Reference,0.44052863,99.55947137,1589,1589,454,2,452,0,0,1,451,0,1,451,0,0,0,0,gRNA_CDK8_targ_488_780
HDR,0.0,100.0,1589,1589,843,0,843,0,0,0,843,0,0,843,0,0,0,0,gRNA_CDK8_targ_488_780
Reference,1.10497238,98.89502762,1589,1589,181,2,179,0,0,1,178,0,1,178,0,0,0,0,gRNA_CDK8_targ_488_781
HDR,97.5088968,2.4911032,1589,1589,843,822,21,0,0,0,21,0,0,21,0,0,0,0,gRNA_CDK8_targ_488_781
Reference,93.75,6.25,692,692,64,60,4,0,0,0,4,0,0,4,0,0,0,0,gRNA_CDK8_targ_489_782
HDR,83.68,16.32,692,692,625,523,102,0,0,0,102,0,0,102,0,0,0,0,gRNA_CDK8_targ_489_782
Reference,23.42829077,76.57170923,2041,2041,2036,477,1559,0,0,2,1558,0,1,1557,0,0,1,0,gRNA_CDK8_targ_493_783
HDR,,,2041,2041,0,0,0,0,0,0,0,0,0,0,0,0,0,0,gRNA_CDK8_targ_493_783
Reference,97.58454106,2.41545894,1833,1833,414,404,10,0,0,0,10,0,0,10,0,0,0,0,gRNA_CDK8_targ_494_784
HDR,68.33855799,31.66144201,1833,1833,1276,872,404,0,0,0,404,0,0,404,0,0,0,0,gRNA_CDK8_targ_494_784
Reference,0.20746888,99.79253112,965,965,964,2,962,0,0,0,962,0,0,962,0,0,0,0,gRNA_CDK8_targ_495_785
HDR,,,965,965,0,0,0,0,0,0,0,0,0,0,0,0,0,0,gRNA_CDK8_targ_495_785
Reference,66.66666667,33.33333333,965,965,3,2,1,0,0,0,1,0,0,1,0,0,0,0,gRNA_CDK8_targ_495_786
HDR,97.71309771,2.28690229,965,965,962,940,22,0,0,0,22,0,0,22,0,0,0,0,gRNA_CDK8_targ_495_786
Reference,66.66666667,33.33333333,965,965,3,2,1,0,0,0,1,0,0,1,0,0,0,0,gRNA_CDK8_targ_495_787
HDR,0.0,100.0,965,965,1,0,1,0,0,0,1,0,0,1,0,0,0,0,gRNA_CDK8_targ_495_787
Reference,1.65289256,98.34710744,891,891,121,2,119,0,0,0,119,0,0,119,0,0,0,0,gRNA_CDK8_targ_496_788
HDR,81.92457737,18.07542263,891,891,769,630,139,0,0,0,139,0,0,139,0,0,0,0,gRNA_CDK8_targ_496_788
Reference,85.98484848,14.01515152,387,387,264,227,37,0,0,1,37,0,0,36,0,0,1,0,gRNA_CDK8_targ_497_789
HDR,94.26229508,5.73770492,387,387,122,115,7,0,0,0,7,0,0,7,0,0,0,0,gRNA_CDK8_targ_497_789
Reference,97.61904762,2.38095238,2785,2784,1008,984,24,0,0,0,24,0,0,24,0,0,0,0,gRNA_CDK8_targ_500_790
HDR,91.61931818,8.38068182,2785,2784,1408,1290,118,0,0,1,117,0,1,117,0,0,0,0,gRNA_CDK8_targ_500_790
Reference,96.62243667,3.37756333,2821,2821,829,801,28,0,0,1,27,0,1,27,0,0,0,0,gRNA_CDK8_targ_501_791
HDR,69.16234248,30.83765752,2821,2821,1349,933,416,0,0,0,416,0,0,416,0,0,0,0,gRNA_CDK8_targ_501_791
Reference,92.81437126,7.18562874,2774,2774,167,155,12,0,3,0,9,3,0,9,0,0,0,0,gRNA_CDK8_targ_502_792
HDR,54.69094923,45.30905077,2774,2774,1812,991,821,0,0,0,821,0,0,821,0,0,0,0,gRNA_CDK8_targ_502_792
Reference,7.29411765,92.70588235,2774,2774,2125,155,1970,0,191,0,1785,185,0,1779,0,6,0,0,gRNA_CDK8_targ_502_793
HDR,0.0,100.0,2774,2774,649,0,649,0,0,0,649,0,0,649,0,0,0,0,gRNA_CDK8_targ_502_793
Reference,16.12903226,83.87096774,2774,2774,961,155,806,0,191,0,621,185,0,615,0,6,0,0,gRNA_CDK8_targ_502_794
HDR,97.53466872,2.46533128,2774,2774,649,633,16,0,0,0,16,0,0,16,0,0,0,0,gRNA_CDK8_targ_502_794
Reference,70.87378641,29.12621359,893,893,103,73,30,0,0,1,29,0,1,29,0,0,0,0,gRNA_CDK8_targ_503_795
HDR,21.92648923,78.07351077,893,893,789,173,616,0,1,2,616,0,0,614,0,0,1,1,gRNA_CDK8_targ_503_795
Reference,28.515625,71.484375,893,893,256,73,183,0,0,1,182,0,1,182,0,0,0,0,gRNA_CDK8_targ_503_796
HDR,3.93081761,96.06918239,893,893,636,25,611,0,1,1,611,0,0,609,0,1,1,0,gRNA_CDK8_targ_503_796
Reference,92.40506329,7.59493671,893,893,79,73,6,0,0,1,5,0,1,5,0,0,0,0,gRNA_CDK8_targ_503_797
HDR,96.56301146,3.43698854,893,893,611,590,21,0,0,1,20,0,1,20,0,0,0,0,gRNA_CDK8_targ_503_797
Reference,93.38842975,6.61157025,2438,2417,121,113,8,0,0,2,6,0,2,6,0,0,0,0,gRNA_CDK8_targ_504_798
HDR,72.40461402,27.59538598,2438,2417,2254,1632,622,0,0,0,622,0,0,622,0,0,0,0,gRNA_CDK8_targ_504_798
Reference,76.94300518,23.05699482,3429,3260,772,594,178,0,99,53,126,1,51,26,0,98,2,0,gRNA_CDK8_targ_505_799
HDR,62.31362468,37.68637532,3429,3260,1945,1212,733,0,2,0,732,1,0,731,0,1,0,0,gRNA_CDK8_targ_505_799
Reference,73.6,26.4,2222,2221,625,460,165,0,135,0,32,133,0,30,0,2,0,0,gRNA_CDK8_targ_508_800
HDR,51.46743021,48.53256979,2222,2221,1397,719,678,0,0,1,677,0,1,677,0,0,0,0,gRNA_CDK8_targ_508_800
Reference,45.15337423,54.84662577,920,920,815,368,447,0,0,1,446,0,1,446,0,0,0,0,gRNA_CDK8_targ_509_801
HDR,0.97087379,99.02912621,920,920,103,1,102,0,0,7,96,0,6,95,0,0,1,0,gRNA_CDK8_targ_509_801
Reference,97.35449735,2.64550265,920,920,378,368,10,0,0,0,10,0,0,10,0,0,0,0,gRNA_CDK8_targ_509_802
HDR,77.03703704,22.96296296,920,920,540,416,124,0,0,7,118,0,6,117,0,0,1,0,gRNA_CDK8_targ_509_802
Reference,97.09762533,2.90237467,920,920,379,368,11,0,0,1,10,0,1,10,0,0,0,0,gRNA_CDK8_targ_509_803
HDR,85.57692308,14.42307692,920,920,104,89,15,0,0,7,9,0,6,8,0,0,1,0,gRNA_CDK8_targ_509_803
Reference,100.0,0.0,2152,2152,2,2,0,0,0,0,0,0,0,0,0,0,0,0,gRNA_CDK8_targ_511_804
HDR,27.06987669,72.93012331,2152,2152,1703,461,1242,0,0,0,1242,0,0,1242,0,0,0,0,gRNA_CDK8_targ_511_804
Reference,71.82320442,28.17679558,1146,1146,181,130,51,0,0,1,50,0,1,50,0,0,0,0,gRNA_CDK8_targ_512_805
HDR,87.76896942,12.23103058,1146,1146,883,775,108,0,0,1,107,0,1,107,0,0,0,0,gRNA_CDK8_targ_512_805
Reference,60.07326007,39.92673993,855,855,546,328,218,0,1,0,217,1,0,217,0,0,0,0,gRNA_CDK8_targ_513_806
HDR,97.70491803,2.29508197,855,855,305,298,7,0,0,0,7,0,0,7,0,0,0,0,gRNA_CDK8_targ_513_806
Reference,45.11873351,54.88126649,665,613,379,171,208,0,0,2,207,0,1,206,0,0,1,0,gRNA_CDK8_targ_514_807
HDR,59.9137931,40.0862069,665,613,232,139,93,0,0,0,93,0,0,93,0,0,0,0,gRNA_CDK8_targ_514_807
Reference,1.27504554,98.72495446,2160,2153,549,7,542,0,0,1,542,0,0,541,0,0,1,0,gRNA_CDK8_targ_515_808
HDR,0.55187638,99.44812362,2160,2153,906,5,901,0,122,33,750,119,32,746,0,3,1,0,gRNA_CDK8_targ_515_808
Reference,64.92307692,35.07692308,1077,1077,325,211,114,0,0,0,114,0,0,114,0,0,0,0,gRNA_CDK8_targ_516_809
HDR,0.0,100.0,1077,1077,457,0,457,0,0,0,457,0,0,457,0,0,0,0,gRNA_CDK8_targ_516_809
Reference,1.94174757,98.05825243,1741,1739,103,2,101,0,0,1,100,0,1,100,0,0,0,0,gRNA_CDK8_targ_517_810
HDR,0.0,100.0,1741,1739,1287,0,1287,0,0,3,1286,0,1,1284,0,0,2,0,gRNA_CDK8_targ_517_810
Reference,50.0,50.0,1741,1739,4,2,2,0,1,1,0,1,1,0,0,0,0,0,gRNA_CDK8_targ_517_811
HDR,6.38297872,93.61702128,1741,1739,1269,81,1188,0,0,2,1188,0,0,1186,0,0,2,0,gRNA_CDK8_targ_517_811
Reference,9.09090909,90.90909091,1741,1739,22,2,20,0,1,1,18,1,1,18,0,0,0,0,gRNA_CDK8_targ_517_812
HDR,49.78593272,50.21406728,1741,1739,1635,814,821,0,0,3,819,0,2,818,0,0,1,0,gRNA_CDK8_targ_517_812
Reference,28.57142857,71.42857143,428,428,14,4,10,0,0,0,10,0,0,10,0,0,0,0,gRNA_CDK8_targ_522_813
HDR,55.31400966,44.68599034,428,428,414,229,185,0,0,0,185,0,0,185,0,0,0,0,gRNA_CDK8_targ_522_813
Reference,34.31818182,65.68181818,1681,1681,880,302,578,0,0,0,578,0,0,578,0,0,0,0,gRNA_CDK8_targ_523_814
HDR,29.70430108,70.29569892,1681,1681,744,221,523,0,0,0,523,0,0,523,0,0,0,0,gRNA_CDK8_targ_523_814
Reference,97.74665043,2.25334957,2989,2989,1642,1605,37,0,0,0,37,0,0,37,0,0,0,0,gRNA_CDK8_targ_524_815
HDR,97.61904762,2.38095238,2989,2989,924,902,22,0,0,0,22,0,0,22,0,0,0,0,gRNA_CDK8_targ_524_815
Reference,91.33126935,8.66873065,2348,2348,1292,1180,112,0,0,1,111,0,1,111,0,0,0,0,gRNA_CDK8_targ_525_816
HDR,97.00805524,2.99194476,2348,2348,869,843,26,0,0,0,26,0,0,26,0,0,0,0,gRNA_CDK8_targ_525_816
Reference,30.51224944,69.48775056,2479,2479,449,137,312,0,0,0,312,0,0,312,0,0,0,0,gRNA_CDK8_targ_526_817
HDR,16.79915209,83.20084791,2479,2479,1887,317,1570,0,0,0,1570,0,0,1570,0,0,0,0,gRNA_CDK8_targ_526_817
Reference,86.79775281,13.20224719,4076,4076,712,618,94,0,0,66,86,0,8,28,0,0,58,0,gRNA_CDK8_targ_527_818
HDR,0.03502627,99.96497373,4076,4076,2855,1,2854,0,0,0,2854,0,0,2854,0,0,0,0,gRNA_CDK8_targ_527_818
Reference,62.23564955,37.76435045,4076,4076,993,618,375,0,0,58,375,0,0,317,0,0,58,0,gRNA_CDK8_targ_527_819
HDR,0.06504065,99.93495935,4076,4076,3075,2,3073,0,0,0,3073,0,0,3073,0,0,0,0,gRNA_CDK8_targ_527_819
Reference,61.8,38.2,4076,4076,1000,618,382,0,0,66,374,0,8,316,0,0,58,0,gRNA_CDK8_targ_527_820
HDR,90.23755288,9.76244712,4076,4076,3073,2773,300,0,0,0,300,0,0,300,0,0,0,0,gRNA_CDK8_targ_527_820
Reference,0.35714286,99.64285714,1518,1518,280,1,279,0,99,83,196,0,83,97,0,99,0,0,gRNA_CDK8_targ_528_821
HDR,0.24875622,99.75124378,1518,1518,1206,3,1203,0,0,0,1203,0,0,1203,0,0,0,0,gRNA_CDK8_targ_528_821
Reference,1.01010101,98.98989899,1518,1518,99,1,98,0,0,1,97,0,1,97,0,0,0,0,gRNA_CDK8_targ_528_822
HDR,0.0,100.0,1518,1518,1304,0,1304,0,99,0,1207,97,0,1205,0,2,0,0,gRNA_CDK8_targ_528_822
Reference,0.56497175,99.43502825,1518,1518,177,1,176,0,0,82,94,0,82,94,0,0,0,0,gRNA_CDK8_targ_528_823
HDR,43.60465116,56.39534884,1518,1518,1204,525,679,0,0,0,679,0,0,679,0,0,0,0,gRNA_CDK8_targ_528_823
Reference,2.76705277,97.23294723,2906,2906,1554,43,1511,0,1,0,1511,0,0,1510,0,1,0,0,gRNA_CDK8_targ_529_824
HDR,0.0,100.0,2906,2906,1344,0,1344,0,0,0,1344,0,0,1344,0,0,0,0,gRNA_CDK8_targ_529_824
Reference,91.4893617,8.5106383,2906,2906,47,43,4,0,2,0,2,2,0,2,0,0,0,0,gRNA_CDK8_targ_529_825
HDR,10.04319654,89.95680346,2906,2906,2778,279,2499,0,1,3,2498,1,0,2495,0,0,3,0,gRNA_CDK8_targ_529_825
Reference,91.4893617,8.5106383,2906,2906,47,43,4,0,2,0,2,2,0,2,0,0,0,0,gRNA_CDK8_targ_529_826
HDR,34.81811433,65.18188567,2906,2906,1347,469,878,0,0,0,878,0,0,878,0,0,0,0,gRNA_CDK8_targ_529_826
Reference,29.41176471,70.58823529,839,839,17,5,12,0,2,1,11,0,1,9,0,2,0,0,gRNA_CDK8_targ_530_827
HDR,21.12332112,78.87667888,839,839,819,173,646,0,1,1,646,0,0,644,0,1,1,0,gRNA_CDK8_targ_530_827
Reference,20.0,80.0,1720,1720,5,1,4,0,3,0,4,0,0,1,0,3,0,0,gRNA_CDK8_targ_531_828
HDR,22.24168126,77.75831874,1720,1720,1713,381,1332,0,1,0,1331,1,0,1331,0,0,0,0,gRNA_CDK8_targ_531_828
Reference,66.05504587,33.94495413,2674,2673,327,216,111,0,0,0,111,0,0,111,0,0,0,0,gRNA_CDK8_targ_532_829
HDR,0.18630647,99.81369353,2674,2673,2147,4,2143,0,103,0,2046,97,0,2040,0,6,0,0,gRNA_CDK8_targ_532_829
Reference,0.40950041,99.59049959,1945,1945,1221,5,1216,0,0,0,1216,0,0,1216,0,0,0,0,gRNA_CDK8_targ_533_830
HDR,0.13850416,99.86149584,1945,1945,722,1,721,0,1,2,720,1,0,718,0,0,2,0,gRNA_CDK8_targ_533_830
Reference,0.22246941,99.77753059,1456,1455,899,2,897,0,262,0,897,0,0,635,0,262,0,0,gRNA_CDK8_targ_534_831
HDR,0.0,100.0,1456,1455,554,0,554,0,0,0,554,0,0,554,0,0,0,0,gRNA_CDK8_targ_534_831
Reference,100.0,0.0,1456,1455,2,2,0,0,0,0,0,0,0,0,0,0,0,0,gRNA_CDK8_targ_534_832
HDR,17.43912019,82.56087981,1456,1455,1273,222,1051,0,263,0,814,237,0,788,0,26,0,0,gRNA_CDK8_targ_534_832
Reference,0.3875969,99.6124031,1456,1455,516,2,514,0,1,0,514,0,0,513,0,1,0,0,gRNA_CDK8_targ_534_833
HDR,0.0,100.0,1456,1455,678,0,678,0,1,0,678,0,0,677,0,1,0,0,gRNA_CDK8_targ_534_833
Reference,1.0989011,98.9010989,1456,1455,182,2,180,0,0,0,180,0,0,180,0,0,0,0,gRNA_CDK8_targ_534_834
HDR,28.5971223,71.4028777,1456,1455,556,159,397,0,1,0,397,0,0,396,0,1,0,0,gRNA_CDK8_targ_534_834
Reference,0.32467532,99.67532468,1456,1455,616,2,614,0,262,0,614,0,0,352,0,262,0,0,gRNA_CDK8_targ_534_835
HDR,0.0,100.0,1456,1455,394,0,394,0,0,0,394,0,0,394,0,0,0,0,gRNA_CDK8_targ_534_835
Reference,1.57480315,98.42519685,1456,1455,127,2,125,0,0,0,125,0,0,125,0,0,0,0,gRNA_CDK8_targ_534_836
HDR,24.06815761,75.93184239,1456,1455,939,226,713,0,262,0,477,236,0,451,0,26,0,0,gRNA_CDK8_targ_534_836
Reference,0.56338028,99.43661972,1456,1455,355,2,353,0,1,0,353,0,0,352,0,1,0,0,gRNA_CDK8_targ_534_837
HDR,49.3622449,50.6377551,1456,1455,784,387,397,0,1,0,397,0,0,396,0,1,0,0,gRNA_CDK8_targ_534_837
Reference,61.55539252,38.44460748,1558,1558,1363,839,524,0,0,0,524,0,0,524,0,0,0,0,gRNA_CDK8_targ_536_838
HDR,54.28571429,45.71428571,1558,1558,175,95,80,0,0,0,80,0,0,80,0,0,0,0,gRNA_CDK8_targ_536_838
Reference,0.80370943,99.19629057,3733,3733,3235,26,3209,0,1,634,2593,1,615,2574,0,0,19,0,gRNA_CDK8_targ_541_839
HDR,1.44032922,98.55967078,3733,3733,486,7,479,0,0,2,479,0,0,477,0,0,2,0,gRNA_CDK8_targ_541_839
Reference,1.51426907,98.48573093,3733,3733,1717,26,1691,0,1,4,1690,1,0,1686,0,0,4,0,gRNA_CDK8_targ_541_840
HDR,43.25657895,56.74342105,3733,3733,1216,526,690,0,0,3,688,0,2,687,0,0,1,0,gRNA_CDK8_targ_541_840
Reference,1.28141942,98.71858058,3733,3733,2029,26,2003,0,1,631,1387,1,615,1371,0,0,16,0,gRNA_CDK8_targ_541_841
HDR,0.0,100.0,3733,3733,8,0,8,0,0,0,8,0,0,8,0,0,0,0,gRNA_CDK8_targ_541_841
Reference,22.4852071,77.5147929,1975,1942,1859,418,1441,0,14,0,1427,14,0,1427,0,0,0,0,gRNA_CDK8_targ_542_842
HDR,0.0,100.0,1975,1942,81,0,81,0,0,0,81,0,0,81,0,0,0,0,gRNA_CDK8_targ_542_842
Reference,34.34675431,65.65324569,1975,1942,1217,418,799,0,14,0,785,14,0,785,0,0,0,0,gRNA_CDK8_targ_542_843
HDR,0.0,100.0,1975,1942,723,0,723,0,0,0,723,0,0,723,0,0,0,0,gRNA_CDK8_targ_542_843
Reference,96.53579677,3.46420323,1975,1942,433,418,15,0,0,0,15,0,0,15,0,0,0,0,gRNA_CDK8_targ_542_844
HDR,37.30283912,62.69716088,1975,1942,1268,473,795,0,0,0,795,0,0,795,0,0,0,0,gRNA_CDK8_targ_542_844
Reference,34.29040197,65.70959803,1975,1942,1219,418,801,0,14,0,787,14,0,787,0,0,0,0,gRNA_CDK8_targ_542_845
HDR,0.0,100.0,1975,1942,82,0,82,0,0,0,82,0,0,82,0,0,0,0,gRNA_CDK8_targ_542_845
Reference,62.01780415,37.98219585,1975,1942,674,418,256,0,14,0,242,14,0,242,0,0,0,0,gRNA_CDK8_targ_542_846
HDR,0.0,100.0,1975,1942,82,0,82,0,0,0,82,0,0,82,0,0,0,0,gRNA_CDK8_targ_542_846
Reference,62.5748503,37.4251497,1975,1942,668,418,250,0,14,0,236,14,0,236,0,0,0,0,gRNA_CDK8_targ_542_847
HDR,30.80110497,69.19889503,1975,1942,724,223,501,0,0,0,501,0,0,501,0,0,0,0,gRNA_CDK8_targ_542_847
Reference,34.31855501,65.68144499,1975,1942,1218,418,800,0,14,0,786,14,0,786,0,0,0,0,gRNA_CDK8_targ_542_848
HDR,11.0181311,88.9818689,1975,1942,717,79,638,0,0,0,638,0,0,638,0,0,0,0,gRNA_CDK8_targ_542_848
Reference,45.63106796,54.36893204,916,916,721,329,392,0,1,0,391,1,0,391,0,0,0,0,gRNA_CDK8_targ_543_849
HDR,0.0,100.0,916,916,178,0,178,0,0,0,178,0,0,178,0,0,0,0,gRNA_CDK8_targ_543_849
Reference,95.91836735,4.08163265,916,916,343,329,14,0,1,0,13,1,0,13,0,0,0,0,gRNA_CDK8_targ_543_850
HDR,67.28110599,32.71889401,916,916,434,292,142,0,0,0,142,0,0,142,0,0,0,0,gRNA_CDK8_targ_543_850
Reference,79.66101695,20.33898305,916,916,413,329,84,0,1,0,83,1,0,83,0,0,0,0,gRNA_CDK8_targ_543_851
HDR,67.41573034,32.58426966,916,916,178,120,58,0,0,0,58,0,0,58,0,0,0,0,gRNA_CDK8_targ_543_851
Reference,9.56140351,90.43859649,3670,3636,3420,327,3093,0,262,4,2905,187,1,2827,0,75,3,0,gRNA_CDK8_targ_544_852
HDR,0.0,100.0,3670,3636,205,0,205,0,0,0,205,0,0,205,0,0,0,0,gRNA_CDK8_targ_544_852
Reference,58.91891892,41.08108108,3670,3670,555,327,228,0,215,1,40,187,1,12,0,28,0,0,gRNA_CDK8_targ_544_853
HDR,15.48886738,84.51113262,3670,3670,3099,480,2619,0,82,3,2577,41,1,2534,0,41,2,0,gRNA_CDK8_targ_544_853
Reference,27.00247729,72.99752271,3670,3636,1211,327,884,0,8,2,882,1,1,874,0,7,1,0,gRNA_CDK8_targ_544_854
HDR,0.04526935,99.95473065,3670,3636,2209,1,2208,0,42,2,2207,1,0,2164,0,41,2,0,gRNA_CDK8_targ_544_854
Reference,57.26795096,42.73204904,3670,3636,571,327,244,0,215,1,56,187,1,28,0,28,0,0,gRNA_CDK8_targ_544_855
HDR,91.54929577,8.45070423,3670,3636,213,195,18,0,0,0,18,0,0,18,0,0,0,0,gRNA_CDK8_targ_544_855
Reference,26.65036675,73.34963325,3670,3636,1227,327,900,0,220,2,712,187,1,678,0,33,1,0,gRNA_CDK8_targ_544_856
HDR,0.0,100.0,3670,3636,14,0,14,0,0,0,14,0,0,14,0,0,0,0,gRNA_CDK8_targ_544_856
Reference,57.67195767,42.32804233,3670,3636,567,327,240,0,214,1,52,187,1,25,0,27,0,0,gRNA_CDK8_targ_544_857
HDR,94.52488688,5.47511312,3670,3636,2210,2089,121,0,41,2,78,41,2,78,0,0,0,0,gRNA_CDK8_targ_544_857
Reference,26.65036675,73.34963325,3670,3636,1227,327,900,0,222,2,712,187,1,676,0,35,1,0,gRNA_CDK8_targ_544_858
HDR,0.04159734,99.95840266,3670,3636,2404,1,2403,0,41,2,2403,0,0,2360,0,41,2,0,gRNA_CDK8_targ_544_858
Reference,0.60422961,99.39577039,1906,1906,331,2,329,0,1,11,323,0,6,317,0,1,5,0,gRNA_CDK8_targ_545_859
HDR,51.40485313,48.59514687,1906,1906,1566,805,761,0,0,1,761,0,0,760,0,0,1,0,gRNA_CDK8_targ_545_859
Reference,41.73728814,58.26271186,3647,3647,944,394,550,0,4,2,545,4,1,544,0,0,1,0,gRNA_CDK8_targ_546_860
HDR,6.625,93.375,3647,3647,2400,159,2241,0,0,1,2241,0,0,2240,0,0,1,0,gRNA_CDK8_targ_546_860
Reference,45.70765661,54.29234339,3647,3647,862,394,468,0,4,163,303,4,161,301,0,0,2,0,gRNA_CDK8_targ_546_861
HDR,1.41218005,98.58781995,3647,3647,2266,32,2234,0,0,1,2234,0,0,2233,0,0,1,0,gRNA_CDK8_targ_546_861
Reference,32.58891646,67.41108354,3647,3647,1209,394,815,0,4,164,650,4,161,647,0,0,3,0,gRNA_CDK8_targ_546_862
HDR,97.32142857,2.67857143,3647,3647,2240,2180,60,0,0,1,59,0,1,59,0,0,0,0,gRNA_CDK8_targ_546_862
Reference,94.44444444,5.55555556,2193,2193,54,51,3,0,0,0,3,0,0,3,0,0,0,0,gRNA_CDK8_targ_547_863
HDR,79.2885829,20.7114171,2193,2193,1743,1382,361,0,0,0,361,0,0,361,0,0,0,0,gRNA_CDK8_targ_547_863
Reference,26.59758204,73.40241796,2066,2066,579,154,425,0,0,3,422,0,3,422,0,0,0,0,gRNA_CDK8_targ_550_864
HDR,42.88604181,57.11395819,2066,2066,1483,636,847,0,1,0,846,1,0,846,0,0,0,0,gRNA_CDK8_targ_550_864
Reference,18.87254902,81.12745098,2066,2066,816,154,662,0,1,3,658,1,3,658,0,0,0,0,gRNA_CDK8_targ_550_865
HDR,0.0,100.0,2066,2066,618,0,618,0,0,0,618,0,0,618,0,0,0,0,gRNA_CDK8_targ_550_865
Reference,26.5060241,73.4939759,2066,2066,581,154,427,0,1,4,422,1,4,422,0,0,0,0,gRNA_CDK8_targ_550_866
HDR,71.6507177,28.3492823,2066,2066,836,599,237,0,1,0,236,1,0,236,0,0,0,0,gRNA_CDK8_targ_550_866
Reference,97.40566038,2.59433962,713,713,424,413,11,0,0,0,11,0,0,11,0,0,0,0,gRNA_CDK8_targ_551_867
HDR,97.56097561,2.43902439,713,713,246,240,6,0,0,0,6,0,0,6,0,0,0,0,gRNA_CDK8_targ_551_867
Reference,97.23320158,2.76679842,506,506,506,492,14,0,0,0,14,0,0,14,0,0,0,0,gRNA_CDK8_targ_553_868
HDR,,,506,506,0,0,0,0,0,0,0,0,0,0,0,0,0,0,gRNA_CDK8_targ_553_868
Reference,97.81312127,2.18687873,506,506,503,492,11,0,0,0,11,0,0,11,0,0,0,0,gRNA_CDK8_targ_553_869
HDR,100.0,0.0,506,506,2,2,0,0,0,0,0,0,0,0,0,0,0,0,gRNA_CDK8_targ_553_869
Reference,97.61904762,2.38095238,506,506,504,492,12,0,0,0,12,0,0,12,0,0,0,0,gRNA_CDK8_targ_553_870
HDR,,,506,506,0,0,0,0,0,0,0,0,0,0,0,0,0,0,gRNA_CDK8_targ_553_870
Reference,96.94555113,3.05444887,896,896,753,730,23,0,0,1,22,0,1,22,0,0,0,0,gRNA_CDK8_targ_554_871
HDR,98.51851852,1.48148148,896,896,135,133,2,0,0,0,2,0,0,2,0,0,0,0,gRNA_CDK8_targ_554_871
Reference,97.63779528,2.36220472,508,508,508,496,12,0,0,0,12,0,0,12,0,0,0,0,gRNA_CDK8_targ_555_872
HDR,,,508,508,0,0,0,0,0,0,0,0,0,0,0,0,0,0,gRNA_CDK8_targ_555_872
Reference,97.66536965,2.33463035,1032,1032,1028,1004,24,0,0,0,24,0,0,24,0,0,0,0,gRNA_CDK8_targ_556_873
HDR,,,1032,1032,0,0,0,0,0,0,0,0,0,0,0,0,0,0,gRNA_CDK8_targ_556_873
Reference,93.37748344,6.62251656,1164,1164,151,141,10,0,0,0,10,0,0,10,0,0,0,0,gRNA_CDK8_targ_566_874
HDR,21.51741294,78.48258706,1164,1164,804,173,631,0,53,0,631,0,0,578,0,53,0,0,gRNA_CDK8_targ_566_874
Reference,33.65155131,66.34844869,1164,1164,419,141,278,0,0,0,278,0,0,278,0,0,0,0,gRNA_CDK8_targ_566_875
HDR,0.0,100.0,1164,1164,652,0,652,0,53,0,652,0,0,599,0,53,0,0,gRNA_CDK8_targ_566_875
Reference,60.77586207,39.22413793,1164,1164,232,141,91,0,0,0,91,0,0,91,0,0,0,0,gRNA_CDK8_targ_566_876
HDR,30.87248322,69.12751678,1164,1164,745,230,515,0,53,0,463,52,0,462,0,1,0,0,gRNA_CDK8_targ_566_876
Reference,88.88888889,11.11111111,734,733,9,8,1,0,0,0,1,0,0,1,0,0,0,0,gRNA_CDK8_targ_567_877
HDR,97.64705882,2.35294118,734,733,340,332,8,0,0,0,8,0,0,8,0,0,0,0,gRNA_CDK8_targ_567_877
Reference,97.59036145,2.40963855,83,83,83,81,2,0,0,0,2,0,0,2,0,0,0,0,gRNA_CDK8_targ_571_878
HDR,,,83,83,0,0,0,0,0,0,0,0,0,0,0,0,0,0,gRNA_CDK8_targ_571_878
Reference,97.59036145,2.40963855,83,83,83,81,2,0,0,0,2,0,0,2,0,0,0,0,gRNA_CDK8_targ_571_879
HDR,,,83,83,0,0,0,0,0,0,0,0,0,0,0,0,0,0,gRNA_CDK8_targ_571_879
Reference,97.59036145,2.40963855,83,83,83,81,2,0,0,0,2,0,0,2,0,0,0,0,gRNA_CDK8_targ_571_880
HDR,,,83,83,0,0,0,0,0,0,0,0,0,0,0,0,0,0,gRNA_CDK8_targ_571_880
Reference,96.15384615,3.84615385,663,663,520,500,20,0,0,1,19,0,1,19,0,0,0,0,gRNA_CDK8_targ_574_881
HDR,50.0,50.0,663,663,2,1,1,0,0,0,1,0,0,1,0,0,0,0,gRNA_CDK8_targ_574_881
Reference,95.78544061,4.21455939,663,663,522,500,22,0,0,0,22,0,0,22,0,0,0,0,gRNA_CDK8_targ_574_882
HDR,0.0,100.0,663,663,1,0,1,0,0,0,1,0,0,1,0,0,0,0,gRNA_CDK8_targ_574_882
Reference,97.08737864,2.91262136,663,663,515,500,15,0,0,0,15,0,0,15,0,0,0,0,gRNA_CDK8_targ_574_883
HDR,100.0,0.0,663,663,2,2,0,0,0,0,0,0,0,0,0,0,0,0,gRNA_CDK8_targ_574_883
Reference,95.78544061,4.21455939,663,663,522,500,22,0,0,1,21,0,1,21,0,0,0,0,gRNA_CDK8_targ_574_884
HDR,100.0,0.0,663,663,1,1,0,0,0,0,0,0,0,0,0,0,0,0,gRNA_CDK8_targ_574_884
Reference,75.98784195,24.01215805,663,663,658,500,158,0,0,139,22,0,136,19,0,0,3,0,gRNA_CDK8_targ_574_885
HDR,,,663,663,0,0,0,0,0,0,0,0,0,0,0,0,0,0,gRNA_CDK8_targ_574_885
Reference,96.15384615,3.84615385,663,663,520,500,20,0,0,0,20,0,0,20,0,0,0,0,gRNA_CDK8_targ_574_886
HDR,,,663,663,0,0,0,0,0,0,0,0,0,0,0,0,0,0,gRNA_CDK8_targ_574_886
Reference,75.6429652,24.3570348,663,663,661,500,161,0,0,139,25,0,136,22,0,0,3,0,gRNA_CDK8_targ_574_887
HDR,0.0,100.0,663,663,1,0,1,0,0,0,1,0,0,1,0,0,0,0,gRNA_CDK8_targ_574_887
Reference,1.0,99.0,138,138,100,1,99,0,0,0,99,0,0,99,0,0,0,0,gRNA_CDK8_targ_575_888
HDR,100.0,0.0,138,138,36,36,0,0,0,0,0,0,0,0,0,0,0,0,gRNA_CDK8_targ_575_888
Reference,2.7027027,97.2972973,138,138,37,1,36,0,0,0,36,0,0,36,0,0,0,0,gRNA_CDK8_targ_575_889
HDR,92.68292683,7.31707317,138,138,41,38,3,0,0,0,3,0,0,3,0,0,0,0,gRNA_CDK8_targ_575_889
Reference,1.63934426,98.36065574,138,138,61,1,60,0,0,0,60,0,0,60,0,0,0,0,gRNA_CDK8_targ_575_890
HDR,0.0,100.0,138,138,2,0,2,0,0,0,2,0,0,2,0,0,0,0,gRNA_CDK8_targ_575_890
Reference,3.22580645,96.77419355,749,749,124,4,120,0,0,0,120,0,0,120,0,0,0,0,gRNA_CDK8_targ_576_891
HDR,72.82958199,27.17041801,749,749,622,453,169,0,0,0,169,0,0,169,0,0,0,0,gRNA_CDK8_targ_576_891
Reference,0.21691974,99.78308026,1334,1334,461,1,460,0,63,1,398,62,0,396,0,1,1,0,gRNA_CDK8_targ_577_892
HDR,13.97435897,86.02564103,1334,1334,780,109,671,0,0,0,671,0,0,671,0,0,0,0,gRNA_CDK8_targ_577_892
Reference,0.4048583,99.5951417,1334,1334,247,1,246,0,63,1,184,62,0,182,0,1,1,0,gRNA_CDK8_targ_577_893
HDR,35.30499076,64.69500924,1334,1334,1082,382,700,0,0,0,700,0,0,700,0,0,0,0,gRNA_CDK8_targ_577_893
Reference,0.74626866,99.25373134,1334,1334,134,1,133,0,63,1,71,62,0,69,0,1,1,0,gRNA_CDK8_targ_577_894
HDR,94.18604651,5.81395349,1334,1334,688,648,40,0,0,0,40,0,0,40,0,0,0,0,gRNA_CDK8_targ_577_894
Reference,62.00716846,37.99283154,646,471,279,173,106,0,1,100,106,0,0,5,0,1,100,0,gRNA_CDK8_targ_578_895
HDR,42.63157895,57.36842105,646,471,190,81,109,0,0,0,109,0,0,109,0,0,0,0,gRNA_CDK8_targ_578_895
Reference,94.59459459,5.40540541,1555,1555,37,35,2,0,0,0,2,0,0,2,0,0,0,0,gRNA_CDK8_targ_579_896
HDR,46.10655738,53.89344262,1555,1555,1464,675,789,0,0,0,789,0,0,789,0,0,0,0,gRNA_CDK8_targ_579_896
Reference,35.90909091,64.09090909,934,933,220,79,141,0,1,0,140,1,0,140,0,0,0,0,gRNA_CDK8_targ_580_897
HDR,88.03680982,11.96319018,934,933,652,574,78,0,0,0,78,0,0,78,0,0,0,0,gRNA_CDK8_targ_580_897
Reference,1.78571429,98.21428571,1860,1860,168,3,165,0,163,1,3,161,1,1,0,2,0,0,gRNA_CDK8_targ_582_898
HDR,42.73858921,57.26141079,1860,1860,1687,721,966,0,0,12,954,0,12,954,0,0,0,0,gRNA_CDK8_targ_582_898
Reference,9.09943715,90.90056285,2311,2311,2132,194,1938,0,1,9,1929,1,8,1928,0,0,1,0,gRNA_CDK8_targ_585_899
HDR,13.60946746,86.39053254,2311,2311,169,23,146,0,0,0,146,0,0,146,0,0,0,0,gRNA_CDK8_targ_585_899
Reference,2.99625468,97.00374532,1575,1322,267,8,259,0,0,0,259,0,0,259,0,0,0,0,gRNA_CDK8_targ_586_900
HDR,27.85171103,72.14828897,1575,1322,1052,293,759,0,0,1,759,0,0,758,0,0,1,0,gRNA_CDK8_targ_586_900
Reference,71.40939597,28.59060403,1314,1309,745,532,213,0,0,0,213,0,0,213,0,0,0,0,gRNA_CDK8_targ_587_901
HDR,0.0,100.0,1314,1309,562,0,562,0,28,2,562,0,0,532,0,28,2,0,gRNA_CDK8_targ_587_901
Reference,95.68345324,4.31654676,1314,1281,556,532,24,0,0,0,24,0,0,24,0,0,0,0,gRNA_CDK8_targ_587_902
HDR,0.0,100.0,1314,1281,723,0,723,0,0,2,723,0,0,721,0,0,2,0,gRNA_CDK8_targ_587_902
Reference,95.68345324,4.31654676,1314,1281,556,532,24,0,0,0,24,0,0,24,0,0,0,0,gRNA_CDK8_targ_587_903
HDR,0.0,100.0,1314,1281,710,0,710,0,0,2,710,0,0,708,0,0,2,0,gRNA_CDK8_targ_587_903
Reference,87.64415157,12.35584843,1314,1281,607,532,75,0,0,1,75,0,0,74,0,0,1,0,gRNA_CDK8_targ_587_904
HDR,0.14947683,99.85052317,1314,1281,669,1,668,0,0,1,668,0,0,667,0,0,1,0,gRNA_CDK8_targ_587_904
Reference,95.51166966,4.48833034,1314,1310,557,532,25,0,0,0,25,0,0,25,0,0,0,0,gRNA_CDK8_targ_587_905
HDR,0.0,100.0,1314,1310,564,0,564,0,29,2,564,0,0,533,0,29,2,0,gRNA_CDK8_targ_587_905
Reference,94.15929204,5.84070796,1314,1309,565,532,33,0,0,0,33,0,0,33,0,0,0,0,gRNA_CDK8_targ_587_906
HDR,0.0,100.0,1314,1309,563,0,563,0,28,2,563,0,0,533,0,28,2,0,gRNA_CDK8_targ_587_906
Reference,93.66197183,6.33802817,1314,1282,568,532,36,0,0,0,36,0,0,36,0,0,0,0,gRNA_CDK8_targ_587_907
HDR,0.0,100.0,1314,1282,491,0,491,0,1,1,491,0,0,489,0,1,1,0,gRNA_CDK8_targ_587_907
Reference,95.68345324,4.31654676,1314,1281,556,532,24,0,0,0,24,0,0,24,0,0,0,0,gRNA_CDK8_targ_587_908
HDR,0.13812155,99.86187845,1314,1281,724,1,723,0,0,2,723,0,0,721,0,0,2,0,gRNA_CDK8_targ_587_908
Reference,95.85585586,4.14414414,1314,1281,555,532,23,0,0,0,23,0,0,23,0,0,0,0,gRNA_CDK8_targ_587_909
HDR,0.0,100.0,1314,1281,669,0,669,0,0,1,669,0,0,668,0,0,1,0,gRNA_CDK8_targ_587_909
Reference,93.4973638,6.5026362,1314,1281,569,532,37,0,0,0,37,0,0,37,0,0,0,0,gRNA_CDK8_targ_587_910
HDR,0.0,100.0,1314,1281,670,0,670,0,0,1,670,0,0,669,0,0,1,0,gRNA_CDK8_targ_587_910
Reference,95.51166966,4.48833034,1314,1309,557,532,25,0,0,0,25,0,0,25,0,0,0,0,gRNA_CDK8_targ_587_911
HDR,5.11440108,94.88559892,1314,1309,743,38,705,0,28,2,704,0,1,675,0,28,1,0,gRNA_CDK8_targ_587_911
Reference,93.82716049,6.17283951,1314,1282,567,532,35,0,0,0,35,0,0,35,0,0,0,0,gRNA_CDK8_targ_587_912
HDR,0.0,100.0,1314,1282,712,0,712,0,1,2,712,0,0,709,0,1,2,0,gRNA_CDK8_targ_587_912
Reference,93.99293286,6.00706714,1314,1282,566,532,34,0,0,0,34,0,0,34,0,0,0,0,gRNA_CDK8_targ_587_913
HDR,0.0,100.0,1314,1282,708,0,708,0,1,2,708,0,0,705,0,1,2,0,gRNA_CDK8_targ_587_913
Reference,95.68345324,4.31654676,1314,1281,556,532,24,0,0,0,24,0,0,24,0,0,0,0,gRNA_CDK8_targ_587_914
HDR,24.61322082,75.38677918,1314,1281,711,175,536,0,0,2,536,0,0,534,0,0,2,0,gRNA_CDK8_targ_587_914
Reference,94.15929204,5.84070796,1314,1281,565,532,33,0,0,0,33,0,0,33,0,0,0,0,gRNA_CDK8_targ_587_915
HDR,67.08683473,32.91316527,1314,1281,714,479,235,0,0,2,235,0,0,233,0,0,2,0,gRNA_CDK8_targ_587_915
Reference,0.76045627,99.23954373,768,767,526,4,522,0,0,107,424,0,98,415,0,0,9,0,gRNA_CDK8_targ_588_916
HDR,0.0,100.0,768,767,225,0,225,0,0,107,225,0,0,118,0,0,107,0,gRNA_CDK8_targ_588_916
Reference,3.57142857,96.42857143,768,767,112,4,108,0,0,106,10,0,98,2,0,0,8,0,gRNA_CDK8_targ_588_917
HDR,0.0,100.0,768,767,579,0,579,0,0,119,568,0,11,460,0,0,108,0,gRNA_CDK8_targ_588_917
Reference,1.81818182,98.18181818,768,767,220,4,216,0,0,213,118,0,98,3,0,0,115,0,gRNA_CDK8_targ_588_918
HDR,0.0,100.0,768,767,534,0,534,0,0,1,534,0,0,533,0,0,1,0,gRNA_CDK8_targ_588_918
Reference,3.57142857,96.42857143,768,767,112,4,108,0,0,106,108,0,0,2,0,0,106,0,gRNA_CDK8_targ_588_919
HDR,0.0,100.0,768,767,533,0,533,0,0,1,533,0,0,532,0,0,1,0,gRNA_CDK8_targ_588_919
Reference,2.16216216,97.83783784,768,767,185,4,181,0,0,106,83,0,98,75,0,0,8,0,gRNA_CDK8_targ_588_920
HDR,0.0,100.0,768,767,238,0,238,0,0,118,125,0,113,120,0,0,5,0,gRNA_CDK8_targ_588_920
Reference,3.17460317,96.82539683,768,767,126,4,122,0,0,119,24,0,98,3,0,0,21,0,gRNA_CDK8_targ_588_921
HDR,0.0,100.0,768,767,122,0,122,0,0,1,122,0,0,121,0,0,1,0,gRNA_CDK8_targ_588_921
Reference,3.2,96.8,768,767,125,4,121,0,0,118,23,0,98,3,0,0,20,0,gRNA_CDK8_targ_588_922
HDR,0.0,100.0,768,767,121,0,121,0,0,1,121,0,0,120,0,0,1,0,gRNA_CDK8_targ_588_922
Reference,3.50877193,96.49122807,768,767,114,4,110,0,0,107,12,0,98,3,0,0,9,0,gRNA_CDK8_targ_588_923
HDR,0.0,100.0,768,767,535,0,535,0,0,2,535,0,0,533,0,0,2,0,gRNA_CDK8_targ_588_923
Reference,3.50877193,96.49122807,768,767,114,4,110,0,0,108,12,0,98,2,0,0,10,0,gRNA_CDK8_targ_588_924
HDR,0.0,100.0,768,767,536,0,536,0,0,2,536,0,0,534,0,0,2,0,gRNA_CDK8_targ_588_924
Reference,1.81818182,98.18181818,768,767,220,4,216,0,0,214,118,0,98,2,0,0,116,0,gRNA_CDK8_targ_588_925
HDR,0.0,100.0,768,767,534,0,534,0,0,1,534,0,0,533,0,0,1,0,gRNA_CDK8_targ_588_925
Reference,3.47826087,96.52173913,768,767,115,4,111,0,0,108,13,0,98,3,0,0,10,0,gRNA_CDK8_targ_588_926
HDR,0.0,100.0,768,767,569,0,569,0,0,108,569,0,0,461,0,0,108,0,gRNA_CDK8_targ_588_926
Reference,3.50877193,96.49122807,768,767,114,4,110,0,0,108,12,0,98,2,0,0,10,0,gRNA_CDK8_targ_588_927
HDR,0.0,100.0,768,767,568,0,568,0,0,108,568,0,0,460,0,0,108,0,gRNA_CDK8_targ_588_927
Reference,1.72413793,98.27586207,768,767,232,4,228,0,0,225,130,0,98,3,0,0,127,0,gRNA_CDK8_targ_588_928
HDR,0.0,100.0,768,767,533,0,533,0,0,1,533,0,0,532,0,0,1,0,gRNA_CDK8_targ_588_928
Reference,1.73160173,98.26839827,768,767,231,4,227,0,0,225,129,0,98,2,0,0,127,0,gRNA_CDK8_targ_588_929
HDR,61.23595506,38.76404494,768,767,534,327,207,0,0,1,206,0,1,206,0,0,0,0,gRNA_CDK8_targ_588_929
Reference,3.17460317,96.82539683,768,767,126,4,122,0,0,119,24,0,98,3,0,0,21,0,gRNA_CDK8_targ_588_930
HDR,21.86915888,78.13084112,768,767,535,117,418,0,0,2,418,0,0,416,0,0,2,0,gRNA_CDK8_targ_588_930
Reference,23.17073171,76.82926829,2887,2848,656,152,504,0,1,184,327,0,177,319,0,1,7,0,gRNA_CDK8_targ_589_931
HDR,0.04768717,99.95231283,2887,2848,2097,1,2096,0,108,2,2095,1,0,1986,0,107,2,0,gRNA_CDK8_targ_589_931
Reference,17.27272727,82.72727273,2887,2847,880,152,728,0,0,183,551,0,177,545,0,0,6,0,gRNA_CDK8_targ_589_932
HDR,0.0,100.0,2887,2847,1958,0,1958,0,108,2,1958,0,0,1848,0,108,2,0,gRNA_CDK8_targ_589_932
Reference,23.17073171,76.82926829,2887,2848,656,152,504,0,0,185,327,0,177,319,0,0,8,0,gRNA_CDK8_targ_589_933
HDR,25.67498726,74.32501274,2887,2848,1963,504,1459,0,108,2,1458,1,0,1349,0,107,2,0,gRNA_CDK8_targ_589_933
Reference,88.92430279,11.07569721,1516,1516,1255,1116,139,0,0,0,139,0,0,139,0,0,0,0,gRNA_CDK8_targ_590_934
HDR,100.0,0.0,1516,1516,3,3,0,0,0,0,0,0,0,0,0,0,0,0,gRNA_CDK8_targ_590_934
Reference,25.24053881,74.75946119,3895,3895,3118,787,2331,0,136,2,2196,134,1,2193,0,2,1,0,gRNA_CDK8_targ_591_935
HDR,75.13089005,24.86910995,3895,3895,764,574,190,0,0,0,190,0,0,190,0,0,0,0,gRNA_CDK8_targ_591_935
Reference,49.24906133,50.75093867,3895,3895,1598,787,811,0,0,1,810,0,1,810,0,0,0,0,gRNA_CDK8_targ_591_936
HDR,86.98588091,13.01411909,3895,3895,1629,1417,212,0,0,1,211,0,1,211,0,0,0,0,gRNA_CDK8_targ_591_936
Reference,46.87313877,53.12686123,3895,3895,1679,787,892,0,136,1,757,134,1,755,0,2,0,0,gRNA_CDK8_targ_591_937
HDR,95.08196721,4.91803279,3895,3895,183,174,9,0,0,0,9,0,0,9,0,0,0,0,gRNA_CDK8_targ_591_937
Reference,33.33333333,66.66666667,696,696,9,3,6,0,6,0,6,0,0,0,0,6,0,0,gRNA_CDK8_targ_592_938
HDR,83.15467075,16.84532925,696,696,653,543,110,0,0,0,110,0,0,110,0,0,0,0,gRNA_CDK8_targ_592_938
Reference,3.77358491,96.22641509,923,923,53,2,51,0,0,0,51,0,0,51,0,0,0,0,gRNA_CDK8_targ_593_939
HDR,38.46153846,61.53846154,923,923,767,295,472,0,0,0,472,0,0,472,0,0,0,0,gRNA_CDK8_targ_593_939
Reference,53.76175549,46.23824451,743,743,638,343,295,0,0,0,295,0,0,295,0,0,0,0,gRNA_CDK8_targ_595_940
HDR,0.0,100.0,743,743,103,0,103,0,0,0,103,0,0,103,0,0,0,0,gRNA_CDK8_targ_595_940
Reference,48.61367837,51.38632163,2295,2254,541,263,278,0,0,0,278,0,0,278,0,0,0,0,gRNA_CDK8_targ_596_941
HDR,6.57022303,93.42977697,2295,2254,1659,109,1550,0,0,0,1550,0,0,1550,0,0,0,0,gRNA_CDK8_targ_596_941
Reference,64.14634146,35.85365854,2295,2254,410,263,147,0,0,0,147,0,0,147,0,0,0,0,gRNA_CDK8_targ_596_942
HDR,0.52023121,99.47976879,2295,2254,1730,9,1721,0,0,0,1721,0,0,1721,0,0,0,0,gRNA_CDK8_targ_596_942
Reference,63.83495146,36.16504854,2295,2254,412,263,149,0,0,0,149,0,0,149,0,0,0,0,gRNA_CDK8_targ_596_943
HDR,91.6772554,8.3227446,2295,2254,1574,1443,131,0,0,0,131,0,0,131,0,0,0,0,gRNA_CDK8_targ_596_943
Reference,98.88888889,1.11111111,764,764,180,178,2,0,0,0,2,0,0,2,0,0,0,0,gRNA_CDK8_targ_597_944
HDR,92.78350515,7.21649485,764,764,582,540,42,0,0,0,42,0,0,42,0,0,0,0,gRNA_CDK8_targ_597_944
Reference,90.0,10.0,471,369,10,9,1,0,0,0,1,0,0,1,0,0,0,0,gRNA_CDK8_targ_601_945
HDR,98.00995025,1.99004975,471,369,201,197,4,0,0,0,4,0,0,4,0,0,0,0,gRNA_CDK8_targ_601_945
Reference,73.71134021,26.28865979,1274,1274,388,286,102,0,0,0,102,0,0,102,0,0,0,0,gRNA_CDK8_targ_604_946
HDR,98.14814815,1.85185185,1274,1274,702,689,13,0,2,0,11,2,0,11,0,0,0,0,gRNA_CDK8_targ_604_946
Reference,44.07294833,55.92705167,1923,1726,329,145,184,0,6,86,100,0,84,92,0,6,2,0,gRNA_CDK8_targ_605_947
HDR,41.01592115,58.98407885,1923,1726,1319,541,778,0,0,0,778,0,0,778,0,0,0,0,gRNA_CDK8_targ_605_947
Reference,67.625,32.375,800,800,800,541,259,0,0,3,256,0,3,256,0,0,0,0,gRNA_CDK8_targ_606_948
HDR,,,800,800,0,0,0,0,0,0,0,0,0,0,0,0,0,0,gRNA_CDK8_targ_606_948
Reference,95.75221239,4.24778761,800,800,565,541,24,0,0,3,21,0,3,21,0,0,0,0,gRNA_CDK8_targ_606_949
HDR,95.70815451,4.29184549,800,800,233,223,10,0,0,0,10,0,0,10,0,0,0,0,gRNA_CDK8_targ_606_949
Reference,95.41446208,4.58553792,800,800,567,541,26,0,0,3,23,0,3,23,0,0,0,0,gRNA_CDK8_targ_606_950
HDR,,,800,800,0,0,0,0,0,0,0,0,0,0,0,0,0,0,gRNA_CDK8_targ_606_950
Reference,57.96791444,42.03208556,1534,1534,935,542,393,0,46,0,377,16,0,347,0,30,0,0,gRNA_CDK8_targ_608_951
HDR,97.41219963,2.58780037,1534,1534,541,527,14,0,0,1,13,0,1,13,0,0,0,0,gRNA_CDK8_targ_608_951
Reference,97.08029197,2.91970803,1347,1347,548,532,16,0,0,0,16,0,0,16,0,0,0,0,gRNA_CDK8_targ_609_952
HDR,96.92701665,3.07298335,1347,1347,781,757,24,0,0,0,24,0,0,24,0,0,0,0,gRNA_CDK8_targ_609_952
Reference,47.90547798,52.09452202,3484,3484,931,446,485,0,1,1,485,0,0,483,0,1,1,0,gRNA_CDK8_targ_612_953
HDR,5.49450549,94.50549451,3484,3484,2366,130,2236,0,0,2,2235,0,1,2234,0,0,1,0,gRNA_CDK8_targ_612_953
Reference,74.83221477,25.16778523,3484,3484,596,446,150,0,0,1,150,0,0,149,0,0,1,0,gRNA_CDK8_targ_612_954
HDR,17.50192753,82.49807247,3484,3484,2594,454,2140,0,0,1,2139,0,1,2139,0,0,0,0,gRNA_CDK8_targ_612_954
Reference,95.70815451,4.29184549,3484,3484,466,446,20,0,0,0,20,0,0,20,0,0,0,0,gRNA_CDK8_targ_612_955
HDR,54.59437086,45.40562914,3484,3484,2416,1319,1097,0,0,1,1097,0,0,1096,0,0,1,0,gRNA_CDK8_targ_612_955
Reference,36.23271889,63.76728111,1823,1823,1736,629,1107,0,0,4,1106,0,1,1103,0,0,3,0,gRNA_CDK8_targ_613_956
HDR,37.5,62.5,1823,1823,80,30,50,0,0,1,50,0,0,49,0,0,1,0,gRNA_CDK8_targ_613_956
Reference,91.71676687,8.28323313,2836,2836,1497,1373,124,0,0,2,123,0,1,122,0,0,1,0,gRNA_CDK8_targ_614_957
HDR,86.95981804,13.04018196,2836,2836,1319,1147,172,0,0,0,172,0,0,172,0,0,0,0,gRNA_CDK8_targ_614_957
Reference,0.0,100.0,349,349,175,0,175,0,0,0,175,0,0,175,0,0,0,0,gRNA_CDK8_targ_615_958
HDR,0.0,100.0,349,349,173,0,173,0,0,0,173,0,0,173,0,0,0,0,gRNA_CDK8_targ_615_958
Reference,,,349,349,0,0,0,0,0,0,0,0,0,0,0,0,0,0,gRNA_CDK8_targ_615_959
HDR,0.0,100.0,349,349,349,0,349,0,0,0,349,0,0,349,0,0,0,0,gRNA_CDK8_targ_615_959
Reference,,,349,349,0,0,0,0,0,0,0,0,0,0,0,0,0,0,gRNA_CDK8_targ_615_960
HDR,96.55172414,3.44827586,349,349,174,168,6,0,0,0,6,0,0,6,0,0,0,0,gRNA_CDK8_targ_615_960
Reference,5.81745236,94.18254764,2166,2166,997,58,939,0,79,122,746,74,119,738,0,5,3,0,gRNA_CDK8_targ_616_961
HDR,12.67241379,87.32758621,2166,2166,1160,147,1013,0,245,2,773,239,1,766,0,6,1,0,gRNA_CDK8_targ_616_961
Reference,42.85714286,57.14285714,1389,1389,7,3,4,0,0,0,4,0,0,4,0,0,0,0,gRNA_CDK8_targ_617_962
HDR,43.4232715,56.5767285,1389,1389,1186,515,671,0,0,0,671,0,0,671,0,0,0,0,gRNA_CDK8_targ_617_962
Reference,97.61904762,2.38095238,721,721,42,41,1,0,0,0,1,0,0,1,0,0,0,0,gRNA_CDK8_targ_623_963
HDR,78.31858407,21.68141593,721,721,678,531,147,0,0,0,147,0,0,147,0,0,0,0,gRNA_CDK8_targ_623_963
Reference,31.30699088,68.69300912,663,663,658,206,452,0,0,0,452,0,0,452,0,0,0,0,gRNA_CDK8_targ_627_964
HDR,,,663,663,0,0,0,0,0,0,0,0,0,0,0,0,0,0,gRNA_CDK8_targ_627_964
Reference,58.09617272,41.90382728,1208,1208,1019,592,427,0,0,9,418,0,9,418,0,0,0,0,gRNA_CDK8_targ_628_965
HDR,26.63043478,73.36956522,1208,1208,184,49,135,0,0,0,135,0,0,135,0,0,0,0,gRNA_CDK8_targ_628_965
Reference,90.24390244,9.75609756,1208,1208,656,592,64,0,0,4,60,0,4,60,0,0,0,0,gRNA_CDK8_targ_628_966
HDR,63.91752577,36.08247423,1208,1208,388,248,140,0,0,0,140,0,0,140,0,0,0,0,gRNA_CDK8_targ_628_966
Reference,77.2845953,22.7154047,1208,1208,766,592,174,0,0,9,165,0,9,165,0,0,0,0,gRNA_CDK8_targ_628_967
HDR,93.33333333,6.66666667,1208,1208,135,126,9,0,0,0,9,0,0,9,0,0,0,0,gRNA_CDK8_targ_628_967
Reference,97.49608764,2.50391236,642,642,639,623,16,0,0,1,15,0,1,15,0,0,0,0,gRNA_CDK8_targ_629_968
HDR,100.0,0.0,642,642,1,1,0,0,0,0,0,0,0,0,0,0,0,0,gRNA_CDK8_targ_629_968
Reference,73.15634218,26.84365782,748,748,339,248,91,0,0,0,91,0,0,91,0,0,0,0,gRNA_CDK8_targ_632_969
HDR,98.7012987,1.2987013,748,748,308,304,4,0,0,0,4,0,0,4,0,0,0,0,gRNA_CDK8_targ_632_969
Reference,93.33333333,6.66666667,606,536,60,56,4,0,3,0,1,3,0,1,0,0,0,0,gRNA_CDK8_targ_635_970
HDR,97.07317073,2.92682927,606,536,410,398,12,0,8,0,4,8,0,4,0,0,0,0,gRNA_CDK8_targ_635_970
Reference,95.75757576,4.24242424,1665,1665,165,158,7,0,0,0,7,0,0,7,0,0,0,0,gRNA_CDK8_targ_636_971
HDR,37.8757515,62.1242485,1665,1665,1497,567,930,0,0,0,930,0,0,930,0,0,0,0,gRNA_CDK8_targ_636_971
Reference,20.49286641,79.50713359,1665,1665,771,158,613,0,0,0,613,0,0,613,0,0,0,0,gRNA_CDK8_targ_636_972
HDR,0.33707865,99.66292135,1665,1665,890,3,887,0,0,0,887,0,0,887,0,0,0,0,gRNA_CDK8_targ_636_972
Reference,96.34146341,3.65853659,1665,1665,164,158,6,0,0,0,6,0,0,6,0,0,0,0,gRNA_CDK8_targ_636_973
HDR,34.15730337,65.84269663,1665,1665,890,304,586,0,0,0,586,0,0,586,0,0,0,0,gRNA_CDK8_targ_636_973
Reference,93.5483871,6.4516129,32,31,31,29,2,0,0,0,2,0,0,2,0,0,0,0,gRNA_CDK8_targ_637_974
HDR,,,32,31,0,0,0,0,0,0,0,0,0,0,0,0,0,0,gRNA_CDK8_targ_637_974
Reference,96.66666667,3.33333333,32,31,30,29,1,0,0,0,1,0,0,1,0,0,0,0,gRNA_CDK8_targ_637_975
HDR,0.0,100.0,32,31,1,0,1,0,0,0,1,0,0,1,0,0,0,0,gRNA_CDK8_targ_637_975
Reference,96.66666667,3.33333333,32,31,30,29,1,0,0,0,1,0,0,1,0,0,0,0,gRNA_CDK8_targ_637_976
HDR,0.0,100.0,32,31,1,0,1,0,0,0,1,0,0,1,0,0,0,0,gRNA_CDK8_targ_637_976
Reference,96.66666667,3.33333333,32,31,30,29,1,0,0,0,1,0,0,1,0,0,0,0,gRNA_CDK8_targ_637_977
HDR,,,32,31,0,0,0,0,0,0,0,0,0,0,0,0,0,0,gRNA_CDK8_targ_637_977
Reference,96.66666667,3.33333333,32,31,30,29,1,0,0,0,1,0,0,1,0,0,0,0,gRNA_CDK8_targ_637_978
HDR,,,32,31,0,0,0,0,0,0,0,0,0,0,0,0,0,0,gRNA_CDK8_targ_637_978
Reference,96.66666667,3.33333333,32,31,30,29,1,0,0,0,1,0,0,1,0,0,0,0,gRNA_CDK8_targ_637_979
HDR,0.0,100.0,32,31,1,0,1,0,0,0,1,0,0,1,0,0,0,0,gRNA_CDK8_targ_637_979
Reference,96.66666667,3.33333333,32,31,30,29,1,0,0,0,1,0,0,1,0,0,0,0,gRNA_CDK8_targ_637_980
HDR,0.0,100.0,32,31,1,0,1,0,0,0,1,0,0,1,0,0,0,0,gRNA_CDK8_targ_637_980
Reference,4.06504065,95.93495935,850,850,123,5,118,0,0,0,118,0,0,118,0,0,0,0,gRNA_CDK8_targ_638_981
HDR,0.41265475,99.58734525,850,850,727,3,724,0,0,1,724,0,0,723,0,0,1,0,gRNA_CDK8_targ_638_981
Reference,38.46153846,61.53846154,850,850,13,5,8,0,0,0,8,0,0,8,0,0,0,0,gRNA_CDK8_targ_638_982
HDR,15.69688769,84.30311231,850,850,739,116,623,0,0,1,623,0,0,622,0,0,1,0,gRNA_CDK8_targ_638_982
Reference,100.0,0.0,850,850,5,5,0,0,0,0,0,0,0,0,0,0,0,0,gRNA_CDK8_targ_638_983
HDR,78.30319889,21.69680111,850,850,719,563,156,0,0,1,155,0,1,155,0,0,0,0,gRNA_CDK8_targ_638_983
Reference,96.9924812,3.0075188,328,328,266,258,8,0,0,0,8,0,0,8,0,0,0,0,gRNA_CDK8_targ_640_984
HDR,95.08196721,4.91803279,328,328,61,58,3,0,0,0,3,0,0,3,0,0,0,0,gRNA_CDK8_targ_640_984
Reference,54.88047809,45.11952191,1760,1722,1004,551,453,0,3,84,367,3,83,366,0,0,1,0,gRNA_CDK8_targ_645_985
HDR,0.21097046,99.78902954,1760,1722,474,1,473,0,1,0,473,0,0,472,0,1,0,0,gRNA_CDK8_targ_645_985
Reference,98.02631579,1.97368421,483,483,152,149,3,0,0,0,3,0,0,3,0,0,0,0,gRNA_CDK8_targ_646_986
HDR,0.48309179,99.51690821,483,483,207,1,206,0,0,0,206,0,0,206,0,0,0,0,gRNA_CDK8_targ_646_986
Reference,63.40425532,36.59574468,483,483,235,149,86,0,0,0,86,0,0,86,0,0,0,0,gRNA_CDK8_targ_646_987
HDR,0.0,100.0,483,483,247,0,247,0,0,0,247,0,0,247,0,0,0,0,gRNA_CDK8_targ_646_987
Reference,63.67521368,36.32478632,483,483,234,149,85,0,0,0,85,0,0,85,0,0,0,0,gRNA_CDK8_targ_646_988
HDR,81.78137652,18.21862348,483,483,247,202,45,0,0,0,45,0,0,45,0,0,0,0,gRNA_CDK8_targ_646_988
Reference,49.02723735,50.97276265,848,848,257,126,131,0,0,0,131,0,0,131,0,0,0,0,gRNA_CDK8_targ_647_989
HDR,49.51219512,50.48780488,848,848,410,203,207,0,1,0,207,0,0,206,0,1,0,0,gRNA_CDK8_targ_647_989
Reference,24.27745665,75.72254335,848,848,519,126,393,0,1,0,393,0,0,392,0,1,0,0,gRNA_CDK8_targ_647_990
HDR,38.03680982,61.96319018,848,848,326,124,202,0,0,0,202,0,0,202,0,0,0,0,gRNA_CDK8_targ_647_990
Reference,14.92890995,85.07109005,848,848,844,126,718,0,1,2,716,0,2,715,0,1,0,0,gRNA_CDK8_targ_647_991
HDR,0.0,100.0,848,848,1,0,1,0,0,0,1,0,0,1,0,0,0,0,gRNA_CDK8_targ_647_991
Reference,40.51446945,59.48553055,848,848,311,126,185,0,0,2,183,0,2,183,0,0,0,0,gRNA_CDK8_targ_647_992
HDR,98.49246231,1.50753769,848,848,199,196,3,0,0,0,3,0,0,3,0,0,0,0,gRNA_CDK8_targ_647_992
Reference,28.83295195,71.16704805,848,848,437,126,311,0,0,2,309,0,2,309,0,0,0,0,gRNA_CDK8_targ_647_993
HDR,50.0,50.0,848,848,2,1,1,0,0,0,1,0,0,1,0,0,0,0,gRNA_CDK8_targ_647_993
Reference,24.18426104,75.81573896,848,848,521,126,395,0,1,2,393,0,2,392,0,1,0,0,gRNA_CDK8_targ_647_994
HDR,0.0,100.0,848,848,2,0,2,0,0,0,2,0,0,2,0,0,0,0,gRNA_CDK8_targ_647_994
Reference,19.47449768,80.52550232,848,848,647,126,521,0,1,2,519,0,2,518,0,1,0,0,gRNA_CDK8_targ_647_995
HDR,0.0,100.0,848,848,200,0,200,0,0,0,200,0,0,200,0,0,0,0,gRNA_CDK8_targ_647_995
Reference,,,1822,1822,0,0,0,0,0,0,0,0,0,0,0,0,0,0,gRNA_CDK8_targ_649_996
HDR,33.76918704,66.23081296,1822,1822,1759,594,1165,0,0,2,1165,0,0,1163,0,0,2,0,gRNA_CDK8_targ_649_996
Reference,95.75146044,4.24853956,3980,3980,1883,1803,80,0,0,1,80,0,0,79,0,0,1,0,gRNA_CDK8_targ_650_997
HDR,88.22957198,11.77042802,3980,3980,2056,1814,242,0,0,0,242,0,0,242,0,0,0,0,gRNA_CDK8_targ_650_997
Reference,45.43325527,54.56674473,3728,3728,427,194,233,0,3,7,226,0,7,223,0,3,0,0,gRNA_CDK8_targ_651_998
HDR,0.10231924,99.89768076,3728,3728,2932,3,2929,0,0,1,2929,0,0,2928,0,0,1,0,gRNA_CDK8_targ_651_998
Reference,45.3271028,54.6728972,3728,3728,428,194,234,0,3,7,227,0,7,224,0,3,0,0,gRNA_CDK8_targ_651_999
HDR,0.0,100.0,3728,3728,2862,0,2862,0,0,1,2862,0,0,2861,0,0,1,0,gRNA_CDK8_targ_651_999
Reference,45.5399061,54.4600939,3728,3728,426,194,232,0,3,7,225,0,7,222,0,3,0,0,gRNA_CDK8_targ_651_1000
HDR,36.38407193,63.61592807,3728,3728,3114,1133,1981,0,0,1,1980,0,1,1980,0,0,0,0,gRNA_CDK8_targ_651_1000
Reference,9.15818686,90.84181314,1307,1307,1081,99,982,0,2,143,838,2,142,837,0,0,1,0,gRNA_CDK8_targ_652_1001
HDR,0.0,100.0,1307,1307,221,0,221,0,0,0,221,0,0,221,0,0,0,0,gRNA_CDK8_targ_652_1001
Reference,40.08097166,59.91902834,1307,1307,247,99,148,0,2,143,4,2,142,3,0,0,1,0,gRNA_CDK8_targ_652_1002
HDR,19.62085308,80.37914692,1307,1307,1055,207,848,0,0,0,848,0,0,848,0,0,0,0,gRNA_CDK8_targ_652_1002
Reference,39.44223108,60.55776892,1307,1307,251,99,152,0,2,144,7,2,143,6,0,0,1,0,gRNA_CDK8_targ_652_1003
HDR,94.66666667,5.33333333,1307,1307,225,213,12,0,0,0,12,0,0,12,0,0,0,0,gRNA_CDK8_targ_652_1003
Reference,24.25474255,75.74525745,5873,5859,738,179,559,0,545,7,11,545,3,7,0,0,4,0,gRNA_CDK8_targ_654_1004
HDR,25.46094883,74.53905117,5873,5859,4827,1229,3598,0,0,1,3597,0,1,3597,0,0,0,0,gRNA_CDK8_targ_654_1004
Reference,63.57421875,36.42578125,3711,3710,1024,651,373,0,11,237,131,10,232,125,0,1,5,0,gRNA_CDK8_targ_655_1005
HDR,71.96052041,28.03947959,3711,3710,2229,1604,625,0,0,2,623,0,2,623,0,0,0,0,gRNA_CDK8_targ_655_1005
Reference,31.13388853,68.86611147,2242,2242,1561,486,1075,0,0,0,1075,0,0,1075,0,0,0,0,gRNA_CDK8_targ_656_1006
HDR,0.0,100.0,2242,2242,672,0,672,0,0,0,672,0,0,672,0,0,0,0,gRNA_CDK8_targ_656_1006
Reference,96.812749,3.187251,2242,2242,502,486,16,0,0,0,16,0,0,16,0,0,0,0,gRNA_CDK8_targ_656_1007
HDR,42.96296296,57.03703704,2242,2242,1215,522,693,0,0,0,693,0,0,693,0,0,0,0,gRNA_CDK8_targ_656_1007
Reference,47.4609375,52.5390625,2242,2242,1024,486,538,0,0,0,538,0,0,538,0,0,0,0,gRNA_CDK8_targ_656_1008
HDR,60.41358936,39.58641064,2242,2242,677,409,268,0,0,0,268,0,0,268,0,0,0,0,gRNA_CDK8_targ_656_1008
Reference,19.62264151,80.37735849,1339,1331,530,104,426,0,0,2,426,0,0,424,0,0,2,0,gRNA_CDK8_targ_657_1009
HDR,0.0,100.0,1339,1331,793,0,793,0,0,0,793,0,0,793,0,0,0,0,gRNA_CDK8_targ_657_1009
Reference,95.41284404,4.58715596,1339,1331,109,104,5,0,0,0,5,0,0,5,0,0,0,0,gRNA_CDK8_targ_657_1010
HDR,30.46683047,69.53316953,1339,1331,1221,372,849,0,0,2,847,0,2,847,0,0,0,0,gRNA_CDK8_targ_657_1010
Reference,94.54545455,5.45454545,1339,1331,110,104,6,0,0,0,6,0,0,6,0,0,0,0,gRNA_CDK8_targ_657_1011
HDR,82.125,17.875,1339,1331,800,657,143,0,0,0,143,0,0,143,0,0,0,0,gRNA_CDK8_targ_657_1011
Reference,1.87265918,98.12734082,1101,1101,267,5,262,0,239,0,123,139,0,23,0,100,0,0,gRNA_CDK8_targ_658_1012
HDR,3.73493976,96.26506024,1101,1101,830,31,799,0,0,17,782,0,17,782,0,0,0,0,gRNA_CDK8_targ_658_1012
Reference,40.61930783,59.38069217,1340,1340,1098,446,652,0,219,0,441,211,0,433,0,8,0,0,gRNA_CDK8_targ_659_1013
HDR,0.0,100.0,1340,1340,238,0,238,0,0,0,238,0,0,238,0,0,0,0,gRNA_CDK8_targ_659_1013
Reference,37.02651515,62.97348485,1158,1155,1056,391,665,0,0,216,457,0,208,449,0,0,8,0,gRNA_CDK8_targ_660_1014
HDR,0.0,100.0,1158,1155,98,0,98,0,7,0,91,7,0,91,0,0,0,0,gRNA_CDK8_targ_660_1014
Reference,62.86173633,37.13826367,1158,1157,622,391,231,0,0,216,23,0,208,15,0,0,8,0,gRNA_CDK8_targ_660_1015
HDR,18.91385768,81.08614232,1158,1157,534,101,433,0,9,0,424,9,0,424,0,0,0,0,gRNA_CDK8_targ_660_1015
Reference,53.70879121,46.29120879,1158,1148,728,391,337,0,0,216,129,0,208,121,0,0,8,0,gRNA_CDK8_targ_660_1016
HDR,0.0,100.0,1158,1148,406,0,406,0,0,0,406,0,0,406,0,0,0,0,gRNA_CDK8_targ_660_1016
Reference,62.76083467,37.23916533,1158,1148,623,391,232,0,0,216,24,0,208,16,0,0,8,0,gRNA_CDK8_targ_660_1017
HDR,1.08695652,98.91304348,1158,1148,92,1,91,0,0,0,91,0,0,91,0,0,0,0,gRNA_CDK8_targ_660_1017
Reference,52.76653171,47.23346829,1158,1148,741,391,350,0,0,216,142,0,208,134,0,0,8,0,gRNA_CDK8_targ_660_1018
HDR,0.0,100.0,1158,1148,90,0,90,0,0,0,90,0,0,90,0,0,0,0,gRNA_CDK8_targ_660_1018
Reference,62.76083467,37.23916533,1158,1155,623,391,232,0,0,216,24,0,208,16,0,0,8,0,gRNA_CDK8_targ_660_1019
HDR,35.76470588,64.23529412,1158,1155,425,152,273,0,7,0,266,7,0,266,0,0,0,0,gRNA_CDK8_targ_660_1019
Reference,53.70879121,46.29120879,1158,1148,728,391,337,0,0,216,129,0,208,121,0,0,8,0,gRNA_CDK8_targ_660_1020
HDR,0.73710074,99.26289926,1158,1148,407,3,404,0,0,0,404,0,0,404,0,0,0,0,gRNA_CDK8_targ_660_1020
Reference,21.1928934,78.8071066,3646,3645,788,167,621,0,28,2,594,27,0,591,0,1,2,0,gRNA_CDK8_targ_661_1021
HDR,0.04135649,99.95864351,3646,3645,2418,1,2417,0,0,8,2410,0,7,2409,0,0,1,0,gRNA_CDK8_targ_661_1021
Reference,80.28846154,19.71153846,3646,3645,208,167,41,0,27,0,14,27,0,14,0,0,0,0,gRNA_CDK8_targ_661_1022
HDR,0.07457122,99.92542878,3646,3645,2682,2,2680,0,1,2,2678,1,1,2677,0,0,1,0,gRNA_CDK8_targ_661_1022
Reference,15.33516988,84.66483012,3646,3645,1089,167,922,0,27,3,895,27,0,892,0,0,3,0,gRNA_CDK8_targ_661_1023
HDR,0.0,100.0,3646,3645,2455,0,2455,0,0,0,2455,0,0,2455,0,0,0,0,gRNA_CDK8_targ_661_1023
Reference,33.13492063,66.86507937,3646,3645,504,167,337,0,27,0,310,27,0,310,0,0,0,0,gRNA_CDK8_targ_661_1024
HDR,5.65905097,94.34094903,3646,3645,2845,161,2684,0,0,8,2677,0,7,2676,0,0,1,0,gRNA_CDK8_targ_661_1024
Reference,29.6625222,70.3374778,3646,3645,563,167,396,0,27,2,369,27,0,367,0,0,2,0,gRNA_CDK8_targ_661_1025
HDR,0.0,100.0,3646,3645,2247,0,2247,0,0,7,2240,0,7,2240,0,0,0,0,gRNA_CDK8_targ_661_1025
Reference,18.99886234,81.00113766,3646,3645,879,167,712,0,27,1,685,27,0,684,0,0,1,0,gRNA_CDK8_targ_661_1026
HDR,0.0,100.0,3646,3645,2475,0,2475,0,1,0,2474,1,0,2474,0,0,0,0,gRNA_CDK8_targ_661_1026
Reference,29.82142857,70.17857143,3646,3645,560,167,393,0,27,2,366,27,0,364,0,0,2,0,gRNA_CDK8_targ_661_1027
HDR,65.054779,34.945221,3646,3645,2647,1722,925,0,1,7,917,1,7,917,0,0,0,0,gRNA_CDK8_targ_661_1027
Reference,59.98125586,40.01874414,1071,1071,1067,640,427,0,0,0,427,0,0,427,0,0,0,0,gRNA_CDK8_targ_662_1028
HDR,0.0,100.0,1071,1071,1,0,1,0,0,0,1,0,0,1,0,0,0,0,gRNA_CDK8_targ_662_1028
Reference,94.53471196,5.46528804,1071,1071,677,640,37,0,0,0,37,0,0,37,0,0,0,0,gRNA_CDK8_targ_662_1029
HDR,0.0,100.0,1071,1071,392,0,392,0,0,0,392,0,0,392,0,0,0,0,gRNA_CDK8_targ_662_1029
Reference,94.67455621,5.32544379,1071,1071,676,640,36,0,0,0,36,0,0,36,0,0,0,0,gRNA_CDK8_targ_662_1030
HDR,0.25380711,99.74619289,1071,1071,394,1,393,0,0,0,393,0,0,393,0,0,0,0,gRNA_CDK8_targ_662_1030
Reference,65.77595067,34.22404933,1071,1071,973,640,333,0,0,0,333,0,0,333,0,0,0,0,gRNA_CDK8_targ_662_1031
HDR,0.0,100.0,1071,1071,93,0,93,0,0,0,93,0,0,93,0,0,0,0,gRNA_CDK8_targ_662_1031
Reference,94.2562592,5.7437408,1071,1071,679,640,39,0,0,0,39,0,0,39,0,0,0,0,gRNA_CDK8_targ_662_1032
HDR,0.0,100.0,1071,1071,2,0,2,0,0,0,2,0,0,2,0,0,0,0,gRNA_CDK8_targ_662_1032
Reference,94.53471196,5.46528804,1071,1071,677,640,37,0,0,0,37,0,0,37,0,0,0,0,gRNA_CDK8_targ_662_1033
HDR,0.0,100.0,1071,1071,2,0,2,0,0,0,2,0,0,2,0,0,0,0,gRNA_CDK8_targ_662_1033
Reference,65.4396728,34.5603272,1071,1071,978,640,338,0,0,0,338,0,0,338,0,0,0,0,gRNA_CDK8_targ_662_1034
HDR,0.0,100.0,1071,1071,2,0,2,0,0,0,2,0,0,2,0,0,0,0,gRNA_CDK8_targ_662_1034
Reference,94.53471196,5.46528804,1071,1071,677,640,37,0,0,0,37,0,0,37,0,0,0,0,gRNA_CDK8_targ_662_1035
HDR,74.30025445,25.69974555,1071,1071,393,292,101,0,0,0,101,0,0,101,0,0,0,0,gRNA_CDK8_targ_662_1035
Reference,94.2562592,5.7437408,1071,1071,679,640,39,0,0,0,39,0,0,39,0,0,0,0,gRNA_CDK8_targ_662_1036
HDR,0.0,100.0,1071,1071,93,0,93,0,0,0,93,0,0,93,0,0,0,0,gRNA_CDK8_targ_662_1036
Reference,94.53471196,5.46528804,1071,1071,677,640,37,0,0,0,37,0,0,37,0,0,0,0,gRNA_CDK8_targ_662_1037
HDR,0.0,100.0,1071,1071,93,0,93,0,0,0,93,0,0,93,0,0,0,0,gRNA_CDK8_targ_662_1037
Reference,94.39528024,5.60471976,1071,1071,678,640,38,0,0,0,38,0,0,38,0,0,0,0,gRNA_CDK8_targ_662_1038
HDR,0.0,100.0,1071,1071,392,0,392,0,0,0,392,0,0,392,0,0,0,0,gRNA_CDK8_targ_662_1038
Reference,65.4396728,34.5603272,1071,1071,978,640,338,0,0,0,338,0,0,338,0,0,0,0,gRNA_CDK8_targ_662_1039
HDR,0.0,100.0,1071,1071,93,0,93,0,0,0,93,0,0,93,0,0,0,0,gRNA_CDK8_targ_662_1039
Reference,65.4396728,34.5603272,1071,1071,978,640,338,0,0,0,338,0,0,338,0,0,0,0,gRNA_CDK8_targ_662_1040
HDR,0.0,100.0,1071,1071,93,0,93,0,0,0,93,0,0,93,0,0,0,0,gRNA_CDK8_targ_662_1040
Reference,94.39528024,5.60471976,1071,1071,678,640,38,0,0,0,38,0,0,38,0,0,0,0,gRNA_CDK8_targ_662_1041
HDR,0.0,100.0,1071,1071,392,0,392,0,0,0,392,0,0,392,0,0,0,0,gRNA_CDK8_targ_662_1041
Reference,94.2562592,5.7437408,1071,1071,679,640,39,0,0,0,39,0,0,39,0,0,0,0,gRNA_CDK8_targ_662_1042
HDR,1.07526882,98.92473118,1071,1071,93,1,92,0,0,0,92,0,0,92,0,0,0,0,gRNA_CDK8_targ_662_1042
Reference,7.73993808,92.26006192,323,323,323,25,298,0,0,0,298,0,0,298,0,0,0,0,gRNA_CDK8_targ_663_1043
HDR,,,323,323,0,0,0,0,0,0,0,0,0,0,0,0,0,0,gRNA_CDK8_targ_663_1043
Reference,29.41176471,70.58823529,323,323,85,25,60,0,0,0,60,0,0,60,0,0,0,0,gRNA_CDK8_targ_663_1044
HDR,0.42194093,99.57805907,323,323,237,1,236,0,0,0,236,0,0,236,0,0,0,0,gRNA_CDK8_targ_663_1044
Reference,96.15384615,3.84615385,323,323,26,25,1,0,0,0,1,0,0,1,0,0,0,0,gRNA_CDK8_targ_663_1045
HDR,20.40816327,79.59183673,323,323,294,60,234,0,0,0,234,0,0,234,0,0,0,0,gRNA_CDK8_targ_663_1045
Reference,29.06976744,70.93023256,323,323,86,25,61,0,0,0,61,0,0,61,0,0,0,0,gRNA_CDK8_targ_663_1046
HDR,,,323,323,0,0,0,0,0,0,0,0,0,0,0,0,0,0,gRNA_CDK8_targ_663_1046
Reference,86.20689655,13.79310345,323,323,29,25,4,0,0,0,4,0,0,4,0,0,0,0,gRNA_CDK8_targ_663_1047
HDR,,,323,323,0,0,0,0,0,0,0,0,0,0,0,0,0,0,gRNA_CDK8_targ_663_1047
Reference,100.0,0.0,323,323,25,25,0,0,0,0,0,0,0,0,0,0,0,0,gRNA_CDK8_targ_663_1048
HDR,97.46835443,2.53164557,323,323,237,231,6,0,0,0,6,0,0,6,0,0,0,0,gRNA_CDK8_targ_663_1048
Reference,29.06976744,70.93023256,323,323,86,25,61,0,0,0,61,0,0,61,0,0,0,0,gRNA_CDK8_targ_663_1049
HDR,0.0,100.0,323,323,233,0,233,0,0,0,233,0,0,233,0,0,0,0,gRNA_CDK8_targ_663_1049
Reference,69.5380774,30.4619226,5196,5196,801,557,244,0,0,214,36,0,208,30,0,0,6,0,gRNA_CDK8_targ_664_1050
HDR,0.16433854,99.83566146,5196,5196,3651,6,3645,0,0,0,3645,0,0,3645,0,0,0,0,gRNA_CDK8_targ_664_1050
Reference,63.22360953,36.77639047,5196,5196,881,557,324,0,0,212,116,0,208,112,0,0,4,0,gRNA_CDK8_targ_664_1051
HDR,0.07880221,99.92119779,5196,5196,3807,3,3804,0,0,0,3804,0,0,3804,0,0,0,0,gRNA_CDK8_targ_664_1051
Reference,63.36746303,36.63253697,5196,5196,879,557,322,0,0,215,113,0,209,107,0,0,6,0,gRNA_CDK8_targ_664_1052
HDR,65.20427112,34.79572888,5196,5196,4308,2809,1499,0,0,0,1499,0,0,1499,0,0,0,0,gRNA_CDK8_targ_664_1052
Reference,55.7038835,44.2961165,1608,1570,824,459,365,0,0,0,365,0,0,365,0,0,0,0,gRNA_CDK8_targ_665_1053
HDR,13.2885906,86.7114094,1608,1570,745,99,646,0,0,1,646,0,0,645,0,0,1,0,gRNA_CDK8_targ_665_1053
Reference,57.95454545,42.04545455,1608,1570,792,459,333,0,0,0,333,0,0,333,0,0,0,0,gRNA_CDK8_targ_665_1054
HDR,42.5614489,57.4385511,1608,1570,773,329,444,0,0,1,444,0,0,443,0,0,1,0,gRNA_CDK8_targ_665_1054
Reference,29.27295918,70.72704082,1608,1570,1568,459,1109,0,0,2,1108,0,1,1107,0,0,1,0,gRNA_CDK8_targ_665_1055
HDR,,,1608,1570,0,0,0,0,0,0,0,0,0,0,0,0,0,0,gRNA_CDK8_targ_665_1055
Reference,94.63917526,5.36082474,1608,1570,485,459,26,0,0,0,26,0,0,26,0,0,0,0,gRNA_CDK8_targ_665_1056
HDR,94.23963134,5.76036866,1608,1570,434,409,25,0,0,1,24,0,1,24,0,0,0,0,gRNA_CDK8_targ_665_1056
Reference,55.63636364,44.36363636,1608,1570,825,459,366,0,0,1,365,0,1,365,0,0,0,0,gRNA_CDK8_targ_665_1057
HDR,,,1608,1570,0,0,0,0,0,0,0,0,0,0,0,0,0,0,gRNA_CDK8_targ_665_1057
Reference,57.59096612,42.40903388,1608,1570,797,459,338,0,0,1,337,0,1,337,0,0,0,0,gRNA_CDK8_targ_665_1058
HDR,,,1608,1570,0,0,0,0,0,0,0,0,0,0,0,0,0,0,gRNA_CDK8_targ_665_1058
Reference,40.40492958,59.59507042,1608,1570,1136,459,677,0,0,1,676,0,1,676,0,0,0,0,gRNA_CDK8_targ_665_1059
HDR,0.0,100.0,1608,1570,434,0,434,0,0,1,434,0,0,433,0,0,1,0,gRNA_CDK8_targ_665_1059
Reference,97.71929825,2.28070175,2208,2208,1710,1671,39,0,0,0,39,0,0,39,0,0,0,0,gRNA_CDK8_targ_666_1060
HDR,97.2972973,2.7027027,2208,2208,259,252,7,0,0,0,7,0,0,7,0,0,0,0,gRNA_CDK8_targ_666_1060
Reference,60.0,40.0,627,627,5,3,2,0,0,0,2,0,0,2,0,0,0,0,gRNA_CDK8_targ_669_1061
HDR,21.93548387,78.06451613,627,627,620,136,484,0,217,0,484,0,0,267,0,217,0,0,gRNA_CDK8_targ_669_1061
Reference,32.1192053,67.8807947,677,674,302,97,205,0,0,62,143,0,62,143,0,0,0,0,gRNA_CDK8_targ_670_1062
HDR,38.64864865,61.35135135,677,674,370,143,227,0,0,0,227,0,0,227,0,0,0,0,gRNA_CDK8_targ_670_1062
Reference,31.59609121,68.40390879,677,674,307,97,210,0,0,62,148,0,62,148,0,0,0,0,gRNA_CDK8_targ_670_1063
HDR,35.79234973,64.20765027,677,674,366,131,235,0,0,1,234,0,1,234,0,0,0,0,gRNA_CDK8_targ_670_1063
Reference,17.44604317,82.55395683,677,674,556,97,459,0,0,0,459,0,0,459,0,0,0,0,gRNA_CDK8_targ_670_1064
HDR,1.92307692,98.07692308,677,674,52,1,51,0,0,0,51,0,0,51,0,0,0,0,gRNA_CDK8_targ_670_1064
Reference,59.87654321,40.12345679,677,674,162,97,65,0,0,62,3,0,62,3,0,0,0,0,gRNA_CDK8_targ_670_1065
HDR,74.00881057,25.99118943,677,674,227,168,59,0,0,1,58,0,1,58,0,0,0,0,gRNA_CDK8_targ_670_1065
Reference,32.1192053,67.8807947,677,674,302,97,205,0,0,62,143,0,62,143,0,0,0,0,gRNA_CDK8_targ_670_1066
HDR,0.0,100.0,677,674,52,0,52,0,0,0,52,0,0,52,0,0,0,0,gRNA_CDK8_targ_670_1066
Reference,31.59609121,68.40390879,677,674,307,97,210,0,0,62,148,0,62,148,0,0,0,0,gRNA_CDK8_targ_670_1067
HDR,0.0,100.0,677,674,54,0,54,0,0,1,53,0,1,53,0,0,0,0,gRNA_CDK8_targ_670_1067
Reference,21.84684685,78.15315315,677,674,444,97,347,0,0,62,285,0,62,285,0,0,0,0,gRNA_CDK8_targ_670_1068
HDR,22.22222222,77.77777778,677,674,225,50,175,0,0,1,174,0,1,174,0,0,0,0,gRNA_CDK8_targ_670_1068
Reference,98.24902724,1.75097276,514,514,514,505,9,0,0,0,9,0,0,9,0,0,0,0,gRNA_CDK8_targ_671_1069
HDR,,,514,514,0,0,0,0,0,0,0,0,0,0,0,0,0,0,gRNA_CDK8_targ_671_1069
Reference,97.24637681,2.75362319,958,958,690,671,19,0,0,0,19,0,0,19,0,0,0,0,gRNA_CDK8_targ_672_1070
HDR,97.36842105,2.63157895,958,958,266,259,7,0,0,0,7,0,0,7,0,0,0,0,gRNA_CDK8_targ_672_1070
Reference,98.22419534,1.77580466,905,905,901,885,16,0,0,1,15,0,1,15,0,0,0,0,gRNA_CDK8_targ_673_1071
HDR,,,905,905,0,0,0,0,0,0,0,0,0,0,0,0,0,0,gRNA_CDK8_targ_673_1071
Reference,97.89156627,2.10843373,1359,1359,1328,1300,28,0,0,0,28,0,0,28,0,0,0,0,gRNA_CDK8_targ_675_1072
HDR,8.69565217,91.30434783,1359,1359,23,2,21,0,0,21,1,0,20,0,0,0,1,0,gRNA_CDK8_targ_675_1072
Reference,86.74242424,13.25757576,467,467,264,229,35,0,1,0,34,1,0,34,0,0,0,0,gRNA_CDK8_targ_676_1073
HDR,100.0,0.0,467,467,17,17,0,0,0,0,0,0,0,0,0,0,0,0,gRNA_CDK8_targ_676_1073
Reference,68.20908312,31.79091688,1669,1669,1167,796,371,0,0,0,371,0,0,371,0,0,0,0,gRNA_CDK8_targ_679_1074
HDR,34.07079646,65.92920354,1669,1669,452,154,298,0,1,0,297,1,0,297,0,0,0,0,gRNA_CDK8_targ_679_1074
Reference,79.52047952,20.47952048,1669,1669,1001,796,205,0,1,0,205,0,0,204,0,1,0,0,gRNA_CDK8_targ_679_1075
HDR,16.66666667,83.33333333,1669,1669,198,33,165,0,0,0,165,0,0,165,0,0,0,0,gRNA_CDK8_targ_679_1075
Reference,69.64129484,30.35870516,1669,1669,1143,796,347,0,0,0,347,0,0,347,0,0,0,0,gRNA_CDK8_targ_679_1076
HDR,37.38601824,62.61398176,1669,1669,329,123,206,0,0,0,206,0,0,206,0,0,0,0,gRNA_CDK8_targ_679_1076
Reference,94.44444444,5.55555556,374,374,36,34,2,0,0,0,2,0,0,2,0,0,0,0,gRNA_CDK8_targ_681_1077
HDR,97.31343284,2.68656716,374,374,335,326,9,0,0,0,9,0,0,9,0,0,0,0,gRNA_CDK8_targ_681_1077
Reference,43.75,56.25,575,575,32,14,18,0,18,0,0,18,0,0,0,0,0,0,gRNA_CDK8_targ_682_1078
HDR,96.28099174,3.71900826,575,575,484,466,18,0,0,0,18,0,0,18,0,0,0,0,gRNA_CDK8_targ_682_1078
Reference,8.04093567,91.95906433,2709,2709,684,55,629,0,0,0,629,0,0,629,0,0,0,0,gRNA_CDK8_targ_685_1079
HDR,0.0,100.0,2709,2709,1496,0,1496,0,0,0,1496,0,0,1496,0,0,0,0,gRNA_CDK8_targ_685_1079
Reference,41.98473282,58.01526718,2709,2709,131,55,76,0,0,0,76,0,0,76,0,0,0,0,gRNA_CDK8_targ_685_1080
HDR,6.13132911,93.86867089,2709,2709,2528,155,2373,0,0,0,2373,0,0,2373,0,0,0,0,gRNA_CDK8_targ_685_1080
Reference,52.88461538,47.11538462,2709,2709,104,55,49,0,0,47,4,0,45,2,0,0,2,0,gRNA_CDK8_targ_685_1081
HDR,72.17254077,27.82745923,2709,2709,1901,1372,529,0,0,0,529,0,0,529,0,0,0,0,gRNA_CDK8_targ_685_1081
Reference,85.71428571,14.28571429,3205,3205,112,96,16,0,7,0,11,5,0,9,0,2,0,0,gRNA_CDK8_targ_686_1082
HDR,0.0,100.0,3205,3205,2605,0,2605,0,0,7,2605,0,0,2598,0,0,7,0,gRNA_CDK8_targ_686_1082
Reference,86.48648649,13.51351351,3205,3205,111,96,15,0,7,0,10,5,0,8,0,2,0,0,gRNA_CDK8_targ_686_1083
HDR,0.03475843,99.96524157,3205,3205,2877,1,2876,0,0,7,2876,0,0,2869,0,0,7,0,gRNA_CDK8_targ_686_1083
Reference,86.48648649,13.51351351,3205,3205,111,96,15,0,7,0,10,5,0,8,0,2,0,0,gRNA_CDK8_targ_686_1084
HDR,82.00270636,17.99729364,3205,3205,2956,2424,532,0,0,8,526,0,6,524,0,0,2,0,gRNA_CDK8_targ_686_1084
Reference,13.56466877,86.43533123,1859,1857,317,43,274,0,0,136,274,0,0,138,0,0,136,0,gRNA_CDK8_targ_687_1085
HDR,0.0,100.0,1859,1857,1535,0,1535,0,0,6,1535,0,0,1529,0,0,6,0,gRNA_CDK8_targ_687_1085
Reference,24.85549133,75.14450867,1859,1857,173,43,130,0,0,0,130,0,0,130,0,0,0,0,gRNA_CDK8_targ_687_1086
HDR,0.3960396,99.6039604,1859,1857,1515,6,1509,0,1,142,1375,0,134,1366,0,1,8,0,gRNA_CDK8_targ_687_1086
Reference,24.57142857,75.42857143,1859,1857,175,43,132,0,0,0,132,0,0,132,0,0,0,0,gRNA_CDK8_targ_687_1087
HDR,31.42857143,68.57142857,1859,1857,1540,484,1056,0,1,7,1053,0,3,1048,0,1,4,0,gRNA_CDK8_targ_687_1087
Reference,96.33507853,3.66492147,5886,5873,573,552,21,0,0,4,17,0,4,17,0,0,0,0,gRNA_CDK8_targ_688_1088
HDR,59.08109169,40.91890831,5886,5873,5093,3009,2084,0,148,3,1934,147,3,1933,0,1,0,0,gRNA_CDK8_targ_688_1088
Reference,63.09904153,36.90095847,5429,5429,626,395,231,0,5,0,228,3,0,226,0,2,0,0,gRNA_CDK8_targ_689_1089
HDR,53.44036697,46.55963303,5429,5429,4796,2563,2233,0,13,3,2229,1,3,2217,0,12,0,0,gRNA_CDK8_targ_689_1089
Reference,6.11439842,93.88560158,5812,5640,1014,62,952,0,3,1,950,2,0,948,0,1,1,0,gRNA_CDK8_targ_690_1090
HDR,0.0,100.0,5812,5640,3836,0,3836,0,227,0,3836,0,0,3609,0,227,0,0,gRNA_CDK8_targ_690_1090
Reference,95.38461538,4.61538462,5812,5811,65,62,3,0,2,0,1,2,0,1,0,0,0,0,gRNA_CDK8_targ_690_1091
HDR,10.85420681,89.14579319,5812,5811,4671,507,4164,0,228,172,4162,1,1,3764,0,227,171,0,gRNA_CDK8_targ_690_1091
Reference,7.38095238,92.61904762,5812,5650,840,62,778,0,2,341,444,2,332,435,0,0,9,0,gRNA_CDK8_targ_690_1092
HDR,76.00472813,23.99527187,5812,5650,4230,3215,1015,0,230,10,790,225,0,778,0,2,7,3,gRNA_CDK8_targ_690_1092
Reference,6.46950092,93.53049908,1420,1420,541,35,506,0,0,0,506,0,0,506,0,0,0,0,gRNA_CDK8_targ_691_1093
HDR,0.0,100.0,1420,1420,879,0,879,0,0,2,878,0,1,877,0,0,1,0,gRNA_CDK8_targ_691_1093
Reference,97.22222222,2.77777778,1420,1420,36,35,1,0,0,0,1,0,0,1,0,0,0,0,gRNA_CDK8_targ_691_1094
HDR,32.82559025,67.17440975,1420,1420,1313,431,882,0,0,2,881,0,1,880,0,0,1,0,gRNA_CDK8_targ_691_1094
Reference,2.4822695,97.5177305,1420,1420,1410,35,1375,0,0,1,1375,0,0,1374,0,0,1,0,gRNA_CDK8_targ_691_1095
HDR,0.0,100.0,1420,1420,3,0,3,0,0,1,3,0,0,2,0,0,1,0,gRNA_CDK8_targ_691_1095
Reference,33.01886792,66.98113208,1420,1420,106,35,71,0,0,0,71,0,0,71,0,0,0,0,gRNA_CDK8_targ_691_1096
HDR,93.51535836,6.48464164,1420,1420,879,822,57,0,0,2,56,0,1,55,0,0,1,0,gRNA_CDK8_targ_691_1096
Reference,6.48148148,93.51851852,1420,1420,540,35,505,0,0,0,505,0,0,505,0,0,0,0,gRNA_CDK8_targ_691_1097
HDR,0.0,100.0,1420,1420,6,0,6,0,0,1,5,0,1,5,0,0,0,0,gRNA_CDK8_targ_691_1097
Reference,33.65384615,66.34615385,1420,1420,104,35,69,0,0,0,69,0,0,69,0,0,0,0,gRNA_CDK8_targ_691_1098
HDR,14.28571429,85.71428571,1420,1420,7,1,6,0,0,1,5,0,1,5,0,0,0,0,gRNA_CDK8_targ_691_1098
Reference,6.48148148,93.51851852,1420,1420,540,35,505,0,0,0,505,0,0,505,0,0,0,0,gRNA_CDK8_targ_691_1099
HDR,0.11389522,99.88610478,1420,1420,878,1,877,0,0,1,876,0,1,876,0,0,0,0,gRNA_CDK8_targ_691_1099
Reference,19.89051095,80.10948905,4685,4684,548,109,439,0,21,339,151,2,286,79,0,19,53,0,gRNA_CDK8_targ_695_1100
HDR,0.02771619,99.97228381,4685,4684,3608,1,3607,0,35,5,3571,35,1,3567,0,0,4,0,gRNA_CDK8_targ_695_1100
Reference,12.31638418,87.68361582,4685,4684,885,109,776,0,53,339,490,0,286,384,0,53,53,0,gRNA_CDK8_targ_695_1101
HDR,0.02777778,99.97222222,4685,4684,3600,1,3599,0,0,4,3599,0,0,3595,0,0,4,0,gRNA_CDK8_targ_695_1101
Reference,14.47543161,85.52456839,4685,4685,753,109,644,0,21,340,356,2,286,283,0,19,54,0,gRNA_CDK8_targ_695_1102
HDR,26.15766262,73.84233738,4685,4685,3628,949,2679,0,0,5,2679,0,0,2674,0,0,5,0,gRNA_CDK8_targ_695_1102
Reference,1.07142857,98.92857143,831,829,280,3,277,0,4,42,232,4,41,231,0,0,1,0,gRNA_CDK8_targ_696_1103
HDR,0.0,100.0,831,829,490,0,490,0,1,2,490,0,0,488,0,0,1,1,gRNA_CDK8_targ_696_1103
Reference,42.85714286,57.14285714,831,830,7,3,4,0,4,0,0,4,0,0,0,0,0,0,gRNA_CDK8_targ_696_1104
HDR,0.0,100.0,831,830,407,0,407,0,4,4,407,0,0,403,0,0,0,4,gRNA_CDK8_targ_696_1104
Reference,1.20967742,98.79032258,831,829,248,3,245,0,0,1,245,0,0,244,0,0,1,0,gRNA_CDK8_targ_696_1105
HDR,0.0,100.0,831,829,324,0,324,0,0,0,324,0,0,324,0,0,0,0,gRNA_CDK8_targ_696_1105
Reference,2.45901639,97.54098361,831,830,122,3,119,0,4,42,74,4,41,73,0,0,1,0,gRNA_CDK8_targ_696_1106
HDR,0.0,100.0,831,830,494,0,494,0,4,5,494,0,0,489,0,0,1,4,gRNA_CDK8_targ_696_1106
Reference,1.49253731,98.50746269,831,829,201,3,198,0,4,42,153,4,41,152,0,0,1,0,gRNA_CDK8_targ_696_1107
HDR,0.0,100.0,831,829,246,0,246,0,1,1,246,0,0,245,0,0,0,1,gRNA_CDK8_targ_696_1107
Reference,0.98039216,99.01960784,831,829,306,3,303,0,57,59,303,0,0,244,0,0,2,57,gRNA_CDK8_targ_696_1108
HDR,1.2605042,98.7394958,831,829,476,6,470,0,0,0,470,0,0,470,0,0,0,0,gRNA_CDK8_targ_696_1108
Reference,2.80373832,97.19626168,831,829,107,3,104,0,61,100,59,4,41,0,0,0,2,57,gRNA_CDK8_targ_696_1109
HDR,92.03187251,7.96812749,831,829,251,231,20,0,0,0,20,0,0,20,0,0,0,0,gRNA_CDK8_targ_696_1109
Reference,3.58306189,96.41693811,2840,2826,614,22,592,0,572,0,31,561,0,20,0,11,0,0,gRNA_CDK8_targ_697_1110
HDR,0.14197823,99.85802177,2840,2826,2113,3,2110,0,1,2,2110,0,0,2107,0,1,2,0,gRNA_CDK8_targ_697_1110
Reference,39.77099237,60.22900763,5922,5763,1310,521,789,0,0,1,789,0,0,788,0,0,1,0,gRNA_CDK8_targ_698_1111
HDR,14.63133641,85.36866359,5922,5763,3472,508,2964,0,0,0,2964,0,0,2964,0,0,0,0,gRNA_CDK8_targ_698_1111
Reference,0.86956522,99.13043478,2576,2422,115,1,114,0,19,0,96,18,0,95,0,1,0,0,gRNA_CDK8_targ_699_1112
HDR,25.47738693,74.52261307,2576,2422,1990,507,1483,0,5,2,1482,0,1,1476,0,5,1,0,gRNA_CDK8_targ_699_1112
Reference,14.28571429,85.71428571,984,984,469,67,402,0,1,0,401,1,0,401,0,0,0,0,gRNA_CDK8_targ_700_1113
HDR,31.49606299,68.50393701,984,984,508,160,348,0,0,1,347,0,1,347,0,0,0,0,gRNA_CDK8_targ_700_1113
Reference,15.1241535,84.8758465,984,984,443,67,376,0,1,0,375,1,0,375,0,0,0,0,gRNA_CDK8_targ_700_1114
HDR,11.19402985,88.80597015,984,984,536,60,476,0,1,0,476,0,0,475,0,1,0,0,gRNA_CDK8_targ_700_1114
Reference,24.01433692,75.98566308,984,984,279,67,212,0,1,0,211,1,0,211,0,0,0,0,gRNA_CDK8_targ_700_1115
HDR,38.08139535,61.91860465,984,984,344,131,213,0,1,1,212,0,1,211,0,1,0,0,gRNA_CDK8_targ_700_1115
Reference,1.92307692,98.07692308,623,623,52,1,51,0,50,0,1,50,0,1,0,0,0,0,gRNA_CDK8_targ_701_1116
HDR,57.76397516,42.23602484,623,623,483,279,204,0,0,0,204,0,0,204,0,0,0,0,gRNA_CDK8_targ_701_1116
Reference,0.23041475,99.76958525,623,623,434,1,433,0,50,0,383,50,0,383,0,0,0,0,gRNA_CDK8_targ_701_1117
HDR,0.0,100.0,623,623,48,0,48,0,0,0,48,0,0,48,0,0,0,0,gRNA_CDK8_targ_701_1117
Reference,0.71428571,99.28571429,623,623,140,1,139,0,50,3,89,50,0,86,0,0,3,0,gRNA_CDK8_targ_701_1118
HDR,19.35483871,80.64516129,623,623,186,36,150,0,0,0,150,0,0,150,0,0,0,0,gRNA_CDK8_targ_701_1118
Reference,6.68677728,93.31322272,2241,2196,1989,133,1856,0,0,0,1856,0,0,1856,0,0,0,0,gRNA_CDK8_targ_702_1119
HDR,0.0,100.0,2241,2196,202,0,202,0,0,0,202,0,0,202,0,0,0,0,gRNA_CDK8_targ_702_1119
Reference,50.76335878,49.23664122,2241,2196,262,133,129,0,0,0,129,0,0,129,0,0,0,0,gRNA_CDK8_targ_702_1120
HDR,15.63614744,84.36385256,2241,2196,1682,263,1419,0,0,0,1419,0,0,1419,0,0,0,0,gRNA_CDK8_targ_702_1120
Reference,11.86440678,88.13559322,2241,2196,1121,133,988,0,0,0,988,0,0,988,0,0,0,0,gRNA_CDK8_targ_702_1121
HDR,2.99345182,97.00654818,2241,2196,1069,32,1037,0,0,0,1037,0,0,1037,0,0,0,0,gRNA_CDK8_targ_702_1121
Reference,25.9765625,74.0234375,2241,2196,512,133,379,0,0,1,379,0,0,378,0,0,1,0,gRNA_CDK8_targ_702_1122
HDR,20.0,80.0,2241,2196,205,41,164,0,0,0,164,0,0,164,0,0,0,0,gRNA_CDK8_targ_702_1122
Reference,13.16831683,86.83168317,2241,2196,1010,133,877,0,0,0,877,0,0,877,0,0,0,0,gRNA_CDK8_targ_702_1123
HDR,0.0,100.0,2241,2196,88,0,88,0,0,0,88,0,0,88,0,0,0,0,gRNA_CDK8_targ_702_1123
Reference,34.36692506,65.63307494,2241,2196,387,133,254,0,0,0,254,0,0,254,0,0,0,0,gRNA_CDK8_targ_702_1124
HDR,74.92096944,25.07903056,2241,2196,949,711,238,0,0,0,238,0,0,238,0,0,0,0,gRNA_CDK8_targ_702_1124
Reference,11.7699115,88.2300885,2241,2196,1130,133,997,0,0,1,997,0,0,996,0,0,1,0,gRNA_CDK8_targ_702_1125
HDR,0.0,100.0,2241,2196,1058,0,1058,0,0,0,1058,0,0,1058,0,0,0,0,gRNA_CDK8_targ_702_1125
Reference,33.42541436,66.57458564,2899,2899,1086,363,723,0,0,0,723,0,0,723,0,0,0,0,gRNA_CDK8_targ_703_1126
HDR,87.72542176,12.27457824,2899,2899,1719,1508,211,0,0,0,211,0,0,211,0,0,0,0,gRNA_CDK8_targ_703_1126
Reference,3.61509835,96.38490165,2310,2310,1881,68,1813,0,0,0,1813,0,0,1813,0,0,0,0,gRNA_CDK8_targ_704_1127
HDR,0.0,100.0,2310,2310,227,0,227,0,0,0,227,0,0,227,0,0,0,0,gRNA_CDK8_targ_704_1127
Reference,90.66666667,9.33333333,2310,2310,75,68,7,0,0,0,7,0,0,7,0,0,0,0,gRNA_CDK8_targ_704_1128
HDR,0.0,100.0,2310,2310,2214,0,2214,0,0,1,2213,0,1,2213,0,0,0,0,gRNA_CDK8_targ_704_1128
Reference,76.40449438,23.59550562,2310,2310,89,68,21,0,0,0,21,0,0,21,0,0,0,0,gRNA_CDK8_targ_704_1129
HDR,6.41330166,93.58669834,2310,2310,421,27,394,0,0,0,394,0,0,394,0,0,0,0,gRNA_CDK8_targ_704_1129
Reference,1.0989011,98.9010989,2106,2106,546,6,540,0,41,0,499,41,0,499,0,0,0,0,gRNA_CDK8_targ_705_1130
HDR,0.0,100.0,2106,2106,1510,0,1510,0,4,3,1510,0,0,1503,0,4,3,0,gRNA_CDK8_targ_705_1130
Reference,12.5,87.5,2106,2106,48,6,42,0,41,0,1,41,0,1,0,0,0,0,gRNA_CDK8_targ_705_1131
HDR,0.0,100.0,2106,2106,2058,0,2058,0,5,3,2058,0,0,2050,0,5,3,0,gRNA_CDK8_targ_705_1131
Reference,12.5,87.5,2106,2106,48,6,42,0,41,0,1,41,0,1,0,0,0,0,gRNA_CDK8_targ_705_1132
HDR,0.0,100.0,2106,2106,2021,0,2021,0,1,3,2021,0,0,2017,0,1,3,0,gRNA_CDK8_targ_705_1132
Reference,1.8404908,98.1595092,2106,2106,326,6,320,0,45,0,279,41,0,275,0,4,0,0,gRNA_CDK8_targ_705_1133
HDR,0.0,100.0,2106,2106,1776,0,1776,0,0,3,1776,0,0,1773,0,0,3,0,gRNA_CDK8_targ_705_1133
Reference,12.76595745,87.23404255,2106,2106,47,6,41,0,41,0,0,41,0,0,0,0,0,0,gRNA_CDK8_targ_705_1134
HDR,0.0,100.0,2106,2106,1559,0,1559,0,5,3,1555,4,0,1551,0,1,3,0,gRNA_CDK8_targ_705_1134
Reference,12.5,87.5,2106,2106,48,6,42,0,41,0,1,41,0,1,0,0,0,0,gRNA_CDK8_targ_705_1135
HDR,0.0,100.0,2106,2106,1528,0,1528,0,5,3,1528,0,0,1520,0,5,3,0,gRNA_CDK8_targ_705_1135
Reference,6.97674419,93.02325581,2106,2106,86,6,80,0,42,0,39,41,0,38,0,1,0,0,gRNA_CDK8_targ_705_1136
HDR,0.0,100.0,2106,2106,1284,0,1284,0,0,3,1284,0,0,1281,0,0,3,0,gRNA_CDK8_targ_705_1136
Reference,12.76595745,87.23404255,2106,2106,47,6,41,0,41,0,0,41,0,0,0,0,0,0,gRNA_CDK8_targ_705_1137
HDR,0.19483682,99.80516318,2106,2106,2053,4,2049,0,1,3,2048,1,0,2045,0,0,3,0,gRNA_CDK8_targ_705_1137
Reference,12.76595745,87.23404255,2106,2106,47,6,41,0,41,0,0,41,0,0,0,0,0,0,gRNA_CDK8_targ_705_1138
HDR,0.0,100.0,2106,2106,1779,0,1779,0,1,3,1779,0,0,1775,0,1,3,0,gRNA_CDK8_targ_705_1138
Reference,7.05882353,92.94117647,2106,2106,85,6,79,0,45,0,38,41,0,34,0,4,0,0,gRNA_CDK8_targ_705_1139
HDR,0.0,100.0,2106,2106,1780,0,1780,0,1,3,1780,0,0,1776,0,1,3,0,gRNA_CDK8_targ_705_1139
Reference,12.76595745,87.23404255,2106,2106,47,6,41,0,41,0,0,41,0,0,0,0,0,0,gRNA_CDK8_targ_705_1140
HDR,11.27308066,88.72691934,2106,2106,2058,232,1826,0,5,3,1824,1,1,1818,0,4,2,0,gRNA_CDK8_targ_705_1140
Reference,11.76470588,88.23529412,2106,2106,51,6,45,0,41,0,4,41,0,4,0,0,0,0,gRNA_CDK8_targ_705_1141
HDR,0.0,100.0,2106,2106,2020,0,2020,0,4,3,2019,0,1,2013,0,4,2,0,gRNA_CDK8_targ_705_1141
Reference,7.22891566,92.77108434,2106,2106,83,6,77,0,41,0,36,41,0,36,0,0,0,0,gRNA_CDK8_targ_705_1142
HDR,0.0,100.0,2106,2106,2014,0,2014,0,0,3,2013,0,1,2011,0,0,2,0,gRNA_CDK8_targ_705_1142
Reference,11.53846154,88.46153846,2106,2106,52,6,46,0,45,0,5,41,0,1,0,4,0,0,gRNA_CDK8_targ_705_1143
HDR,16.77387432,83.22612568,2106,2106,2021,339,1682,0,1,3,1680,1,1,1678,0,0,2,0,gRNA_CDK8_targ_705_1143
Reference,12.5,87.5,2106,2106,48,6,42,0,41,0,1,41,0,1,0,0,0,0,gRNA_CDK8_targ_705_1144
HDR,49.43041109,50.56958891,2106,2106,2019,998,1021,0,1,3,1018,0,3,1017,0,1,0,0,gRNA_CDK8_targ_705_1144
Reference,72.89719626,27.10280374,358,357,214,156,58,0,0,0,58,0,0,58,0,0,0,0,gRNA_CDK8_targ_706_1145
HDR,0.0,100.0,358,357,140,0,140,0,0,0,140,0,0,140,0,0,0,0,gRNA_CDK8_targ_706_1145
Reference,97.5,2.5,358,357,160,156,4,0,0,0,4,0,0,4,0,0,0,0,gRNA_CDK8_targ_706_1146
HDR,0.0,100.0,358,357,195,0,195,0,0,0,195,0,0,195,0,0,0,0,gRNA_CDK8_targ_706_1146
Reference,97.5,2.5,358,357,160,156,4,0,0,0,4,0,0,4,0,0,0,0,gRNA_CDK8_targ_706_1147
HDR,0.0,100.0,358,357,197,0,197,0,0,0,197,0,0,197,0,0,0,0,gRNA_CDK8_targ_706_1147
Reference,95.70552147,4.29447853,358,357,163,156,7,0,0,0,7,0,0,7,0,0,0,0,gRNA_CDK8_targ_706_1148
HDR,0.0,100.0,358,357,194,0,194,0,0,0,194,0,0,194,0,0,0,0,gRNA_CDK8_targ_706_1148
Reference,96.89440994,3.10559006,358,357,161,156,5,0,0,0,5,0,0,5,0,0,0,0,gRNA_CDK8_targ_706_1149
HDR,0.0,100.0,358,357,141,0,141,0,0,0,141,0,0,141,0,0,0,0,gRNA_CDK8_targ_706_1149
Reference,97.5,2.5,358,357,160,156,4,0,0,0,4,0,0,4,0,0,0,0,gRNA_CDK8_targ_706_1150
HDR,0.0,100.0,358,357,142,0,142,0,0,0,142,0,0,142,0,0,0,0,gRNA_CDK8_targ_706_1150
Reference,96.89440994,3.10559006,358,357,161,156,5,0,0,0,5,0,0,5,0,0,0,0,gRNA_CDK8_targ_706_1151
HDR,0.0,100.0,358,357,139,0,139,0,0,0,139,0,0,139,0,0,0,0,gRNA_CDK8_targ_706_1151
Reference,97.5,2.5,358,357,160,156,4,0,0,0,4,0,0,4,0,0,0,0,gRNA_CDK8_targ_706_1152
HDR,0.0,100.0,358,357,197,0,197,0,0,0,197,0,0,197,0,0,0,0,gRNA_CDK8_targ_706_1152
Reference,96.89440994,3.10559006,358,357,161,156,5,0,0,0,5,0,0,5,0,0,0,0,gRNA_CDK8_targ_706_1153
HDR,0.0,100.0,358,357,194,0,194,0,0,0,194,0,0,194,0,0,0,0,gRNA_CDK8_targ_706_1153
Reference,97.5,2.5,358,357,160,156,4,0,0,0,4,0,0,4,0,0,0,0,gRNA_CDK8_targ_706_1154
HDR,0.0,100.0,358,357,194,0,194,0,0,0,194,0,0,194,0,0,0,0,gRNA_CDK8_targ_706_1154
Reference,97.5,2.5,358,357,160,156,4,0,0,0,4,0,0,4,0,0,0,0,gRNA_CDK8_targ_706_1155
HDR,0.51020408,99.48979592,358,357,196,1,195,0,0,0,195,0,0,195,0,0,0,0,gRNA_CDK8_targ_706_1155
Reference,96.89440994,3.10559006,358,357,161,156,5,0,0,0,5,0,0,5,0,0,0,0,gRNA_CDK8_targ_706_1156
HDR,0.0,100.0,358,357,195,0,195,0,0,0,195,0,0,195,0,0,0,0,gRNA_CDK8_targ_706_1156
Reference,97.5,2.5,358,357,160,156,4,0,0,0,4,0,0,4,0,0,0,0,gRNA_CDK8_targ_706_1157
HDR,0.0,100.0,358,357,196,0,196,0,0,0,196,0,0,196,0,0,0,0,gRNA_CDK8_targ_706_1157
Reference,97.5,2.5,358,357,160,156,4,0,0,0,4,0,0,4,0,0,0,0,gRNA_CDK8_targ_706_1158
HDR,27.04081633,72.95918367,358,357,196,53,143,0,0,0,143,0,0,143,0,0,0,0,gRNA_CDK8_targ_706_1158
Reference,97.5,2.5,358,357,160,156,4,0,0,0,4,0,0,4,0,0,0,0,gRNA_CDK8_targ_706_1159
HDR,69.3877551,30.6122449,358,357,196,136,60,0,0,0,60,0,0,60,0,0,0,0,gRNA_CDK8_targ_706_1159
Reference,82.35294118,17.64705882,2628,2277,17,14,3,0,2,1,2,1,0,0,0,1,1,0,gRNA_CDK8_targ_707_1160
HDR,0.0,100.0,2628,2277,2054,0,2054,0,0,1,2054,0,0,2053,0,0,1,0,gRNA_CDK8_targ_707_1160
Reference,6.11353712,93.88646288,2628,2277,229,14,215,0,0,0,215,0,0,215,0,0,0,0,gRNA_CDK8_targ_707_1161
HDR,0.0,100.0,2628,2277,1729,0,1729,0,41,1,1688,40,1,1687,0,1,0,0,gRNA_CDK8_targ_707_1161
Reference,93.33333333,6.66666667,2628,2277,15,14,1,0,1,0,0,1,0,0,0,0,0,0,gRNA_CDK8_targ_707_1162
HDR,24.86965589,75.13034411,2628,2277,1918,477,1441,0,0,1,1441,0,0,1440,0,0,1,0,gRNA_CDK8_targ_707_1162
Reference,50.92592593,49.07407407,1214,1214,216,110,106,0,1,0,106,0,0,105,0,1,0,0,gRNA_CDK8_targ_709_1163
HDR,0.0,100.0,1214,1214,993,0,993,0,2,276,993,0,0,715,0,2,276,0,gRNA_CDK8_targ_709_1163
Reference,54.18719212,45.81280788,1214,1214,203,110,93,0,1,0,93,0,0,92,0,1,0,0,gRNA_CDK8_targ_709_1164
HDR,0.0,100.0,1214,1214,1009,0,1009,0,2,276,1009,0,0,731,0,2,276,0,gRNA_CDK8_targ_709_1164
Reference,55.55555556,44.44444444,1214,1214,198,110,88,0,0,0,88,0,0,88,0,0,0,0,gRNA_CDK8_targ_709_1165
HDR,0.0,100.0,1214,1214,623,0,623,0,3,21,622,1,0,599,0,2,21,0,gRNA_CDK8_targ_709_1165
Reference,14.32291667,85.67708333,1214,1214,768,110,658,0,1,254,658,0,0,403,0,1,254,0,gRNA_CDK8_targ_709_1166
HDR,0.0,100.0,1214,1214,424,0,424,0,2,2,424,0,0,420,0,2,2,0,gRNA_CDK8_targ_709_1166
Reference,54.18719212,45.81280788,1214,1214,203,110,93,0,1,0,93,0,0,92,0,1,0,0,gRNA_CDK8_targ_709_1167
HDR,0.0,100.0,1214,1214,993,0,993,0,2,276,974,0,19,715,0,2,257,0,gRNA_CDK8_targ_709_1167
Reference,54.72636816,45.27363184,1214,1214,201,110,91,0,0,0,91,0,0,91,0,0,0,0,gRNA_CDK8_targ_709_1168
HDR,0.0,100.0,1214,1214,993,0,993,0,2,276,974,0,19,715,0,2,257,0,gRNA_CDK8_targ_709_1168
Reference,49.77375566,50.22624434,1214,1214,221,110,111,0,1,0,111,0,0,110,0,1,0,0,gRNA_CDK8_targ_709_1169
HDR,0.0,100.0,1214,1214,446,0,446,0,2,22,446,0,0,422,0,2,22,0,gRNA_CDK8_targ_709_1169
Reference,54.45544554,45.54455446,1214,1214,202,110,92,0,0,0,92,0,0,92,0,0,0,0,gRNA_CDK8_targ_709_1170
HDR,1.38613861,98.61386139,1214,1214,1010,14,996,0,2,276,977,0,19,718,0,2,257,0,gRNA_CDK8_targ_709_1170
Reference,53.92156863,46.07843137,1214,1214,204,110,94,0,1,0,94,0,0,93,0,1,0,0,gRNA_CDK8_targ_709_1171
HDR,0.0,100.0,1214,1214,445,0,445,0,2,22,445,0,0,421,0,2,22,0,gRNA_CDK8_targ_709_1171
Reference,18.6440678,81.3559322,1214,1214,590,110,480,0,0,254,480,0,0,226,0,0,254,0,gRNA_CDK8_targ_709_1172
HDR,0.0,100.0,1214,1214,426,0,426,0,2,2,426,0,0,422,0,2,2,0,gRNA_CDK8_targ_709_1172
Reference,54.18719212,45.81280788,1214,1214,203,110,93,0,1,0,93,0,0,92,0,1,0,0,gRNA_CDK8_targ_709_1173
HDR,15.43026706,84.56973294,1214,1214,1011,156,855,0,2,276,835,0,20,577,0,2,256,0,gRNA_CDK8_targ_709_1173
Reference,50.0,50.0,1214,1214,220,110,110,0,1,0,110,0,0,109,0,1,0,0,gRNA_CDK8_targ_709_1174
HDR,0.0,100.0,1214,1214,992,0,992,0,2,276,972,0,20,714,0,2,256,0,gRNA_CDK8_targ_709_1174
Reference,49.77375566,50.22624434,1214,1214,221,110,111,0,1,0,111,0,0,110,0,1,0,0,gRNA_CDK8_targ_709_1175
HDR,0.0,100.0,1214,1214,606,0,606,0,2,22,605,0,1,582,0,2,21,0,gRNA_CDK8_targ_709_1175
Reference,54.18719212,45.81280788,1214,1214,203,110,93,0,1,0,93,0,0,92,0,1,0,0,gRNA_CDK8_targ_709_1176
HDR,0.0,100.0,1214,1214,622,0,622,0,2,22,621,0,1,598,0,2,21,0,gRNA_CDK8_targ_709_1176
Reference,54.18719212,45.81280788,1214,1214,203,110,93,0,1,0,93,0,0,92,0,1,0,0,gRNA_CDK8_targ_709_1177
HDR,52.90933694,47.09066306,1214,1214,739,391,348,0,2,22,345,1,2,324,0,1,20,0,gRNA_CDK8_targ_709_1177
Reference,13.77952756,86.22047244,269,269,254,35,219,0,0,0,219,0,0,219,0,0,0,0,gRNA_CDK8_targ_710_1178
HDR,,,269,269,0,0,0,0,0,0,0,0,0,0,0,0,0,0,gRNA_CDK8_targ_710_1178
Reference,100.0,0.0,269,269,35,35,0,0,0,0,0,0,0,0,0,0,0,0,gRNA_CDK8_targ_710_1179
HDR,0.0,100.0,269,269,234,0,234,0,7,0,234,0,0,227,0,7,0,0,gRNA_CDK8_targ_710_1179
Reference,100.0,0.0,269,269,35,35,0,0,0,0,0,0,0,0,0,0,0,0,gRNA_CDK8_targ_710_1180
HDR,0.0,100.0,269,269,226,0,226,0,7,0,226,0,0,219,0,7,0,0,gRNA_CDK8_targ_710_1180
Reference,100.0,0.0,269,269,35,35,0,0,0,0,0,0,0,0,0,0,0,0,gRNA_CDK8_targ_710_1181
HDR,0.0,100.0,269,269,15,0,15,0,0,0,15,0,0,15,0,0,0,0,gRNA_CDK8_targ_710_1181
Reference,97.22222222,2.77777778,269,269,36,35,1,0,0,0,1,0,0,1,0,0,0,0,gRNA_CDK8_targ_710_1182
HDR,0.0,100.0,269,269,8,0,8,0,0,0,8,0,0,8,0,0,0,0,gRNA_CDK8_targ_710_1182
Reference,100.0,0.0,269,269,35,35,0,0,0,0,0,0,0,0,0,0,0,0,gRNA_CDK8_targ_710_1183
HDR,88.88888889,11.11111111,269,269,234,208,26,0,7,0,22,4,0,19,0,3,0,0,gRNA_CDK8_targ_710_1183
Reference,100.0,0.0,269,269,35,35,0,0,0,0,0,0,0,0,0,0,0,0,gRNA_CDK8_targ_710_1184
HDR,1.7167382,98.2832618,269,269,233,4,229,0,0,0,229,0,0,229,0,0,0,0,gRNA_CDK8_targ_710_1184
Reference,13.27119396,86.72880604,3932,3930,2253,299,1954,0,182,3,1951,1,2,1769,0,181,1,0,gRNA_CDK8_targ_711_1185
HDR,0.0,100.0,3932,3930,1663,0,1663,0,0,1,1663,0,0,1662,0,0,1,0,gRNA_CDK8_targ_711_1185
Reference,45.71865443,54.28134557,3932,3930,654,299,355,0,1,2,352,1,2,352,0,0,0,0,gRNA_CDK8_targ_711_1186
HDR,13.27561328,86.72438672,3932,3930,2772,368,2404,0,179,1,2232,172,0,2224,0,7,1,0,gRNA_CDK8_targ_711_1186
Reference,8.94941634,91.05058366,3932,3930,3341,299,3042,0,182,2,3041,1,0,2858,0,181,2,0,gRNA_CDK8_targ_711_1187
HDR,0.0,100.0,3932,3930,581,0,581,0,0,1,581,0,0,580,0,0,1,0,gRNA_CDK8_targ_711_1187
Reference,35.98074609,64.01925391,3932,3930,831,299,532,0,3,4,529,1,2,525,0,2,2,0,gRNA_CDK8_targ_711_1188
HDR,12.63089005,87.36910995,3932,3930,1528,193,1335,0,0,1,1335,0,0,1334,0,0,1,0,gRNA_CDK8_targ_711_1188
Reference,14.47941889,85.52058111,3932,3930,2065,299,1766,0,182,3,1763,1,2,1581,0,181,1,0,gRNA_CDK8_targ_711_1189
HDR,0.0,100.0,3932,3930,385,0,385,0,0,1,385,0,0,384,0,0,1,0,gRNA_CDK8_targ_711_1189
Reference,34.60648148,65.39351852,3932,3930,864,299,565,0,2,3,562,1,2,560,0,1,1,0,gRNA_CDK8_targ_711_1190
HDR,0.0,100.0,3932,3930,467,0,467,0,0,1,467,0,0,466,0,0,1,0,gRNA_CDK8_targ_711_1190
Reference,14.38191438,85.61808562,3932,3930,2079,299,1780,0,182,3,1777,1,2,1595,0,181,1,0,gRNA_CDK8_targ_711_1191
HDR,0.0,100.0,3932,3930,1830,0,1830,0,0,1,1830,0,0,1829,0,0,1,0,gRNA_CDK8_targ_711_1191
Reference,13.64392679,86.35607321,659,659,601,82,519,0,5,0,518,1,0,514,0,4,0,0,gRNA_CDK8_targ_712_1192
HDR,0.0,100.0,659,659,58,0,58,0,0,0,58,0,0,58,0,0,0,0,gRNA_CDK8_targ_712_1192
Reference,20.2970297,79.7029703,659,659,404,82,322,0,5,0,321,1,0,317,0,4,0,0,gRNA_CDK8_targ_712_1193
HDR,0.0,100.0,659,659,99,0,99,0,0,0,99,0,0,99,0,0,0,0,gRNA_CDK8_targ_712_1193
Reference,33.06451613,66.93548387,659,659,248,82,166,0,4,0,166,0,0,162,0,4,0,0,gRNA_CDK8_targ_712_1194
HDR,60.83743842,39.16256158,659,659,406,247,159,0,0,0,159,0,0,159,0,0,0,0,gRNA_CDK8_targ_712_1194
Reference,16.23762376,83.76237624,659,659,505,82,423,0,5,0,422,1,0,418,0,4,0,0,gRNA_CDK8_targ_712_1195
HDR,33.33333333,66.66666667,659,659,3,1,2,0,0,0,2,0,0,2,0,0,0,0,gRNA_CDK8_targ_712_1195
Reference,32.53968254,67.46031746,659,659,252,82,170,0,5,0,169,1,0,165,0,4,0,0,gRNA_CDK8_targ_712_1196
HDR,1.75438596,98.24561404,659,659,57,1,56,0,0,0,56,0,0,56,0,0,0,0,gRNA_CDK8_targ_712_1196
Reference,32.53968254,67.46031746,659,659,252,82,170,0,5,0,169,1,0,165,0,4,0,0,gRNA_CDK8_targ_712_1197
HDR,60.60606061,39.39393939,659,659,99,60,39,0,0,0,39,0,0,39,0,0,0,0,gRNA_CDK8_targ_712_1197
Reference,16.26984127,83.73015873,659,659,504,82,422,0,5,0,421,1,0,417,0,4,0,0,gRNA_CDK8_targ_712_1198
HDR,1.2987013,98.7012987,659,659,154,2,152,0,0,0,152,0,0,152,0,0,0,0,gRNA_CDK8_targ_712_1198
Reference,30.92967819,69.07032181,2921,2913,1678,519,1159,0,10,2,1148,9,1,1148,1,0,0,0,gRNA_CDK8_targ_713_1199
HDR,0.0,100.0,2921,2913,1229,0,1229,0,16,70,1161,0,68,1143,0,16,2,0,gRNA_CDK8_targ_713_1199
Reference,81.73228346,18.26771654,2921,2913,635,519,116,0,8,0,108,8,0,108,0,0,0,0,gRNA_CDK8_targ_713_1200
HDR,44.74272931,55.25727069,2921,2913,1788,800,988,0,1,0,988,0,0,987,0,1,0,0,gRNA_CDK8_targ_713_1200
Reference,60.20881671,39.79118329,2921,2913,862,519,343,0,9,1,333,9,1,333,0,0,0,0,gRNA_CDK8_targ_713_1201
HDR,60.66504461,39.33495539,2921,2913,1233,748,485,0,17,70,417,0,68,398,0,17,2,0,gRNA_CDK8_targ_713_1201
Reference,28.16486752,71.83513248,1546,1546,1019,287,732,0,0,1,732,0,0,731,0,0,1,0,gRNA_CDK8_targ_714_1202
HDR,57.5815739,42.4184261,1546,1546,521,300,221,0,0,0,221,0,0,221,0,0,0,0,gRNA_CDK8_targ_714_1202
Reference,62.78409091,37.21590909,3411,3410,1056,663,393,0,92,1,311,81,1,300,0,11,0,0,gRNA_CDK8_targ_715_1203
HDR,55.07721104,44.92278896,3411,3410,2137,1177,960,0,0,0,960,0,0,960,0,0,0,0,gRNA_CDK8_targ_715_1203
Reference,51.17270789,48.82729211,1138,1138,938,480,458,0,0,0,458,0,0,458,0,0,0,0,gRNA_CDK8_targ_716_1204
HDR,0.0,100.0,1138,1138,199,0,199,0,0,0,199,0,0,199,0,0,0,0,gRNA_CDK8_targ_716_1204
Reference,93.06930693,6.93069307,568,568,101,94,7,0,0,2,5,0,2,5,0,0,0,0,gRNA_CDK8_targ_717_1205
HDR,0.21691974,99.78308026,568,568,461,1,460,0,0,1,460,0,0,459,0,0,1,0,gRNA_CDK8_targ_717_1205
Reference,5.58633426,94.41366574,3463,3463,2166,121,2045,0,340,48,1827,218,0,1657,0,122,48,0,gRNA_CDK8_targ_718_1206
HDR,2.23765432,97.76234568,3463,3463,1296,29,1267,0,0,1,1266,0,1,1266,0,0,0,0,gRNA_CDK8_targ_718_1206
Reference,5.09045015,94.90954985,3463,3463,2377,121,2256,0,337,49,2038,218,0,1870,0,119,49,0,gRNA_CDK8_targ_718_1207
HDR,0.55917987,99.44082013,3463,3463,1073,6,1067,0,1,0,1066,1,0,1066,0,0,0,0,gRNA_CDK8_targ_718_1207
Reference,6.71848973,93.28151027,3463,3463,1801,121,1680,0,337,48,1462,218,0,1295,0,119,48,0,gRNA_CDK8_targ_718_1208
HDR,46.69479606,53.30520394,3463,3463,711,332,379,0,0,0,379,0,0,379,0,0,0,0,gRNA_CDK8_targ_718_1208
Reference,30.17182131,69.82817869,1732,1732,1455,439,1016,0,98,42,974,1,41,876,0,97,1,0,gRNA_CDK8_targ_719_1209
HDR,0.0,100.0,1732,1732,275,0,275,0,0,0,275,0,0,275,0,0,0,0,gRNA_CDK8_targ_719_1209
Reference,86.07843137,13.92156863,1732,1732,510,439,71,0,2,42,29,1,41,27,0,1,1,0,gRNA_CDK8_targ_719_1210
HDR,51.38169257,48.61830743,1732,1732,1158,595,563,0,96,0,563,0,0,467,0,96,0,0,gRNA_CDK8_targ_719_1210
Reference,76.61431065,23.38568935,1732,1732,573,439,134,0,2,42,92,1,41,90,0,1,1,0,gRNA_CDK8_targ_719_1211
HDR,29.45454545,70.54545455,1732,1732,275,81,194,0,0,0,194,0,0,194,0,0,0,0,gRNA_CDK8_targ_719_1211
Reference,45.32520325,54.67479675,4027,4027,984,446,538,0,243,27,277,239,22,268,0,4,5,0,gRNA_CDK8_targ_720_1212
HDR,1.25786164,98.74213836,4027,4027,2067,26,2041,0,4,1,2038,3,0,2036,0,1,1,0,gRNA_CDK8_targ_720_1212
Reference,26.46884273,73.53115727,4027,4027,1685,446,1239,0,245,27,978,239,22,967,0,6,5,0,gRNA_CDK8_targ_720_1213
HDR,0.14563107,99.85436893,4027,4027,2060,3,2057,0,1,385,2056,0,1,1671,0,1,384,0,gRNA_CDK8_targ_720_1213
Reference,44.64464464,55.35535536,4027,4027,999,446,553,0,243,27,292,239,22,283,0,4,5,0,gRNA_CDK8_targ_720_1214
HDR,23.31118494,76.68881506,4027,4027,1806,421,1385,0,0,385,1384,0,1,1000,0,0,384,0,gRNA_CDK8_targ_720_1214
Reference,0.15932023,99.84067977,3012,3012,1883,3,1880,0,279,70,1864,0,16,1531,0,279,54,0,gRNA_CDK8_targ_721_1215
HDR,0.0,100.0,3012,3012,1123,0,1123,0,0,1,1123,0,0,1122,0,0,1,0,gRNA_CDK8_targ_721_1215
Reference,0.2722323,99.7277677,3012,3012,1102,3,1099,0,9,17,1083,0,16,1073,0,9,1,0,gRNA_CDK8_targ_721_1216
HDR,0.0,100.0,3012,3012,1851,0,1851,0,271,4,1588,262,1,1576,0,9,3,0,gRNA_CDK8_targ_721_1216
Reference,0.25951557,99.74048443,3012,3012,1156,3,1153,0,279,17,1137,0,16,857,0,279,1,0,gRNA_CDK8_targ_721_1217
HDR,0.06385696,99.93614304,3012,3012,1566,1,1565,0,2,54,1564,0,1,1509,0,2,53,0,gRNA_CDK8_targ_721_1217
Reference,0.26019081,99.73980919,3012,3012,1153,3,1150,0,10,67,1134,0,16,1073,0,10,51,0,gRNA_CDK8_targ_721_1218
HDR,0.0,100.0,3012,3012,1123,0,1123,0,2,1,1123,0,0,1120,0,2,1,0,gRNA_CDK8_targ_721_1218
Reference,0.21881838,99.78118162,3012,3012,1371,3,1368,0,279,17,1352,0,16,1072,0,279,1,0,gRNA_CDK8_targ_721_1219
HDR,0.0,100.0,3012,3012,1050,0,1050,0,0,1,1050,0,0,1049,0,0,1,0,gRNA_CDK8_targ_721_1219
Reference,0.27247956,99.72752044,3012,3012,1101,3,1098,0,10,17,1082,0,16,1071,0,10,1,0,gRNA_CDK8_targ_721_1220
HDR,10.42866283,89.57133717,3012,3012,1563,163,1400,0,2,54,1397,0,3,1344,0,2,51,0,gRNA_CDK8_targ_721_1220
Reference,0.2189781,99.7810219,3012,3012,1370,3,1367,0,277,17,1351,0,16,1073,0,277,1,0,gRNA_CDK8_targ_721_1221
HDR,33.41740227,66.58259773,3012,3012,1586,530,1056,0,2,3,1056,0,0,1051,0,2,3,0,gRNA_CDK8_targ_721_1221
Reference,100.0,0.0,1644,1606,6,6,0,0,0,0,0,0,0,0,0,0,0,0,gRNA_CDK8_targ_722_1222
HDR,0.0,100.0,1644,1606,1360,0,1360,0,0,2,1359,0,1,1358,0,0,1,0,gRNA_CDK8_targ_722_1222
Reference,75.0,25.0,1644,1606,8,6,2,0,0,0,2,0,0,2,0,0,0,0,gRNA_CDK8_targ_722_1223
HDR,0.0,100.0,1644,1606,1203,0,1203,0,0,1,1203,0,0,1202,0,0,1,0,gRNA_CDK8_targ_722_1223
Reference,1.10701107,98.89298893,1644,1606,542,6,536,0,0,1,536,0,0,535,0,0,1,0,gRNA_CDK8_targ_722_1224
HDR,0.0,100.0,1644,1606,1063,0,1063,0,0,1,1063,0,0,1062,0,0,1,0,gRNA_CDK8_targ_722_1224
Reference,100.0,0.0,1644,1606,6,6,0,0,0,0,0,0,0,0,0,0,0,0,gRNA_CDK8_targ_722_1225
HDR,16.09110948,83.90889052,1644,1606,1361,219,1142,0,0,3,1139,0,3,1139,0,0,0,0,gRNA_CDK8_targ_722_1225
Reference,2.45901639,97.54098361,1644,1606,244,6,238,0,0,1,238,0,0,237,0,0,1,0,gRNA_CDK8_targ_722_1226
HDR,0.0,100.0,1644,1606,1064,0,1064,0,0,2,1062,0,2,1062,0,0,0,0,gRNA_CDK8_targ_722_1226
Reference,2.26415094,97.73584906,1644,1606,265,6,259,0,0,1,259,0,0,258,0,0,1,0,gRNA_CDK8_targ_722_1227
HDR,0.0,100.0,1644,1606,1063,0,1063,0,0,1,1062,0,1,1062,0,0,0,0,gRNA_CDK8_targ_722_1227
Reference,2.45901639,97.54098361,1644,1606,244,6,238,0,0,0,238,0,0,238,0,0,0,0,gRNA_CDK8_targ_722_1228
HDR,33.65671642,66.34328358,1644,1606,1340,451,889,0,0,2,887,0,2,887,0,0,0,0,gRNA_CDK8_targ_722_1228
Reference,27.71157959,72.28842041,9442,9209,3273,907,2366,0,82,224,2145,1,220,2060,0,81,4,0,gRNA_CDK8_targ_723_1229
HDR,11.52945767,88.47054233,9442,9209,5126,591,4535,0,0,5,4534,0,1,4530,0,0,4,0,gRNA_CDK8_targ_723_1229
Reference,18.46990437,81.53009563,6034,6034,5333,985,4348,0,2,0,4348,0,0,4346,0,2,0,0,gRNA_CDK8_targ_724_1230
HDR,1.32743363,98.67256637,6034,6034,226,3,223,0,0,2,223,0,0,221,0,0,2,0,gRNA_CDK8_targ_724_1230
Reference,80.21172638,19.78827362,6034,6034,1228,985,243,0,0,0,243,0,0,243,0,0,0,0,gRNA_CDK8_targ_724_1231
HDR,80.43101313,19.56898687,6034,6034,4037,3247,790,0,0,3,789,0,1,787,0,0,2,0,gRNA_CDK8_targ_724_1231
Reference,49.44779116,50.55220884,6034,6034,1992,985,1007,0,2,0,1007,0,0,1005,0,2,0,0,gRNA_CDK8_targ_724_1232
HDR,30.72463768,69.27536232,6034,6034,690,212,478,0,0,2,476,0,2,476,0,0,0,0,gRNA_CDK8_targ_724_1232
Reference,1.64835165,98.35164835,3006,3006,182,3,179,0,0,8,171,0,8,171,0,0,0,0,gRNA_CDK8_targ_725_1233
HDR,0.03909304,99.96090696,3006,3006,2558,1,2557,0,0,0,2557,0,0,2557,0,0,0,0,gRNA_CDK8_targ_725_1233
Reference,28.73514431,71.26485569,4696,4696,2356,677,1679,0,6,1,1678,0,1,1672,0,6,0,0,gRNA_CDK8_targ_726_1234
HDR,61.58024691,38.41975309,4696,4696,2025,1247,778,0,6,2,777,0,1,770,0,6,1,0,gRNA_CDK8_targ_726_1234
Reference,17.88166931,82.11833069,4696,4696,3786,677,3109,0,11,3,3108,0,1,3095,0,11,2,0,gRNA_CDK8_targ_726_1235
HDR,24.11467116,75.88532884,4696,4696,593,143,450,0,1,0,450,0,0,449,0,1,0,0,gRNA_CDK8_targ_726_1235
Reference,37.77901786,62.22098214,4696,4696,1792,677,1115,0,5,1,1114,0,1,1109,0,5,0,0,gRNA_CDK8_targ_726_1236
HDR,6.89655172,93.10344828,4696,4696,29,2,27,0,0,0,27,0,0,27,0,0,0,0,gRNA_CDK8_targ_726_1236
Reference,0.37067545,99.62932455,2599,2599,2428,9,2419,0,0,1,2419,0,0,2418,0,0,1,0,gRNA_CDK8_targ_727_1237
HDR,0.0,100.0,2599,2599,166,0,166,0,0,2,166,0,0,164,0,0,2,0,gRNA_CDK8_targ_727_1237
Reference,3.05084746,96.94915254,2599,2599,295,9,286,0,0,0,286,0,0,286,0,0,0,0,gRNA_CDK8_targ_727_1238
HDR,65.92785745,34.07214255,2599,2599,2301,1517,784,0,0,3,783,0,1,781,0,0,2,0,gRNA_CDK8_targ_727_1238
Reference,3.02013423,96.97986577,2599,2599,298,9,289,0,0,0,289,0,0,289,0,0,0,0,gRNA_CDK8_targ_727_1239
HDR,84.70588235,15.29411765,2599,2599,170,144,26,0,0,2,24,0,2,24,0,0,0,0,gRNA_CDK8_targ_727_1239
Reference,33.33333333,66.66666667,473,472,3,1,2,0,0,0,2,0,0,2,0,0,0,0,gRNA_CDK8_targ_728_1240
HDR,0.76923077,99.23076923,473,472,260,2,258,0,0,0,258,0,0,258,0,0,0,0,gRNA_CDK8_targ_728_1240
Reference,0.33112583,99.66887417,473,472,302,1,301,0,0,1,301,0,0,300,0,0,1,0,gRNA_CDK8_targ_728_1241
HDR,0.0,100.0,473,472,169,0,169,0,0,0,169,0,0,169,0,0,0,0,gRNA_CDK8_targ_728_1241
Reference,0.47619048,99.52380952,473,472,210,1,209,0,0,1,209,0,0,208,0,0,1,0,gRNA_CDK8_targ_728_1242
HDR,1.19047619,98.80952381,473,472,168,2,166,0,0,0,166,0,0,166,0,0,0,0,gRNA_CDK8_targ_728_1242
Reference,0.42139384,99.57860616,3689,3678,3085,13,3072,0,291,1,2871,201,0,2780,0,90,1,0,gRNA_CDK8_targ_729_1243
HDR,0.0,100.0,3689,3678,498,0,498,0,1,0,498,0,0,497,0,1,0,0,gRNA_CDK8_targ_729_1243
Reference,3.03738318,96.96261682,3689,3678,428,13,415,0,291,0,214,201,0,124,0,90,0,0,gRNA_CDK8_targ_729_1244
HDR,3.23475046,96.76524954,3689,3678,3246,105,3141,0,1,2,3141,0,0,3138,0,1,2,0,gRNA_CDK8_targ_729_1244
Reference,3.07328605,96.92671395,3689,3678,423,13,410,0,289,0,211,199,0,121,0,90,0,0,gRNA_CDK8_targ_729_1245
HDR,3.75081539,96.24918461,3689,3678,3066,115,2951,0,1,2,2951,0,0,2948,0,1,2,0,gRNA_CDK8_targ_729_1245
Reference,3.0162413,96.9837587,3689,3678,431,13,418,0,291,0,217,201,0,127,0,90,0,0,gRNA_CDK8_targ_729_1246
HDR,0.0,100.0,3689,3678,592,0,592,0,1,1,592,0,0,590,0,1,1,0,gRNA_CDK8_targ_729_1246
Reference,2.12765957,97.87234043,3689,3678,611,13,598,0,291,0,397,201,0,307,0,90,0,0,gRNA_CDK8_targ_729_1247
HDR,0.16891892,99.83108108,3689,3678,592,1,591,0,1,1,591,0,0,589,0,1,1,0,gRNA_CDK8_targ_729_1247
Reference,4.22077922,95.77922078,3689,3678,308,13,295,0,291,0,94,201,0,4,0,90,0,0,gRNA_CDK8_targ_729_1248
HDR,55.12615778,44.87384222,3689,3678,3131,1726,1405,0,1,2,1404,0,1,1402,0,1,1,0,gRNA_CDK8_targ_729_1248
Reference,2.38095238,97.61904762,3689,3678,546,13,533,0,291,0,332,201,0,242,0,90,0,0,gRNA_CDK8_targ_729_1249
HDR,8.49184783,91.50815217,3689,3678,2944,250,2694,0,1,2,2693,1,0,2691,0,0,2,0,gRNA_CDK8_targ_729_1249
Reference,0.15873016,99.84126984,4719,4719,1260,2,1258,0,968,2,635,623,0,289,0,344,1,1,gRNA_CDK8_targ_730_1250
HDR,0.0,100.0,4719,4719,3449,0,3449,0,2,1,3449,0,0,3446,0,2,1,0,gRNA_CDK8_targ_730_1250
Reference,3.50877193,96.49122807,4719,4719,57,2,55,0,53,0,3,52,0,2,0,1,0,0,gRNA_CDK8_targ_730_1251
HDR,7.50734705,92.49265295,4719,4719,3743,281,3462,0,4,2,3461,1,0,3456,0,3,2,0,gRNA_CDK8_targ_730_1251
Reference,0.20576132,99.79423868,4719,4719,972,2,970,0,968,1,345,625,0,2,0,342,0,1,gRNA_CDK8_targ_730_1252
HDR,60.30689056,39.69310944,4719,4719,3454,2083,1371,0,2,1,1370,1,0,1368,0,1,1,0,gRNA_CDK8_targ_730_1252
Reference,40.0,60.0,4374,4373,65,26,39,0,39,0,20,19,0,0,0,20,0,0,gRNA_CDK8_targ_731_1253
HDR,27.29892586,72.70107414,4374,4373,3817,1042,2775,0,3,99,2677,3,95,2673,0,0,4,0,gRNA_CDK8_targ_731_1253
Reference,30.36876356,69.63123644,6503,6472,1844,560,1284,0,65,0,1234,50,0,1219,0,15,0,0,gRNA_CDK8_targ_732_1254
HDR,1.4561948,98.5438052,6503,6472,4189,61,4128,0,8,267,3924,8,196,3853,0,0,71,0,gRNA_CDK8_targ_732_1254
Reference,3.08192956,96.91807044,5512,5512,5224,161,5063,0,0,5,5063,0,0,5058,0,0,5,0,gRNA_CDK8_targ_733_1255
HDR,0.0,100.0,5512,5512,279,0,279,0,0,0,279,0,0,279,0,0,0,0,gRNA_CDK8_targ_733_1255
Reference,25.35433071,74.64566929,5512,5512,635,161,474,0,0,2,474,0,0,472,0,0,2,0,gRNA_CDK8_targ_733_1256
HDR,15.91895803,84.08104197,5512,5512,4837,770,4067,0,0,2,4066,0,1,4065,0,0,1,0,gRNA_CDK8_targ_733_1256
Reference,23.85185185,76.14814815,5512,5512,675,161,514,0,0,3,514,0,0,511,0,0,3,0,gRNA_CDK8_targ_733_1257
HDR,1.38888889,98.61111111,5512,5512,288,4,284,0,0,0,284,0,0,284,0,0,0,0,gRNA_CDK8_targ_733_1257
Reference,14.910859,85.089141,975,974,617,92,525,0,0,309,525,0,0,216,0,0,309,0,gRNA_CDK8_targ_734_1258
HDR,0.0,100.0,975,974,356,0,356,0,0,260,356,0,0,96,0,0,260,0,gRNA_CDK8_targ_734_1258
Reference,92.0,8.0,975,974,100,92,8,0,0,0,8,0,0,8,0,0,0,0,gRNA_CDK8_targ_734_1259
HDR,0.0,100.0,975,974,871,0,871,0,0,569,871,0,0,302,0,0,569,0,gRNA_CDK8_targ_734_1259
Reference,91.08910891,8.91089109,975,974,101,92,9,0,0,0,9,0,0,9,0,0,0,0,gRNA_CDK8_targ_734_1260
HDR,0.0,100.0,975,974,677,0,677,0,0,569,677,0,0,108,0,0,569,0,gRNA_CDK8_targ_734_1260
Reference,30.46357616,69.53642384,975,974,302,92,210,0,0,0,210,0,0,210,0,0,0,0,gRNA_CDK8_targ_734_1261
HDR,0.0,100.0,975,974,671,0,671,0,0,569,671,0,0,102,0,0,569,0,gRNA_CDK8_targ_734_1261
Reference,89.32038835,10.67961165,975,974,103,92,11,0,0,1,11,0,0,10,0,0,1,0,gRNA_CDK8_targ_734_1262
HDR,0.0,100.0,975,974,357,0,357,0,0,261,357,0,0,96,0,0,261,0,gRNA_CDK8_targ_734_1262
Reference,30.97643098,69.02356902,975,974,297,92,205,0,0,1,205,0,0,204,0,0,1,0,gRNA_CDK8_targ_734_1263
HDR,0.0,100.0,975,974,357,0,357,0,0,261,357,0,0,96,0,0,261,0,gRNA_CDK8_targ_734_1263
Reference,30.3630363,69.6369637,975,974,303,92,211,0,0,1,211,0,0,210,0,0,1,0,gRNA_CDK8_targ_734_1264
HDR,0.0,100.0,975,974,357,0,357,0,0,261,357,0,0,96,0,0,261,0,gRNA_CDK8_targ_734_1264
Reference,90.19607843,9.80392157,975,974,102,92,10,0,0,0,10,0,0,10,0,0,0,0,gRNA_CDK8_targ_734_1265
HDR,0.80367394,99.19632606,975,974,871,7,864,0,0,569,564,0,300,295,0,0,269,0,gRNA_CDK8_targ_734_1265
Reference,91.08910891,8.91089109,975,974,101,92,9,0,0,0,9,0,0,9,0,0,0,0,gRNA_CDK8_targ_734_1266
HDR,0.0,100.0,975,974,671,0,671,0,0,569,371,0,300,102,0,0,269,0,gRNA_CDK8_targ_734_1266
Reference,31.08108108,68.91891892,975,974,296,92,204,0,0,1,204,0,0,203,0,0,1,0,gRNA_CDK8_targ_734_1267
HDR,0.0,100.0,975,974,670,0,670,0,0,569,370,0,300,101,0,0,269,0,gRNA_CDK8_targ_734_1267
Reference,89.32038835,10.67961165,975,974,103,92,11,0,0,1,11,0,0,10,0,0,1,0,gRNA_CDK8_targ_734_1268
HDR,0.0,100.0,975,974,677,0,677,0,0,569,427,0,250,108,0,0,319,0,gRNA_CDK8_targ_734_1268
Reference,30.3630363,69.6369637,975,974,303,92,211,0,0,1,211,0,0,210,0,0,1,0,gRNA_CDK8_targ_734_1269
HDR,0.0,100.0,975,974,670,0,670,0,0,569,420,0,250,101,0,0,319,0,gRNA_CDK8_targ_734_1269
Reference,30.26315789,69.73684211,975,974,304,92,212,0,0,1,212,0,0,211,0,0,1,0,gRNA_CDK8_targ_734_1270
HDR,0.0,100.0,975,974,670,0,670,0,0,569,420,0,250,101,0,0,319,0,gRNA_CDK8_targ_734_1270
Reference,90.19607843,9.80392157,975,974,102,92,10,0,0,1,10,0,0,9,0,0,1,0,gRNA_CDK8_targ_734_1271
HDR,0.73855244,99.26144756,975,974,677,5,672,0,0,569,122,0,550,103,0,0,19,0,gRNA_CDK8_targ_734_1271
Reference,30.97643098,69.02356902,975,974,297,92,205,0,0,1,205,0,0,204,0,0,1,0,gRNA_CDK8_targ_734_1272
HDR,14.32835821,85.67164179,975,974,670,96,574,0,0,569,324,0,250,5,0,0,319,0,gRNA_CDK8_targ_734_1272
Reference,75.48387097,24.51612903,4683,4682,310,234,76,0,4,0,75,1,0,72,0,3,0,0,gRNA_CDK8_targ_735_1273
HDR,0.0,100.0,4683,4682,3993,0,3993,0,168,7,3991,0,2,3818,0,168,5,0,gRNA_CDK8_targ_735_1273
Reference,50.43103448,49.56896552,4683,4682,464,234,230,0,2,1,229,1,0,227,0,1,1,0,gRNA_CDK8_targ_735_1274
HDR,0.04924895,99.95075105,4683,4682,4061,2,4059,0,170,6,4055,2,2,3883,0,168,4,0,gRNA_CDK8_targ_735_1274
Reference,5.4762462,94.5237538,4683,4682,4273,234,4039,0,172,6,4038,1,0,3861,0,171,6,0,gRNA_CDK8_targ_735_1275
HDR,0.0,100.0,4683,4682,294,0,294,0,0,1,294,0,0,293,0,0,1,0,gRNA_CDK8_targ_735_1275
Reference,75.48387097,24.51612903,4683,4682,310,234,76,0,2,0,75,1,0,74,0,1,0,0,gRNA_CDK8_targ_735_1276
HDR,59.53557312,40.46442688,4683,4682,4048,2410,1638,0,168,6,1468,164,6,1464,0,4,0,0,gRNA_CDK8_targ_735_1276
Reference,44.65648855,55.34351145,4683,4682,524,234,290,0,5,0,289,1,0,285,0,4,0,0,gRNA_CDK8_targ_735_1277
HDR,0.0,100.0,4683,4682,244,0,244,0,1,1,243,0,1,242,0,1,0,0,gRNA_CDK8_targ_735_1277
Reference,45.52529183,54.47470817,4683,4682,514,234,280,0,3,1,279,1,0,276,0,2,1,0,gRNA_CDK8_targ_735_1278
HDR,19.14191419,80.85808581,4683,4682,303,58,245,0,1,1,245,0,0,243,0,1,1,0,gRNA_CDK8_targ_735_1278
Reference,49.89339019,50.10660981,4683,4682,469,234,235,0,5,1,234,1,0,229,0,4,1,0,gRNA_CDK8_targ_735_1279
HDR,0.07800312,99.92199688,4683,4682,3846,3,3843,0,167,4,3842,0,1,3672,0,167,3,0,gRNA_CDK8_targ_735_1279
Reference,54.93975904,45.06024096,611,611,415,228,187,0,108,0,94,93,0,79,0,15,0,0,gRNA_CDK8_targ_736_1280
HDR,0.0,100.0,611,611,68,0,68,0,0,0,68,0,0,68,0,0,0,0,gRNA_CDK8_targ_736_1280
Reference,96.61016949,3.38983051,611,611,236,228,8,0,3,0,6,2,0,5,0,1,0,0,gRNA_CDK8_targ_736_1281
HDR,14.23220974,85.76779026,611,611,267,38,229,0,1,0,228,1,0,228,0,0,0,0,gRNA_CDK8_targ_736_1281
Reference,66.27906977,33.72093023,611,611,344,228,116,0,107,0,23,93,0,9,0,14,0,0,gRNA_CDK8_targ_736_1282
HDR,9.74358974,90.25641026,611,611,195,19,176,0,0,0,176,0,0,176,0,0,0,0,gRNA_CDK8_targ_736_1282
Reference,0.95095095,99.04904905,2798,2797,1998,19,1979,0,0,4,1979,0,0,1975,0,0,4,0,gRNA_CDK8_targ_737_1283
HDR,0.0,100.0,2798,2797,782,0,782,0,0,0,782,0,0,782,0,0,0,0,gRNA_CDK8_targ_737_1283
Reference,90.47619048,9.52380952,2798,2797,21,19,2,0,0,0,2,0,0,2,0,0,0,0,gRNA_CDK8_targ_737_1284
HDR,1.49842271,98.50157729,2798,2797,2536,38,2498,0,13,4,2482,13,3,2481,0,0,1,0,gRNA_CDK8_targ_737_1284
Reference,0.80474375,99.19525625,2798,2797,2361,19,2342,0,13,4,2342,0,0,2325,0,13,4,0,gRNA_CDK8_targ_737_1285
HDR,0.0,100.0,2798,2797,427,0,427,0,0,0,427,0,0,427,0,0,0,0,gRNA_CDK8_targ_737_1285
Reference,7.33590734,92.66409266,2798,2797,259,19,240,0,0,0,240,0,0,240,0,0,0,0,gRNA_CDK8_targ_737_1286
HDR,43.98496241,56.01503759,2798,2797,798,351,447,0,13,0,434,13,0,434,0,0,0,0,gRNA_CDK8_targ_737_1286
Reference,1.13230036,98.86769964,2798,2797,1678,19,1659,0,13,4,1659,0,0,1642,0,13,4,0,gRNA_CDK8_targ_737_1287
HDR,0.0,100.0,2798,2797,93,0,93,0,0,0,93,0,0,93,0,0,0,0,gRNA_CDK8_targ_737_1287
Reference,7.27969349,92.72030651,2798,2797,261,19,242,0,0,0,242,0,0,242,0,0,0,0,gRNA_CDK8_targ_737_1288
HDR,57.56880734,42.43119266,2798,2797,436,251,185,0,0,0,185,0,0,185,0,0,0,0,gRNA_CDK8_targ_737_1288
Reference,1.147343,98.852657,2798,2797,1656,19,1637,0,0,4,1637,0,0,1633,0,0,4,0,gRNA_CDK8_targ_737_1289
HDR,0.0,100.0,2798,2797,1118,0,1118,0,0,0,1118,0,0,1118,0,0,0,0,gRNA_CDK8_targ_737_1289
Reference,95.9697733,4.0302267,4132,4012,397,381,16,0,0,0,16,0,0,16,0,0,0,0,gRNA_CDK8_targ_738_1290
HDR,41.52419589,58.47580411,4132,4012,3451,1433,2018,0,165,0,2017,1,0,1853,0,164,0,0,gRNA_CDK8_targ_738_1290
Reference,61.34615385,38.65384615,3686,3686,520,319,201,0,1,1,200,1,0,199,0,0,1,0,gRNA_CDK8_targ_739_1291
HDR,58.84826917,41.15173083,3686,3686,3091,1819,1272,0,0,3,1269,0,3,1269,0,0,0,0,gRNA_CDK8_targ_739_1291
Reference,11.20871398,88.79128602,3686,3686,2846,319,2527,0,0,7,2527,0,0,2520,0,0,7,0,gRNA_CDK8_targ_739_1292
HDR,0.0,100.0,3686,3686,575,0,575,0,1,1,575,0,0,574,0,0,0,1,gRNA_CDK8_targ_739_1292
Reference,53.61344538,46.38655462,3686,3686,595,319,276,0,1,5,275,1,0,270,0,0,5,0,gRNA_CDK8_targ_739_1293
HDR,66.78614098,33.21385902,3686,3686,837,559,278,0,0,0,278,0,0,278,0,0,0,0,gRNA_CDK8_targ_739_1293
Reference,12.61178629,87.38821371,5468,5464,4361,550,3811,0,248,348,3671,83,57,3380,0,0,126,165,gRNA_CDK8_targ_740_1294
HDR,4.60299194,95.39700806,5468,5464,869,40,829,0,0,0,829,0,0,829,0,0,0,0,gRNA_CDK8_targ_740_1294
Reference,15.38891998,84.61108002,5468,5464,3574,550,3024,0,250,249,2884,83,57,2692,0,0,25,167,gRNA_CDK8_targ_740_1295
HDR,0.53050398,99.46949602,5468,5464,1885,10,1875,0,0,104,1776,0,99,1771,0,0,5,0,gRNA_CDK8_targ_740_1295
Reference,17.74193548,82.25806452,5468,5464,3100,550,2550,0,250,250,2410,83,57,2217,0,0,26,167,gRNA_CDK8_targ_740_1296
HDR,0.20703934,99.79296066,5468,5464,483,1,482,0,0,1,482,0,0,481,0,0,1,0,gRNA_CDK8_targ_740_1296
Reference,48.39400428,51.60599572,4409,4409,467,226,241,0,0,12,230,0,11,229,0,0,1,0,gRNA_CDK8_targ_741_1297
HDR,63.95939086,36.04060914,4409,4409,3743,2394,1349,0,0,1,1348,0,1,1348,0,0,0,0,gRNA_CDK8_targ_741_1297
Reference,95.72649573,4.27350427,5806,5804,351,336,15,0,5,0,13,2,0,10,0,3,0,0,gRNA_CDK8_targ_742_1298
HDR,95.49493697,4.50506303,5806,5804,4839,4621,218,0,0,0,218,0,0,218,0,0,0,0,gRNA_CDK8_targ_742_1298
Reference,14.53566622,85.46433378,2308,2306,743,108,635,0,0,0,635,0,0,635,0,0,0,0,gRNA_CDK8_targ_744_1299
HDR,43.48941629,56.51058371,2308,2306,1559,678,881,0,0,2,881,0,0,879,0,0,2,0,gRNA_CDK8_targ_744_1299
Reference,70.19230769,29.80769231,1717,1688,416,292,124,0,112,1,34,89,1,11,0,23,0,0,gRNA_CDK8_targ_745_1300
HDR,10.57616417,89.42383583,1717,1688,1267,134,1133,0,0,78,1057,0,76,1055,0,0,2,0,gRNA_CDK8_targ_745_1300
Reference,66.06334842,33.93665158,1717,1688,442,292,150,0,0,1,149,0,1,149,0,0,0,0,gRNA_CDK8_targ_745_1301
HDR,0.08841733,99.91158267,1717,1688,1131,1,1130,0,0,78,1054,0,76,1052,0,0,2,0,gRNA_CDK8_targ_745_1301
Reference,70.19230769,29.80769231,1717,1688,416,292,124,0,112,1,34,89,1,11,0,23,0,0,gRNA_CDK8_targ_745_1302
HDR,90.61946903,9.38053097,1717,1688,1130,1024,106,0,0,78,30,0,76,28,0,0,2,0,gRNA_CDK8_targ_745_1302
Reference,98.58490566,1.41509434,1128,1121,212,209,3,0,0,0,3,0,0,3,0,0,0,0,gRNA_CDK8_targ_746_1303
HDR,86.97571744,13.02428256,1128,1121,906,788,118,0,0,0,118,0,0,118,0,0,0,0,gRNA_CDK8_targ_746_1303
Reference,0.20263425,99.79736575,1157,1157,987,2,985,0,1,0,984,1,0,984,0,0,0,0,gRNA_CDK8_targ_748_1304
HDR,0.0,100.0,1157,1157,168,0,168,0,0,0,168,0,0,168,0,0,0,0,gRNA_CDK8_targ_748_1304
Reference,100.0,0.0,1157,1157,2,2,0,0,0,0,0,0,0,0,0,0,0,0,gRNA_CDK8_targ_748_1305
HDR,83.69470945,16.30529055,1157,1157,1153,965,188,0,0,0,188,0,0,188,0,0,0,0,gRNA_CDK8_targ_748_1305
Reference,50.0,50.0,1157,1157,4,2,2,0,1,0,1,1,0,1,0,0,0,0,gRNA_CDK8_targ_748_1306
HDR,1.76470588,98.23529412,1157,1157,170,3,167,0,0,0,167,0,0,167,0,0,0,0,gRNA_CDK8_targ_748_1306
Reference,29.0164664,70.9835336,2838,2838,2247,652,1595,0,2,249,1350,1,244,1344,0,1,5,0,gRNA_CDK8_targ_749_1307
HDR,0.0,100.0,2838,2838,576,0,576,0,0,0,576,0,0,576,0,0,0,0,gRNA_CDK8_targ_749_1307
Reference,55.96566524,44.03433476,2838,2838,1165,652,513,0,0,250,269,0,244,263,0,0,6,0,gRNA_CDK8_targ_749_1308
HDR,61.51419558,38.48580442,2838,2838,1585,975,610,0,1,0,609,1,0,609,0,0,0,0,gRNA_CDK8_targ_749_1308
Reference,52.20176141,47.79823859,2838,2838,1249,652,597,0,1,250,352,1,244,346,0,0,6,0,gRNA_CDK8_targ_749_1309
HDR,96.55765921,3.44234079,2838,2838,581,561,20,0,0,0,20,0,0,20,0,0,0,0,gRNA_CDK8_targ_749_1309
Reference,0.0,100.0,4156,4152,2652,0,2652,0,170,1,2602,49,1,2481,0,121,0,0,gRNA_CDK8_targ_750_1310
HDR,0.0,100.0,4156,4152,1492,0,1492,0,0,2,1492,0,0,1490,0,0,2,0,gRNA_CDK8_targ_750_1310
Reference,0.0,100.0,4156,4152,217,0,217,0,169,1,167,49,1,47,0,120,0,0,gRNA_CDK8_targ_750_1311
HDR,0.0,100.0,4156,4152,3929,0,3929,0,0,2,3929,0,0,3927,0,0,2,0,gRNA_CDK8_targ_750_1311
Reference,0.0,100.0,4156,4152,124,0,124,0,111,1,123,0,1,12,0,111,0,0,gRNA_CDK8_targ_750_1312
HDR,1.05900151,98.94099849,4156,4152,3966,42,3924,0,1,2,3923,1,0,3921,0,0,2,0,gRNA_CDK8_targ_750_1312
Reference,0.0,100.0,4156,4152,223,0,223,0,170,1,173,49,1,52,0,121,0,0,gRNA_CDK8_targ_750_1313
HDR,0.73333333,99.26666667,4156,4152,1500,11,1489,0,0,2,1488,0,1,1487,0,0,1,0,gRNA_CDK8_targ_750_1313
Reference,0.0,100.0,4156,4152,119,0,119,0,114,1,116,2,1,4,0,112,0,0,gRNA_CDK8_targ_750_1314
HDR,0.0,100.0,4156,4152,1489,0,1489,0,0,2,1488,0,1,1487,0,0,1,0,gRNA_CDK8_targ_750_1314
Reference,0.0,100.0,4156,4152,171,0,171,0,169,1,121,49,1,1,0,120,0,0,gRNA_CDK8_targ_750_1315
HDR,16.49668536,83.50331464,4156,4152,3922,647,3275,0,0,2,3274,0,1,3273,0,0,1,0,gRNA_CDK8_targ_750_1315
Reference,0.0,100.0,4156,4152,219,0,219,0,170,1,169,49,1,48,0,121,0,0,gRNA_CDK8_targ_750_1316
HDR,2.26693836,97.73306164,4156,4152,3926,89,3837,0,0,2,3835,0,2,3835,0,0,0,0,gRNA_CDK8_targ_750_1316
Reference,0.08688097,99.91311903,1710,1709,1151,1,1150,0,99,1,1150,0,0,1050,0,99,1,0,gRNA_CDK8_targ_751_1317
HDR,0.0,100.0,1710,1709,332,0,332,0,0,0,332,0,0,332,0,0,0,0,gRNA_CDK8_targ_751_1317
Reference,0.67114094,99.32885906,1710,1709,149,1,148,0,99,0,148,0,0,49,0,99,0,0,gRNA_CDK8_targ_751_1318
HDR,54.50762829,45.49237171,1710,1709,1442,786,656,0,0,1,655,0,1,655,0,0,0,0,gRNA_CDK8_targ_751_1318
Reference,0.0723589,99.9276411,1710,1709,1382,1,1381,0,0,1,1381,0,0,1380,0,0,1,0,gRNA_CDK8_targ_751_1319
HDR,0.0,100.0,1710,1709,176,0,176,0,0,0,176,0,0,176,0,0,0,0,gRNA_CDK8_targ_751_1319
Reference,0.66225166,99.33774834,1710,1709,151,1,150,0,99,0,150,0,0,51,0,99,0,0,gRNA_CDK8_targ_751_1320
HDR,37.99283154,62.00716846,1710,1709,558,212,346,0,0,0,346,0,0,346,0,0,0,0,gRNA_CDK8_targ_751_1320
Reference,0.08326395,99.91673605,1710,1709,1201,1,1200,0,99,1,1200,0,0,1100,0,99,1,0,gRNA_CDK8_targ_751_1321
HDR,0.0,100.0,1710,1709,1,0,1,0,0,0,1,0,0,1,0,0,0,0,gRNA_CDK8_targ_751_1321
Reference,0.37878788,99.62121212,1710,1709,264,1,263,0,99,0,263,0,0,164,0,99,0,0,gRNA_CDK8_targ_751_1322
HDR,95.45454545,4.54545455,1710,1709,176,168,8,0,0,0,8,0,0,8,0,0,0,0,gRNA_CDK8_targ_751_1322
Reference,0.1025641,99.8974359,1710,1709,975,1,974,0,99,1,974,0,0,874,0,99,1,0,gRNA_CDK8_targ_751_1323
HDR,0.0,100.0,1710,1709,393,0,393,0,0,0,393,0,0,393,0,0,0,0,gRNA_CDK8_targ_751_1323
Reference,0.17738359,99.82261641,2658,2656,2255,4,2251,0,478,0,2250,1,0,1773,0,477,0,0,gRNA_CDK8_targ_752_1324
HDR,0.0,100.0,2658,2656,395,0,395,0,0,2,395,0,0,393,0,0,2,0,gRNA_CDK8_targ_752_1324
Reference,1.33779264,98.66220736,2658,2656,299,4,295,0,1,0,294,1,0,294,0,0,0,0,gRNA_CDK8_targ_752_1325
HDR,0.59549128,99.40450872,2658,2656,2351,14,2337,0,477,2,1933,404,0,1858,0,73,2,0,gRNA_CDK8_targ_752_1325
Reference,1.32890365,98.67109635,2658,2656,301,4,297,0,2,0,296,1,0,295,0,1,0,0,gRNA_CDK8_targ_752_1326
HDR,0.0,100.0,2658,2656,400,0,400,0,1,2,398,0,2,397,0,1,0,0,gRNA_CDK8_targ_752_1326
Reference,,,1427,1427,0,0,0,0,0,0,0,0,0,0,0,0,0,0,gRNA_CDK8_targ_753_1327
HDR,3.30935252,96.69064748,1427,1427,1390,46,1344,0,0,2,1343,0,1,1342,0,0,1,0,gRNA_CDK8_targ_753_1327
Reference,0.0,100.0,1427,1427,151,0,151,0,0,0,151,0,0,151,0,0,0,0,gRNA_CDK8_targ_753_1328
HDR,0.0,100.0,1427,1427,1273,0,1273,0,0,1,1273,0,0,1272,0,0,1,0,gRNA_CDK8_targ_753_1328
Reference,0.0,100.0,1427,1427,7,0,7,0,0,0,7,0,0,7,0,0,0,0,gRNA_CDK8_targ_753_1329
HDR,38.94984326,61.05015674,1427,1427,1276,497,779,0,0,2,777,0,2,777,0,0,0,0,gRNA_CDK8_targ_753_1329
Reference,27.26432532,72.73567468,8292,8292,1082,295,787,0,4,68,718,1,68,715,0,3,0,0,gRNA_CDK8_targ_754_1330
HDR,11.15030675,88.84969325,8292,8292,6520,727,5793,0,2,25,5793,0,0,5766,0,2,25,0,gRNA_CDK8_targ_754_1330
Reference,4.41815186,95.58184814,8292,8292,6677,295,6382,0,6,24,6381,1,0,6352,0,5,24,0,gRNA_CDK8_targ_754_1331
HDR,16.83038638,83.16961362,8292,8292,1527,257,1270,0,0,1,1270,0,0,1269,0,0,1,0,gRNA_CDK8_targ_754_1331
Reference,19.64047936,80.35952064,8292,8292,1502,295,1207,0,6,68,1138,1,68,1133,0,5,0,0,gRNA_CDK8_targ_754_1332
HDR,72.22222222,27.77777778,8292,8292,1278,923,355,0,2,1,355,0,0,352,0,2,1,0,gRNA_CDK8_targ_754_1332
Reference,60.0,40.0,1418,1176,65,39,26,0,17,7,4,15,7,2,0,2,0,0,gRNA_CDK8_targ_756_1333
HDR,0.0,100.0,1418,1176,1109,0,1109,0,0,105,1109,0,0,1004,0,0,105,0,gRNA_CDK8_targ_756_1333
Reference,60.9375,39.0625,1418,1176,64,39,25,0,17,7,3,15,7,1,0,2,0,0,gRNA_CDK8_targ_756_1334
HDR,0.0,100.0,1418,1176,1111,0,1111,0,0,106,1111,0,0,1005,0,0,106,0,gRNA_CDK8_targ_756_1334
Reference,66.10169492,33.89830508,1418,1176,59,39,20,0,16,1,5,14,1,3,0,2,0,0,gRNA_CDK8_targ_756_1335
HDR,0.0,100.0,1418,1176,1039,0,1039,0,0,106,1039,0,0,933,0,0,106,0,gRNA_CDK8_targ_756_1335
Reference,60.9375,39.0625,1418,1176,64,39,25,0,17,7,3,15,7,1,0,2,0,0,gRNA_CDK8_targ_756_1336
HDR,0.090009,99.909991,1418,1176,1111,1,1110,0,0,106,1008,0,102,1004,0,0,4,0,gRNA_CDK8_targ_756_1336
Reference,60.9375,39.0625,1418,1176,64,39,25,0,17,7,3,15,7,1,0,2,0,0,gRNA_CDK8_targ_756_1337
HDR,0.0,100.0,1418,1176,1109,0,1109,0,0,106,1007,0,102,1003,0,0,4,0,gRNA_CDK8_targ_756_1337
Reference,60.9375,39.0625,1418,1176,64,39,25,0,16,7,4,14,7,2,0,2,0,0,gRNA_CDK8_targ_756_1338
HDR,0.09009009,99.90990991,1418,1176,1110,1,1109,0,0,106,1007,0,102,1003,0,0,4,0,gRNA_CDK8_targ_756_1338
Reference,61.9047619,38.0952381,1418,1176,63,39,24,0,16,7,3,14,7,1,0,2,0,0,gRNA_CDK8_targ_756_1339
HDR,65.88658866,34.11341134,1418,1176,1111,732,379,0,0,106,276,0,103,273,0,0,3,0,gRNA_CDK8_targ_756_1339
Reference,95.28795812,4.71204188,1570,1570,191,182,9,0,2,0,7,2,0,7,0,0,0,0,gRNA_CDK8_targ_757_1340
HDR,0.0,100.0,1570,1570,1377,0,1377,0,33,34,1377,0,0,1343,0,0,1,33,gRNA_CDK8_targ_757_1340
Reference,94.79166667,5.20833333,1570,1570,192,182,10,0,4,2,8,2,0,6,0,0,0,2,gRNA_CDK8_targ_757_1341
HDR,0.0,100.0,1570,1570,1302,0,1302,0,0,1,1302,0,0,1301,0,0,1,0,gRNA_CDK8_targ_757_1341
Reference,68.16479401,31.83520599,1570,1570,267,182,85,0,32,32,85,0,0,53,0,0,0,32,gRNA_CDK8_targ_757_1342
HDR,0.0,100.0,1570,1570,1300,0,1300,0,0,1,1300,0,0,1299,0,0,1,0,gRNA_CDK8_targ_757_1342
Reference,95.28795812,4.71204188,1570,1570,191,182,9,0,3,1,7,2,0,6,0,0,0,1,gRNA_CDK8_targ_757_1343
HDR,0.07429421,99.92570579,1570,1570,1346,1,1345,0,0,1,1345,0,0,1344,0,0,1,0,gRNA_CDK8_targ_757_1343
Reference,95.28795812,4.71204188,1570,1570,191,182,9,0,2,0,7,2,0,7,0,0,0,0,gRNA_CDK8_targ_757_1344
HDR,0.0,100.0,1570,1570,1299,0,1299,0,0,1,1299,0,0,1298,0,0,1,0,gRNA_CDK8_targ_757_1344
Reference,68.42105263,31.57894737,1570,1570,266,182,84,0,33,32,83,1,0,51,0,0,0,32,gRNA_CDK8_targ_757_1345
HDR,0.07692308,99.92307692,1570,1570,1300,1,1299,0,0,1,1299,0,0,1298,0,0,1,0,gRNA_CDK8_targ_757_1345
Reference,82.35294118,17.64705882,1570,1570,221,182,39,0,33,32,38,1,0,6,0,0,0,32,gRNA_CDK8_targ_757_1346
HDR,79.93850884,20.06149116,1570,1570,1301,1040,261,0,0,1,260,0,1,260,0,0,0,0,gRNA_CDK8_targ_757_1346
Reference,1.20481928,98.79518072,348,348,83,1,82,0,0,0,82,0,0,82,0,0,0,0,gRNA_CDK8_targ_758_1347
HDR,73.20754717,26.79245283,348,348,265,194,71,0,0,0,71,0,0,71,0,0,0,0,gRNA_CDK8_targ_758_1347
Reference,0.49261084,99.50738916,348,348,203,1,202,0,0,0,202,0,0,202,0,0,0,0,gRNA_CDK8_targ_758_1348
HDR,52.77777778,47.22222222,348,348,144,76,68,0,0,0,68,0,0,68,0,0,0,0,gRNA_CDK8_targ_758_1348
Reference,20.0,80.0,348,348,5,1,4,0,0,0,4,0,0,4,0,0,0,0,gRNA_CDK8_targ_758_1349
HDR,98.48484848,1.51515152,348,348,66,65,1,0,0,0,1,0,0,1,0,0,0,0,gRNA_CDK8_targ_758_1349
Reference,24.27921093,75.72078907,1943,1942,659,160,499,0,0,2,498,0,1,497,0,0,1,0,gRNA_CDK8_targ_759_1350
HDR,0.0,100.0,1943,1942,1120,0,1120,0,0,0,1120,0,0,1120,0,0,0,0,gRNA_CDK8_targ_759_1350
Reference,89.88764045,10.11235955,1943,1942,178,160,18,0,0,2,17,0,1,16,0,0,1,0,gRNA_CDK8_targ_759_1351
HDR,15.83011583,84.16988417,1943,1942,1036,164,872,0,0,0,872,0,0,872,0,0,0,0,gRNA_CDK8_targ_759_1351
Reference,10.1010101,89.8989899,1943,1942,1584,160,1424,0,0,1,1423,0,1,1423,0,0,0,0,gRNA_CDK8_targ_759_1352
HDR,0.0,100.0,1943,1942,351,0,351,0,0,1,350,0,1,350,0,0,0,0,gRNA_CDK8_targ_759_1352
Reference,33.82663848,66.17336152,1943,1942,473,160,313,0,0,2,312,0,1,311,0,0,1,0,gRNA_CDK8_targ_759_1353
HDR,49.6099844,50.3900156,1943,1942,1282,636,646,0,0,0,646,0,0,646,0,0,0,0,gRNA_CDK8_targ_759_1353
Reference,19.95012469,80.04987531,1943,1942,802,160,642,0,0,1,641,0,1,641,0,0,0,0,gRNA_CDK8_targ_759_1354
HDR,0.0,100.0,1943,1942,333,0,333,0,0,0,333,0,0,333,0,0,0,0,gRNA_CDK8_targ_759_1354
Reference,27.72963605,72.27036395,1943,1942,577,160,417,0,0,1,416,0,1,416,0,0,0,0,gRNA_CDK8_targ_759_1355
HDR,5.12820513,94.87179487,1943,1942,351,18,333,0,0,0,333,0,0,333,0,0,0,0,gRNA_CDK8_targ_759_1355
Reference,24.96099844,75.03900156,1943,1942,641,160,481,0,0,2,480,0,1,479,0,0,1,0,gRNA_CDK8_targ_759_1356
HDR,0.58252427,99.41747573,1943,1942,1030,6,1024,0,0,0,1024,0,0,1024,0,0,0,0,gRNA_CDK8_targ_759_1356
Reference,5.75539568,94.24460432,941,941,417,24,393,0,2,0,392,1,0,391,0,1,0,0,gRNA_CDK8_targ_760_1357
HDR,0.38240918,99.61759082,941,941,523,2,521,0,0,0,521,0,0,521,0,0,0,0,gRNA_CDK8_targ_760_1357
Reference,11.96236559,88.03763441,785,785,744,89,655,0,3,2,652,3,0,650,0,0,2,0,gRNA_CDK8_targ_761_1358
HDR,95.12195122,4.87804878,785,785,41,39,2,0,0,0,2,0,0,2,0,0,0,0,gRNA_CDK8_targ_761_1358
Reference,11.11111111,88.88888889,532,530,45,5,40,0,4,0,40,0,0,36,0,4,0,0,gRNA_CDK8_targ_762_1359
HDR,52.78350515,47.21649485,532,530,485,256,229,0,0,1,228,0,1,228,0,0,0,0,gRNA_CDK8_targ_762_1359
Reference,96.2154294,3.7845706,1854,1854,687,661,26,0,0,3,23,0,3,23,0,0,0,0,gRNA_CDK8_targ_765_1360
HDR,90.16587678,9.83412322,1854,1854,844,761,83,0,0,0,83,0,0,83,0,0,0,0,gRNA_CDK8_targ_765_1360
Reference,41.20135364,58.79864636,1581,1581,1182,487,695,0,0,1,695,0,0,694,0,0,1,0,gRNA_CDK8_targ_766_1361
HDR,47.31182796,52.68817204,1581,1581,372,176,196,0,2,23,196,0,0,171,0,2,23,0,gRNA_CDK8_targ_766_1361
Reference,45.13438369,54.86561631,1581,1581,1079,487,592,0,0,0,592,0,0,592,0,0,0,0,gRNA_CDK8_targ_766_1362
HDR,0.0,100.0,1581,1581,370,0,370,0,2,23,370,0,0,345,0,2,23,0,gRNA_CDK8_targ_766_1362
Reference,71.40762463,28.59237537,1581,1581,682,487,195,0,0,1,194,0,1,194,0,0,0,0,gRNA_CDK8_targ_766_1363
HDR,48.96907216,51.03092784,1581,1581,776,380,396,0,2,37,396,0,0,357,0,2,37,0,gRNA_CDK8_targ_766_1363
Reference,48.55433699,51.44566301,1581,1581,1003,487,516,0,0,2,515,0,1,514,0,0,1,0,gRNA_CDK8_targ_766_1364
HDR,0.0,100.0,1581,1581,202,0,202,0,2,37,180,0,22,163,0,2,15,0,gRNA_CDK8_targ_766_1364
Reference,79.5751634,20.4248366,1581,1581,612,487,125,0,0,2,124,0,1,123,0,0,1,0,gRNA_CDK8_targ_766_1365
HDR,0.98039216,99.01960784,1581,1581,204,2,202,0,2,37,180,0,22,163,0,2,15,0,gRNA_CDK8_targ_766_1365
Reference,70.57971014,29.42028986,1581,1581,690,487,203,0,0,1,202,0,1,202,0,0,0,0,gRNA_CDK8_targ_766_1366
HDR,45.85492228,54.14507772,1581,1581,386,177,209,0,2,37,187,0,22,170,0,2,15,0,gRNA_CDK8_targ_766_1366
Reference,41.16652578,58.83347422,1581,1581,1183,487,696,0,0,2,695,0,1,694,0,0,1,0,gRNA_CDK8_targ_766_1367
HDR,40.41450777,59.58549223,1581,1581,386,156,230,0,2,37,207,1,22,191,0,1,15,0,gRNA_CDK8_targ_766_1367
Reference,96.44012945,3.55987055,2783,2783,309,298,11,0,1,0,10,1,0,10,0,0,0,0,gRNA_CDK8_targ_767_1368
HDR,36.8640148,63.1359852,2783,2783,2162,797,1365,0,10,185,1189,0,176,1170,0,10,9,0,gRNA_CDK8_targ_767_1368
Reference,18.68338558,81.31661442,2783,2783,1595,298,1297,0,1,0,1296,1,0,1296,0,0,0,0,gRNA_CDK8_targ_767_1369
HDR,0.0,100.0,2783,2783,778,0,778,0,10,185,602,0,176,583,0,10,9,0,gRNA_CDK8_targ_767_1369
Reference,49.17491749,50.82508251,2783,2783,606,298,308,0,1,0,307,1,0,307,0,0,0,0,gRNA_CDK8_targ_767_1370
HDR,21.12794613,78.87205387,2783,2783,1188,251,937,0,10,200,744,0,193,727,0,10,7,0,gRNA_CDK8_targ_767_1370
Reference,79.86348123,20.13651877,3302,3302,293,234,59,0,1,51,59,0,0,7,0,1,51,0,gRNA_CDK8_targ_768_1371
HDR,22.39195231,77.60804769,3302,3302,2684,601,2083,0,27,22,2082,0,1,2034,0,27,21,0,gRNA_CDK8_targ_768_1371
Reference,8.16873117,91.83126883,3902,3860,2987,244,2743,0,31,307,2440,0,303,2405,0,31,4,0,gRNA_CDK8_targ_769_1372
HDR,0.0,100.0,3902,3860,837,0,837,0,0,1,837,0,0,836,0,0,1,0,gRNA_CDK8_targ_769_1372
Reference,10.321489,89.678511,3902,3860,2364,244,2120,0,1,35,2086,0,34,2084,0,1,1,0,gRNA_CDK8_targ_769_1373
HDR,0.1025641,99.8974359,3902,3860,975,1,974,0,30,4,974,0,0,940,0,30,4,0,gRNA_CDK8_targ_769_1373
Reference,76.72955975,23.27044025,3902,3860,318,244,74,0,0,49,26,0,48,25,0,0,1,0,gRNA_CDK8_targ_769_1374
HDR,30.45822102,69.54177898,3902,3860,2968,904,2064,0,30,5,2064,0,0,2029,0,30,5,0,gRNA_CDK8_targ_769_1374
Reference,9.44638018,90.55361982,3902,3860,2583,244,2339,0,0,38,2305,0,34,2301,0,0,4,0,gRNA_CDK8_targ_769_1375
HDR,0.0,100.0,3902,3860,949,0,949,0,1,2,948,1,0,946,0,0,2,0,gRNA_CDK8_targ_769_1375
Reference,9.50896337,90.49103663,3902,3860,2566,244,2322,0,1,307,2019,0,303,2014,0,1,4,0,gRNA_CDK8_targ_769_1376
HDR,0.18416206,99.81583794,3902,3860,543,1,542,0,0,4,542,0,0,538,0,0,4,0,gRNA_CDK8_targ_769_1376
Reference,28.04597701,71.95402299,3902,3860,870,244,626,0,1,306,323,0,303,319,0,1,3,0,gRNA_CDK8_targ_769_1377
HDR,17.42690058,82.57309942,3902,3860,855,149,706,0,0,5,706,0,0,701,0,0,5,0,gRNA_CDK8_targ_769_1377
Reference,9.25996205,90.74003795,3902,3860,2635,244,2391,0,30,324,2074,0,317,2037,0,30,7,0,gRNA_CDK8_targ_769_1378
HDR,0.0,100.0,3902,3860,568,0,568,0,0,2,568,0,0,566,0,0,2,0,gRNA_CDK8_targ_769_1378
Reference,40.87102178,59.12897822,3902,3860,597,244,353,0,0,34,319,0,34,319,0,0,0,0,gRNA_CDK8_targ_769_1379
HDR,7.24396336,92.75603664,3902,3860,1201,87,1114,0,30,5,1114,0,0,1079,0,30,5,0,gRNA_CDK8_targ_769_1379
Reference,11.16704805,88.83295195,3902,3860,2185,244,1941,0,0,35,1907,0,34,1906,0,0,1,0,gRNA_CDK8_targ_769_1380
HDR,0.0,100.0,3902,3860,542,0,542,0,0,2,542,0,0,540,0,0,2,0,gRNA_CDK8_targ_769_1380
Reference,40.46434494,59.53565506,3902,3860,603,244,359,0,0,35,325,0,34,324,0,0,1,0,gRNA_CDK8_targ_769_1381
HDR,11.04356636,88.95643364,3902,3860,987,109,878,0,31,1,876,1,1,846,0,30,0,0,gRNA_CDK8_targ_769_1381
Reference,10.48109966,89.51890034,3902,3860,2328,244,2084,0,0,307,1781,0,303,1777,0,0,4,0,gRNA_CDK8_targ_769_1382
HDR,7.31707317,92.68292683,3902,3860,1271,93,1178,0,30,4,1177,0,1,1144,0,30,3,0,gRNA_CDK8_targ_769_1382
Reference,7.91436912,92.08563088,3902,3860,3083,244,2839,0,30,321,2522,0,317,2488,0,30,4,0,gRNA_CDK8_targ_769_1383
HDR,0.0,100.0,3902,3860,766,0,766,0,0,1,766,0,0,765,0,0,1,0,gRNA_CDK8_targ_769_1383
Reference,9.43907157,90.56092843,3902,3860,2585,244,2341,0,0,321,2024,0,317,2020,0,0,4,0,gRNA_CDK8_targ_769_1384
HDR,9.95065789,90.04934211,3902,3860,1216,121,1095,0,0,2,1094,0,1,1093,0,0,1,0,gRNA_CDK8_targ_769_1384
Reference,12.46806336,87.53193664,3902,3860,1957,244,1713,0,0,35,1679,0,34,1678,0,0,1,0,gRNA_CDK8_targ_769_1385
HDR,0.0,100.0,3902,3860,1383,0,1383,0,31,5,1381,1,1,1347,0,30,4,0,gRNA_CDK8_targ_769_1385
Reference,10.59487625,89.40512375,3902,3860,2303,244,2059,0,0,321,1742,0,317,1738,0,0,4,0,gRNA_CDK8_targ_769_1386
HDR,40.43927649,59.56072351,3902,3860,774,313,461,0,1,5,459,1,1,455,0,0,4,0,gRNA_CDK8_targ_769_1386
Reference,48.42553191,51.57446809,2935,2935,1175,569,606,0,0,0,606,0,0,606,0,0,0,0,gRNA_CDK8_targ_770_1387
HDR,18.56617647,81.43382353,2935,2935,1632,303,1329,0,0,0,1329,0,0,1329,0,0,0,0,gRNA_CDK8_targ_770_1387
Reference,23.45424567,76.54575433,2935,2935,2426,569,1857,0,0,0,1857,0,0,1857,0,0,0,0,gRNA_CDK8_targ_770_1388
HDR,0.52910053,99.47089947,2935,2935,378,2,376,0,0,0,376,0,0,376,0,0,0,0,gRNA_CDK8_targ_770_1388
Reference,49.47826087,50.52173913,2935,2935,1150,569,581,0,0,0,581,0,0,581,0,0,0,0,gRNA_CDK8_targ_770_1389
HDR,0.6006006,99.3993994,2935,2935,1332,8,1324,0,0,0,1324,0,0,1324,0,0,0,0,gRNA_CDK8_targ_770_1389
Reference,48.42553191,51.57446809,2935,2935,1175,569,606,0,0,0,606,0,0,606,0,0,0,0,gRNA_CDK8_targ_770_1390
HDR,0.0,100.0,2935,2935,380,0,380,0,0,0,380,0,0,380,0,0,0,0,gRNA_CDK8_targ_770_1390
Reference,48.79931389,51.20068611,2935,2935,1166,569,597,0,0,0,597,0,0,597,0,0,0,0,gRNA_CDK8_targ_770_1391
HDR,42.760181,57.239819,2935,2935,1326,567,759,0,0,0,759,0,0,759,0,0,0,0,gRNA_CDK8_targ_770_1391
Reference,38.57627119,61.42372881,2935,2935,1475,569,906,0,0,0,906,0,0,906,0,0,0,0,gRNA_CDK8_targ_770_1392
HDR,0.0,100.0,2935,2935,381,0,381,0,0,0,381,0,0,381,0,0,0,0,gRNA_CDK8_targ_770_1392
Reference,38.36817262,61.63182738,2935,2935,1483,569,914,0,0,0,914,0,0,914,0,0,0,0,gRNA_CDK8_targ_770_1393
HDR,27.72727273,72.27272727,2935,2935,1320,366,954,0,0,0,954,0,0,954,0,0,0,0,gRNA_CDK8_targ_770_1393
Reference,40.43209877,59.56790123,328,327,324,131,193,0,0,0,193,0,0,193,0,0,0,0,gRNA_CDK8_targ_771_1394
HDR,0.0,100.0,328,327,2,0,2,0,0,0,2,0,0,2,0,0,0,0,gRNA_CDK8_targ_771_1394
Reference,40.9375,59.0625,328,327,320,131,189,0,0,0,189,0,0,189,0,0,0,0,gRNA_CDK8_targ_771_1395
HDR,0.0,100.0,328,327,4,0,4,0,0,0,4,0,0,4,0,0,0,0,gRNA_CDK8_targ_771_1395
Reference,97.03703704,2.96296296,328,327,135,131,4,0,0,0,4,0,0,4,0,0,0,0,gRNA_CDK8_targ_771_1396
HDR,93.37748344,6.62251656,328,327,151,141,10,0,0,0,10,0,0,10,0,0,0,0,gRNA_CDK8_targ_771_1396
Reference,40.55727554,59.44272446,328,327,323,131,192,0,0,0,192,0,0,192,0,0,0,0,gRNA_CDK8_targ_771_1397
HDR,0.0,100.0,328,327,2,0,2,0,0,0,2,0,0,2,0,0,0,0,gRNA_CDK8_targ_771_1397
Reference,74.43181818,25.56818182,328,327,176,131,45,0,0,0,45,0,0,45,0,0,0,0,gRNA_CDK8_targ_771_1398
HDR,0.0,100.0,328,327,3,0,3,0,0,0,3,0,0,3,0,0,0,0,gRNA_CDK8_targ_771_1398
Reference,74.43181818,25.56818182,328,327,176,131,45,0,0,0,45,0,0,45,0,0,0,0,gRNA_CDK8_targ_771_1399
HDR,28.57142857,71.42857143,328,327,7,2,5,0,0,0,5,0,0,5,0,0,0,0,gRNA_CDK8_targ_771_1399
Reference,41.06583072,58.93416928,328,327,319,131,188,0,0,0,188,0,0,188,0,0,0,0,gRNA_CDK8_targ_771_1400
HDR,25.0,75.0,328,327,4,1,3,0,0,0,3,0,0,3,0,0,0,0,gRNA_CDK8_targ_771_1400
Reference,83.33333333,16.66666667,391,391,138,115,23,0,18,0,23,0,0,5,0,18,0,0,gRNA_CDK8_targ_772_1401
HDR,17.28395062,82.71604938,391,391,243,42,201,0,0,0,201,0,0,201,0,0,0,0,gRNA_CDK8_targ_772_1401
Reference,98.48484848,1.51515152,67,67,66,65,1,0,0,0,1,0,0,1,0,0,0,0,gRNA_CDK8_targ_774_1402
HDR,100.0,0.0,67,67,1,1,0,0,0,0,0,0,0,0,0,0,0,0,gRNA_CDK8_targ_774_1402
Reference,97.01492537,2.98507463,67,67,67,65,2,0,0,0,2,0,0,2,0,0,0,0,gRNA_CDK8_targ_774_1403
HDR,,,67,67,0,0,0,0,0,0,0,0,0,0,0,0,0,0,gRNA_CDK8_targ_774_1403
Reference,97.01492537,2.98507463,67,67,67,65,2,0,0,0,2,0,0,2,0,0,0,0,gRNA_CDK8_targ_774_1404
HDR,,,67,67,0,0,0,0,0,0,0,0,0,0,0,0,0,0,gRNA_CDK8_targ_774_1404
Reference,98.48484848,1.51515152,67,67,66,65,1,0,0,0,1,0,0,1,0,0,0,0,gRNA_CDK8_targ_774_1405
HDR,,,67,67,0,0,0,0,0,0,0,0,0,0,0,0,0,0,gRNA_CDK8_targ_774_1405
Reference,98.48484848,1.51515152,67,67,66,65,1,0,0,0,1,0,0,1,0,0,0,0,gRNA_CDK8_targ_774_1406
HDR,,,67,67,0,0,0,0,0,0,0,0,0,0,0,0,0,0,gRNA_CDK8_targ_774_1406
Reference,97.01492537,2.98507463,67,67,67,65,2,0,0,0,2,0,0,2,0,0,0,0,gRNA_CDK8_targ_774_1407
HDR,,,67,67,0,0,0,0,0,0,0,0,0,0,0,0,0,0,gRNA_CDK8_targ_774_1407
Reference,97.01492537,2.98507463,67,67,67,65,2,0,0,0,2,0,0,2,0,0,0,0,gRNA_CDK8_targ_774_1408
HDR,,,67,67,0,0,0,0,0,0,0,0,0,0,0,0,0,0,gRNA_CDK8_targ_774_1408
Reference,100.0,0.0,387,387,1,1,0,0,0,0,0,0,0,0,0,0,0,0,gRNA_CDK8_targ_775_1409
HDR,0.25906736,99.74093264,387,387,386,1,385,0,0,1,385,0,0,384,0,0,1,0,gRNA_CDK8_targ_775_1409
Reference,0.42918455,99.57081545,387,387,233,1,232,0,0,1,232,0,0,231,0,0,1,0,gRNA_CDK8_targ_775_1410
HDR,0.0,100.0,387,387,147,0,147,0,0,0,147,0,0,147,0,0,0,0,gRNA_CDK8_targ_775_1410
Reference,0.74074074,99.25925926,387,387,135,1,134,0,0,0,134,0,0,134,0,0,0,0,gRNA_CDK8_targ_775_1411
HDR,0.0,100.0,387,387,251,0,251,0,0,1,251,0,0,250,0,0,1,0,gRNA_CDK8_targ_775_1411
Reference,100.0,0.0,387,387,1,1,0,0,0,0,0,0,0,0,0,0,0,0,gRNA_CDK8_targ_775_1412
HDR,0.64935065,99.35064935,387,387,154,1,153,0,0,0,153,0,0,153,0,0,0,0,gRNA_CDK8_targ_775_1412
Reference,100.0,0.0,387,387,1,1,0,0,0,0,0,0,0,0,0,0,0,0,gRNA_CDK8_targ_775_1413
HDR,0.0,100.0,387,387,252,0,252,0,0,1,252,0,0,251,0,0,1,0,gRNA_CDK8_targ_775_1413
Reference,0.74626866,99.25373134,387,387,134,1,133,0,0,0,133,0,0,133,0,0,0,0,gRNA_CDK8_targ_775_1414
HDR,0.0,100.0,387,387,146,0,146,0,0,0,146,0,0,146,0,0,0,0,gRNA_CDK8_targ_775_1414
Reference,0.78740157,99.21259843,387,387,127,1,126,0,0,0,126,0,0,126,0,0,0,0,gRNA_CDK8_targ_775_1415
HDR,54.94071146,45.05928854,387,387,253,139,114,0,0,1,114,0,0,113,0,0,1,0,gRNA_CDK8_targ_775_1415
Reference,93.22033898,6.77966102,550,550,118,110,8,0,1,0,8,0,0,7,0,1,0,0,gRNA_CDK8_targ_776_1416
HDR,0.0,100.0,550,550,432,0,432,0,0,1,432,0,0,431,0,0,1,0,gRNA_CDK8_targ_776_1416
Reference,95.65217391,4.34782609,550,550,115,110,5,0,0,0,5,0,0,5,0,0,0,0,gRNA_CDK8_targ_776_1417
HDR,0.45977011,99.54022989,550,550,435,2,433,0,1,1,433,0,0,431,0,1,1,0,gRNA_CDK8_targ_776_1417
Reference,95.65217391,4.34782609,550,550,115,110,5,0,0,0,5,0,0,5,0,0,0,0,gRNA_CDK8_targ_776_1418
HDR,64.58333333,35.41666667,550,550,432,279,153,0,0,1,152,0,1,152,0,0,0,0,gRNA_CDK8_targ_776_1418
Reference,37.5,62.5,748,748,8,3,5,0,2,0,3,2,0,3,0,0,0,0,gRNA_CDK8_targ_777_1419
HDR,0.0,100.0,748,748,739,0,739,0,1,21,718,0,21,717,0,1,0,0,gRNA_CDK8_targ_777_1419
Reference,75.0,25.0,748,748,4,3,1,0,0,1,0,0,1,0,0,0,0,0,gRNA_CDK8_targ_777_1420
HDR,0.37593985,99.62406015,748,748,532,2,530,0,1,21,509,0,21,508,0,1,0,0,gRNA_CDK8_targ_777_1420
Reference,42.85714286,57.14285714,748,748,7,3,4,0,2,1,1,2,1,1,0,0,0,0,gRNA_CDK8_targ_777_1421
HDR,65.35859269,34.64140731,748,748,739,483,256,0,1,21,234,1,21,234,0,0,0,0,gRNA_CDK8_targ_777_1421
Reference,96.94915254,3.05084746,973,973,590,572,18,0,1,1,16,1,1,16,0,0,0,0,gRNA_CDK8_targ_778_1422
HDR,97.24770642,2.75229358,973,973,218,212,6,0,0,0,6,0,0,6,0,0,0,0,gRNA_CDK8_targ_778_1422
Reference,42.27467811,57.72532189,935,935,932,394,538,0,0,1,537,0,1,537,0,0,0,0,gRNA_CDK8_targ_779_1423
HDR,100.0,0.0,935,935,2,2,0,0,0,0,0,0,0,0,0,0,0,0,gRNA_CDK8_targ_779_1423
Reference,91.2037037,8.7962963,935,935,432,394,38,0,0,1,37,0,1,37,0,0,0,0,gRNA_CDK8_targ_779_1424
HDR,98.6,1.4,935,935,500,493,7,0,0,0,7,0,0,7,0,0,0,0,gRNA_CDK8_targ_779_1424
Reference,90.99307159,9.00692841,935,935,433,394,39,0,0,1,38,0,1,38,0,0,0,0,gRNA_CDK8_targ_779_1425
HDR,,,935,935,0,0,0,0,0,0,0,0,0,0,0,0,0,0,gRNA_CDK8_targ_779_1425
Reference,55.82822086,44.17177914,4665,4665,652,364,288,0,218,1,156,131,1,69,0,87,0,0,gRNA_CDK8_targ_780_1426
HDR,71.13985449,28.86014551,4665,4665,3711,2640,1071,0,1,2,1069,1,1,1068,0,0,1,0,gRNA_CDK8_targ_780_1426
Reference,77.77777778,22.22222222,352,352,9,7,2,0,0,0,2,0,0,2,0,0,0,0,gRNA_CDK8_targ_783_1427
HDR,98.26388889,1.73611111,352,352,288,283,5,0,0,0,5,0,0,5,0,0,0,0,gRNA_CDK8_targ_783_1427
Reference,93.52517986,6.47482014,2364,2364,139,130,9,0,0,0,9,0,0,9,0,0,0,0,gRNA_CDK8_targ_785_1428
HDR,79.3956044,20.6043956,2364,2364,1820,1445,375,0,341,1,54,320,1,33,0,21,0,0,gRNA_CDK8_targ_785_1428
Reference,85.36585366,14.63414634,1070,1070,41,35,6,0,0,0,6,0,0,6,0,0,0,0,gRNA_CDK8_targ_789_1429
HDR,97.16535433,2.83464567,1070,1070,635,617,18,0,0,0,18,0,0,18,0,0,0,0,gRNA_CDK8_targ_789_1429
Reference,10.76604555,89.23395445,1454,1454,1449,156,1293,0,0,0,1293,0,0,1293,0,0,0,0,gRNA_CDK8_targ_790_1430
HDR,0.0,100.0,1454,1454,5,0,5,0,0,0,5,0,0,5,0,0,0,0,gRNA_CDK8_targ_790_1430
Reference,13.34473909,86.65526091,1454,1454,1169,156,1013,0,0,0,1013,0,0,1013,0,0,0,0,gRNA_CDK8_targ_790_1431
HDR,0.35335689,99.64664311,1454,1454,283,1,282,0,0,0,282,0,0,282,0,0,0,0,gRNA_CDK8_targ_790_1431
Reference,96.2962963,3.7037037,1454,1454,162,156,6,0,0,0,6,0,0,6,0,0,0,0,gRNA_CDK8_targ_790_1432
HDR,71.53846154,28.46153846,1454,1454,1040,744,296,0,0,0,296,0,0,296,0,0,0,0,gRNA_CDK8_targ_790_1432
Reference,13.33333333,86.66666667,1454,1454,1170,156,1014,0,0,0,1014,0,0,1014,0,0,0,0,gRNA_CDK8_targ_790_1433
HDR,0.0,100.0,1454,1454,4,0,4,0,0,0,4,0,0,4,0,0,0,0,gRNA_CDK8_targ_790_1433
Reference,37.68115942,62.31884058,1454,1454,414,156,258,0,0,0,258,0,0,258,0,0,0,0,gRNA_CDK8_targ_790_1434
HDR,20.0,80.0,1454,1454,5,1,4,0,0,0,4,0,0,4,0,0,0,0,gRNA_CDK8_targ_790_1434
Reference,37.77239709,62.22760291,1454,1454,413,156,257,0,0,0,257,0,0,257,0,0,0,0,gRNA_CDK8_targ_790_1435
HDR,97.17314488,2.82685512,1454,1454,283,275,8,0,0,0,8,0,0,8,0,0,0,0,gRNA_CDK8_targ_790_1435
Reference,13.33333333,86.66666667,1454,1454,1170,156,1014,0,0,0,1014,0,0,1014,0,0,0,0,gRNA_CDK8_targ_790_1436
HDR,1.41342756,98.58657244,1454,1454,283,4,279,0,0,0,279,0,0,279,0,0,0,0,gRNA_CDK8_targ_790_1436
Reference,38.36633663,61.63366337,1110,1110,404,155,249,0,0,210,44,0,205,39,0,0,5,0,gRNA_CDK8_targ_792_1437
HDR,78.06267806,21.93732194,1110,1110,702,548,154,0,0,0,154,0,0,154,0,0,0,0,gRNA_CDK8_targ_792_1437
Reference,54.21348315,45.78651685,1480,1480,1068,579,489,0,0,1,488,0,1,488,0,0,0,0,gRNA_CDK8_targ_793_1438
HDR,97.5308642,2.4691358,1480,1480,405,395,10,0,0,0,10,0,0,10,0,0,0,0,gRNA_CDK8_targ_793_1438
Reference,90.27688345,9.72311655,4669,4669,4659,4206,453,0,5,5,443,5,5,443,0,0,0,0,gRNA_CDK8_targ_794_1439
HDR,100.0,0.0,4669,4669,3,3,0,0,0,0,0,0,0,0,0,0,0,0,gRNA_CDK8_targ_794_1439
Reference,96.89011748,3.10988252,4669,4669,4341,4206,135,0,0,5,130,0,5,130,0,0,0,0,gRNA_CDK8_targ_794_1440
HDR,58.11688312,41.88311688,4669,4669,308,179,129,0,0,0,129,0,0,129,0,0,0,0,gRNA_CDK8_targ_794_1440
Reference,96.51216154,3.48783846,4669,4669,4358,4206,152,0,5,5,142,5,5,142,0,0,0,0,gRNA_CDK8_targ_794_1441
HDR,,,4669,4669,0,0,0,0,0,0,0,0,0,0,0,0,0,0,gRNA_CDK8_targ_794_1441
Reference,17.37153251,82.62846749,4176,4176,2199,382,1817,0,2,210,1617,0,200,1606,0,1,9,1,gRNA_CDK8_targ_795_1442
HDR,0.10178117,99.89821883,4176,4176,1965,2,1963,0,0,0,1963,0,0,1963,0,0,0,0,gRNA_CDK8_targ_795_1442
Reference,12.27506427,87.72493573,4176,4176,3112,382,2730,0,2,4,2729,0,1,2725,0,1,2,1,gRNA_CDK8_targ_795_1443
HDR,0.0,100.0,4176,4176,843,0,843,0,0,0,843,0,0,843,0,0,0,0,gRNA_CDK8_targ_795_1443
Reference,32.93103448,67.06896552,4176,4176,1160,382,778,0,1,3,777,0,1,774,0,1,2,0,gRNA_CDK8_targ_795_1444
HDR,0.03954132,99.96045868,4176,4176,2529,1,2528,0,0,1,2528,0,0,2527,0,0,1,0,gRNA_CDK8_targ_795_1444
Reference,21.9666475,78.0333525,4176,4176,1739,382,1357,0,2,210,1157,0,200,1146,0,1,9,1,gRNA_CDK8_targ_795_1445
HDR,0.0,100.0,4176,4176,382,0,382,0,0,0,382,0,0,382,0,0,0,0,gRNA_CDK8_targ_795_1445
Reference,38.35341365,61.64658635,4176,4176,996,382,614,0,2,211,413,0,201,402,0,1,9,1,gRNA_CDK8_targ_795_1446
HDR,13.87283237,86.12716763,4176,4176,1557,216,1341,0,0,0,1341,0,0,1341,0,0,0,0,gRNA_CDK8_targ_795_1446
Reference,35.01374885,64.98625115,4176,4176,1091,382,709,0,2,4,708,0,1,704,0,1,2,1,gRNA_CDK8_targ_795_1447
HDR,0.37174721,99.62825279,4176,4176,538,2,536,0,0,0,536,0,0,536,0,0,0,0,gRNA_CDK8_targ_795_1447
Reference,16.87279152,83.12720848,4176,4176,2264,382,1882,0,2,212,1681,0,201,1669,0,1,10,1,gRNA_CDK8_targ_795_1448
HDR,0.0,100.0,4176,4176,1626,0,1626,0,0,0,1626,0,0,1626,0,0,0,0,gRNA_CDK8_targ_795_1448
Reference,3.01204819,96.98795181,2247,2246,332,10,322,0,17,0,305,17,0,305,0,0,0,0,gRNA_CDK8_targ_796_1449
HDR,0.10799136,99.89200864,2247,2246,1852,2,1850,0,0,0,1850,0,0,1850,0,0,0,0,gRNA_CDK8_targ_796_1449
Reference,2.98507463,97.01492537,2247,2246,335,10,325,0,17,0,308,17,0,308,0,0,0,0,gRNA_CDK8_targ_796_1450
HDR,0.0,100.0,2247,2246,1710,0,1710,0,0,0,1710,0,0,1710,0,0,0,0,gRNA_CDK8_targ_796_1450
Reference,2.99401198,97.00598802,2247,2246,334,10,324,0,17,0,307,17,0,307,0,0,0,0,gRNA_CDK8_targ_796_1451
HDR,76.38743455,23.61256545,2247,2246,1910,1459,451,0,0,0,451,0,0,451,0,0,0,0,gRNA_CDK8_targ_796_1451
Reference,76.26208378,23.73791622,2104,2104,931,710,221,0,2,0,221,0,0,219,0,2,0,0,gRNA_CDK8_targ_797_1452
HDR,0.68551842,99.31448158,2104,2104,1167,8,1159,0,0,0,1159,0,0,1159,0,0,0,0,gRNA_CDK8_targ_797_1452
Reference,89.87341772,10.12658228,2104,2104,790,710,80,0,2,0,80,0,0,78,0,2,0,0,gRNA_CDK8_targ_797_1453
HDR,12.12355212,87.87644788,2104,2104,1295,157,1138,0,0,0,1138,0,0,1138,0,0,0,0,gRNA_CDK8_targ_797_1453
Reference,95.55854643,4.44145357,2104,2104,743,710,33,0,2,1,33,0,0,30,0,2,1,0,gRNA_CDK8_targ_797_1454
HDR,54.33212996,45.66787004,2104,2104,1108,602,506,0,0,0,506,0,0,506,0,0,0,0,gRNA_CDK8_targ_797_1454
Reference,75.64604542,24.35395458,2945,2945,1277,966,311,0,280,0,38,273,0,31,0,7,0,0,gRNA_CDK8_targ_798_1455
HDR,82.58675079,17.41324921,2945,2945,1585,1309,276,0,1,0,275,1,0,275,0,0,0,0,gRNA_CDK8_targ_798_1455
Reference,0.09140768,99.90859232,1412,1412,1094,1,1093,0,0,2,1093,0,0,1091,0,0,2,0,gRNA_CDK8_targ_800_1456
HDR,0.0,100.0,1412,1412,307,0,307,0,0,0,307,0,0,307,0,0,0,0,gRNA_CDK8_targ_800_1456
Reference,50.0,50.0,1412,1412,2,1,1,0,0,0,1,0,0,1,0,0,0,0,gRNA_CDK8_targ_800_1457
HDR,16.35311143,83.64688857,1412,1412,1382,226,1156,0,7,2,1149,7,0,1147,0,0,2,0,gRNA_CDK8_targ_800_1457
Reference,0.37174721,99.62825279,1412,1412,269,1,268,0,0,0,268,0,0,268,0,0,0,0,gRNA_CDK8_targ_800_1458
HDR,0.0,100.0,1412,1412,1084,0,1084,0,7,2,1077,7,0,1075,0,0,2,0,gRNA_CDK8_targ_800_1458
Reference,3.44827586,96.55172414,1412,1412,29,1,28,0,0,0,28,0,0,28,0,0,0,0,gRNA_CDK8_targ_800_1459
HDR,0.0,100.0,1412,1412,310,0,310,0,0,0,310,0,0,310,0,0,0,0,gRNA_CDK8_targ_800_1459
Reference,0.3058104,99.6941896,1412,1412,327,1,326,0,0,0,326,0,0,326,0,0,0,0,gRNA_CDK8_targ_800_1460
HDR,0.0,100.0,1412,1412,315,0,315,0,7,0,308,7,0,308,0,0,0,0,gRNA_CDK8_targ_800_1460
Reference,3.44827586,96.55172414,1412,1412,29,1,28,0,0,0,28,0,0,28,0,0,0,0,gRNA_CDK8_targ_800_1461
HDR,54.02802102,45.97197898,1412,1412,1142,617,525,0,7,2,517,7,1,516,0,0,1,0,gRNA_CDK8_targ_800_1461
Reference,0.37453184,99.62546816,1412,1412,267,1,266,0,0,0,266,0,0,266,0,0,0,0,gRNA_CDK8_targ_800_1462
HDR,27.8551532,72.1448468,1412,1412,1077,300,777,0,0,2,777,0,0,775,0,0,2,0,gRNA_CDK8_targ_800_1462
Reference,99.0797546,0.9202454,327,327,326,323,3,0,0,0,3,0,0,3,0,0,0,0,gRNA_CDK8_targ_802_1463
HDR,,,327,327,0,0,0,0,0,0,0,0,0,0,0,0,0,0,gRNA_CDK8_targ_802_1463
Reference,96.22021364,3.77978636,1418,1418,1217,1171,46,0,1,0,46,0,0,45,0,1,0,0,gRNA_CDK8_targ_803_1464
HDR,99.49238579,0.50761421,1418,1418,197,196,1,0,0,0,1,0,0,1,0,0,0,0,gRNA_CDK8_targ_803_1464
Reference,97.99498747,2.00501253,1501,1501,1197,1173,24,0,0,0,24,0,0,24,0,0,0,0,gRNA_CDK8_targ_806_1465
HDR,98.34437086,1.65562914,1501,1501,302,297,5,0,0,0,5,0,0,5,0,0,0,0,gRNA_CDK8_targ_806_1465
Reference,100.0,0.0,218,218,2,2,0,0,0,0,0,0,0,0,0,0,0,0,gRNA_CDK8_targ_808_1466
HDR,98.63013699,1.36986301,218,218,146,144,2,0,0,0,2,0,0,2,0,0,0,0,gRNA_CDK8_targ_808_1466
Reference,97.59036145,2.40963855,1380,1299,166,162,4,0,0,1,3,0,1,3,0,0,0,0,gRNA_CDK8_targ_809_1467
HDR,94.48398577,5.51601423,1380,1299,1124,1062,62,0,0,0,62,0,0,62,0,0,0,0,gRNA_CDK8_targ_809_1467
Reference,77.65068192,22.34931808,3845,3845,2273,1765,508,0,1,2,506,0,2,505,0,1,0,0,gRNA_CDK8_targ_810_1468
HDR,97.45989305,2.54010695,3845,3845,1496,1458,38,0,0,0,38,0,0,38,0,0,0,0,gRNA_CDK8_targ_810_1468
Reference,100.0,0.0,1828,1828,7,7,0,0,0,0,0,0,0,0,0,0,0,0,gRNA_CDK8_targ_811_1469
HDR,89.39393939,10.60606061,1828,1828,1518,1357,161,0,0,0,161,0,0,161,0,0,0,0,gRNA_CDK8_targ_811_1469
Reference,1.96078431,98.03921569,353,353,306,6,300,0,0,0,300,0,0,300,0,0,0,0,gRNA_CDK8_targ_812_1470
HDR,0.0,100.0,353,353,44,0,44,0,0,0,44,0,0,44,0,0,0,0,gRNA_CDK8_targ_812_1470
Reference,54.54545455,45.45454545,353,353,11,6,5,0,0,0,5,0,0,5,0,0,0,0,gRNA_CDK8_targ_812_1471
HDR,0.29239766,99.70760234,353,353,342,1,341,0,0,0,341,0,0,341,0,0,0,0,gRNA_CDK8_targ_812_1471
Reference,60.0,40.0,353,353,10,6,4,0,0,0,4,0,0,4,0,0,0,0,gRNA_CDK8_targ_812_1472
HDR,1.17647059,98.82352941,353,353,340,4,336,0,0,0,336,0,0,336,0,0,0,0,gRNA_CDK8_targ_812_1472
Reference,60.0,40.0,353,353,10,6,4,0,0,0,4,0,0,4,0,0,0,0,gRNA_CDK8_targ_812_1473
HDR,0.0,100.0,353,353,46,0,46,0,0,0,46,0,0,46,0,0,0,0,gRNA_CDK8_targ_812_1473
Reference,50.0,50.0,353,353,12,6,6,0,0,0,6,0,0,6,0,0,0,0,gRNA_CDK8_targ_812_1474
HDR,2.12765957,97.87234043,353,353,47,1,46,0,0,0,46,0,0,46,0,0,0,0,gRNA_CDK8_targ_812_1474
Reference,100.0,0.0,353,353,6,6,0,0,0,0,0,0,0,0,0,0,0,0,gRNA_CDK8_targ_812_1475
HDR,81.36094675,18.63905325,353,353,338,275,63,0,0,0,63,0,0,63,0,0,0,0,gRNA_CDK8_targ_812_1475
Reference,42.85714286,57.14285714,353,353,14,6,8,0,0,0,8,0,0,8,0,0,0,0,gRNA_CDK8_targ_812_1476
HDR,0.29673591,99.70326409,353,353,337,1,336,0,0,0,336,0,0,336,0,0,0,0,gRNA_CDK8_targ_812_1476
Reference,43.40277778,56.59722222,1875,1874,576,250,326,0,0,107,325,0,1,219,0,0,106,0,gRNA_CDK8_targ_813_1477
HDR,0.0,100.0,1875,1874,1220,0,1220,0,1,8,1219,1,0,1211,0,0,8,0,gRNA_CDK8_targ_813_1477
Reference,66.13756614,33.86243386,1875,1874,378,250,128,0,0,107,127,0,1,21,0,0,106,0,gRNA_CDK8_targ_813_1478
HDR,0.13879251,99.86120749,1875,1874,1441,2,1439,0,2,28,1437,2,0,1409,0,0,28,0,gRNA_CDK8_targ_813_1478
Reference,79.61783439,20.38216561,1875,1874,314,250,64,0,55,0,10,54,0,9,0,1,0,0,gRNA_CDK8_targ_813_1479
HDR,0.0,100.0,1875,1874,1444,0,1444,0,0,28,1444,0,0,1416,0,0,28,0,gRNA_CDK8_targ_813_1479
Reference,36.76470588,63.23529412,1875,1874,680,250,430,0,57,106,376,54,0,267,0,3,106,0,gRNA_CDK8_targ_813_1480
HDR,0.0,100.0,1875,1874,1183,0,1183,0,0,19,1183,0,0,1164,0,0,19,0,gRNA_CDK8_targ_813_1480
Reference,58.96226415,41.03773585,1875,1874,424,250,174,0,54,106,120,54,0,14,0,0,106,0,gRNA_CDK8_targ_813_1481
HDR,0.0,100.0,1875,1874,1215,0,1215,0,0,9,1213,0,2,1206,0,0,7,0,gRNA_CDK8_targ_813_1481
Reference,58.54800937,41.45199063,1875,1874,427,250,177,0,54,107,122,54,1,16,0,0,106,0,gRNA_CDK8_targ_813_1482
HDR,0.0,100.0,1875,1874,1241,0,1241,0,0,28,1239,0,2,1213,0,0,26,0,gRNA_CDK8_targ_813_1482
Reference,58.41121495,41.58878505,1875,1874,428,250,178,0,56,107,123,54,1,15,0,2,106,0,gRNA_CDK8_targ_813_1483
HDR,0.0,100.0,1875,1874,987,0,987,0,0,27,987,0,0,960,0,0,27,0,gRNA_CDK8_targ_813_1483
Reference,59.24170616,40.75829384,1875,1874,422,250,172,0,55,107,117,54,1,10,0,1,106,0,gRNA_CDK8_targ_813_1484
HDR,0.0,100.0,1875,1874,1437,0,1437,0,0,28,1416,0,21,1409,0,0,7,0,gRNA_CDK8_targ_813_1484
Reference,59.24170616,40.75829384,1875,1874,422,250,172,0,55,107,117,54,1,10,0,1,106,0,gRNA_CDK8_targ_813_1485
HDR,0.0,100.0,1875,1874,1181,0,1181,0,0,28,1162,0,19,1153,0,0,9,0,gRNA_CDK8_targ_813_1485
Reference,58.41121495,41.58878505,1875,1874,428,250,178,0,57,106,124,54,0,15,0,3,106,0,gRNA_CDK8_targ_813_1486
HDR,0.33812342,99.66187658,1875,1874,1183,4,1179,0,0,19,1160,0,19,1160,0,0,0,0,gRNA_CDK8_targ_813_1486
Reference,58.13953488,41.86046512,1875,1874,430,250,180,0,57,107,125,54,1,16,0,3,106,0,gRNA_CDK8_targ_813_1487
HDR,17.15277778,82.84722222,1875,1874,1440,247,1193,0,0,28,1191,0,2,1165,0,0,26,0,gRNA_CDK8_targ_813_1487
Reference,57.73672055,42.26327945,1875,1874,433,250,183,0,57,107,128,54,1,19,0,3,106,0,gRNA_CDK8_targ_813_1488
HDR,0.0,100.0,1875,1874,1441,0,1441,0,0,28,1439,0,2,1413,0,0,26,0,gRNA_CDK8_targ_813_1488
Reference,58.27505828,41.72494172,1875,1874,429,250,179,0,57,107,124,54,1,15,0,3,106,0,gRNA_CDK8_targ_813_1489
HDR,0.48510049,99.51489951,1875,1874,1443,7,1436,0,0,27,1417,0,19,1409,0,0,8,0,gRNA_CDK8_targ_813_1489
Reference,58.68544601,41.31455399,1875,1874,426,250,176,0,57,107,121,54,1,12,0,3,106,0,gRNA_CDK8_targ_813_1490
HDR,13.50415512,86.49584488,1875,1874,1444,195,1249,0,0,27,1230,0,19,1222,0,0,8,0,gRNA_CDK8_targ_813_1490
Reference,58.27505828,41.72494172,1875,1874,429,250,179,0,57,107,124,54,1,15,0,3,106,0,gRNA_CDK8_targ_813_1491
HDR,64.375,35.625,1875,1874,1440,927,513,0,0,27,513,0,0,486,0,0,27,0,gRNA_CDK8_targ_813_1491
Reference,3.25245225,96.74754775,1998,1994,1937,63,1874,0,1,0,1873,1,0,1873,0,0,0,0,gRNA_CDK8_targ_814_1492
HDR,0.0,100.0,1998,1994,49,0,49,0,0,0,49,0,0,49,0,0,0,0,gRNA_CDK8_targ_814_1492
Reference,38.65030675,61.34969325,1998,1994,163,63,100,0,1,0,99,1,0,99,0,0,0,0,gRNA_CDK8_targ_814_1493
HDR,14.01098901,85.98901099,1998,1994,1820,255,1565,0,0,0,1565,0,0,1565,0,0,0,0,gRNA_CDK8_targ_814_1493
Reference,49.21875,50.78125,1998,1994,128,63,65,0,1,0,64,1,0,64,0,0,0,0,gRNA_CDK8_targ_814_1494
HDR,0.0,100.0,1998,1994,11,0,11,0,0,0,11,0,0,11,0,0,0,0,gRNA_CDK8_targ_814_1494
Reference,1.04986877,98.95013123,1410,1410,381,4,377,0,0,1,376,0,1,376,0,0,0,0,gRNA_CDK8_targ_815_1495
HDR,0.0,100.0,1410,1410,916,0,916,0,0,0,916,0,0,916,0,0,0,0,gRNA_CDK8_targ_815_1495
Reference,0.92165899,99.07834101,1410,1410,434,4,430,0,0,1,429,0,1,429,0,0,0,0,gRNA_CDK8_targ_815_1496
HDR,0.0,100.0,1410,1410,973,0,973,0,0,0,973,0,0,973,0,0,0,0,gRNA_CDK8_targ_815_1496
Reference,2.33918129,97.66081871,1410,1410,171,4,167,0,0,1,166,0,1,166,0,0,0,0,gRNA_CDK8_targ_815_1497
HDR,80.56737589,19.43262411,1410,1410,705,568,137,0,0,0,137,0,0,137,0,0,0,0,gRNA_CDK8_targ_815_1497
Reference,0.35335689,99.64664311,427,427,283,1,282,0,0,0,282,0,0,282,0,0,0,0,gRNA_CDK8_targ_816_1498
HDR,0.0,100.0,427,427,59,0,59,0,0,0,59,0,0,59,0,0,0,0,gRNA_CDK8_targ_816_1498
Reference,44.85596708,55.14403292,344,344,243,109,134,0,0,0,134,0,0,134,0,0,0,0,gRNA_CDK8_targ_817_1499
HDR,5.15463918,94.84536082,344,344,97,5,92,0,0,0,92,0,0,92,0,0,0,0,gRNA_CDK8_targ_817_1499
Reference,75.0,25.0,384,384,4,3,1,0,0,0,1,0,0,1,0,0,0,0,gRNA_CDK8_targ_819_1500
HDR,1.18110236,98.81889764,384,384,254,3,251,0,3,0,251,0,0,248,0,3,0,0,gRNA_CDK8_targ_819_1500
Reference,42.73927393,57.26072607,6092,6089,606,259,347,0,1,94,345,1,1,252,0,0,93,0,gRNA_CDK8_targ_824_1501
HDR,9.43319838,90.56680162,6092,6089,4940,466,4474,0,0,1,4474,0,0,4473,0,0,1,0,gRNA_CDK8_targ_824_1501
Reference,24.73734479,75.26265521,6092,6089,1047,259,788,0,1,1,786,1,1,786,0,0,0,0,gRNA_CDK8_targ_824_1502
HDR,4.58788481,95.41211519,6092,6089,5035,231,4804,0,0,287,4611,0,193,4517,0,0,94,0,gRNA_CDK8_targ_824_1502
Reference,46.41577061,53.58422939,6092,6089,558,259,299,0,1,1,297,1,1,297,0,0,0,0,gRNA_CDK8_targ_824_1503
HDR,66.22052263,33.77947737,6092,6089,4707,3117,1590,0,0,194,1396,0,194,1396,0,0,0,0,gRNA_CDK8_targ_824_1503
Reference,0.24227741,99.75772259,1655,1655,1651,4,1647,0,0,0,1647,0,0,1647,0,0,0,0,gRNA_CDK8_targ_825_1504
HDR,,,1655,1655,0,0,0,0,0,0,0,0,0,0,0,0,0,0,gRNA_CDK8_targ_825_1504
Reference,0.27155465,99.72844535,1655,1655,1473,4,1469,0,0,0,1469,0,0,1469,0,0,0,0,gRNA_CDK8_targ_825_1505
HDR,0.0,100.0,1655,1655,177,0,177,0,0,0,177,0,0,177,0,0,0,0,gRNA_CDK8_targ_825_1505
Reference,40.0,60.0,1655,1655,10,4,6,0,0,0,6,0,0,6,0,0,0,0,gRNA_CDK8_targ_825_1506
HDR,0.06578947,99.93421053,1655,1655,1520,1,1519,0,0,0,1519,0,0,1519,0,0,0,0,gRNA_CDK8_targ_825_1506
Reference,3.07692308,96.92307692,1655,1655,130,4,126,0,0,0,126,0,0,126,0,0,0,0,gRNA_CDK8_targ_825_1507
HDR,0.26281209,99.73718791,1655,1655,1522,4,1518,0,0,0,1518,0,0,1518,0,0,0,0,gRNA_CDK8_targ_825_1507
Reference,0.27063599,99.72936401,1655,1655,1478,4,1474,0,0,0,1474,0,0,1474,0,0,0,0,gRNA_CDK8_targ_825_1508
HDR,,,1655,1655,0,0,0,0,0,0,0,0,0,0,0,0,0,0,gRNA_CDK8_targ_825_1508
Reference,2.98507463,97.01492537,1655,1655,134,4,130,0,0,0,130,0,0,130,0,0,0,0,gRNA_CDK8_targ_825_1509
HDR,0.0,100.0,1655,1655,3,0,3,0,0,0,3,0,0,3,0,0,0,0,gRNA_CDK8_targ_825_1509
Reference,3.0075188,96.9924812,1655,1655,133,4,129,0,0,0,129,0,0,129,0,0,0,0,gRNA_CDK8_targ_825_1510
HDR,0.0,100.0,1655,1655,3,0,3,0,0,0,3,0,0,3,0,0,0,0,gRNA_CDK8_targ_825_1510
Reference,2.96296296,97.03703704,1655,1655,135,4,131,0,0,0,131,0,0,131,0,0,0,0,gRNA_CDK8_targ_825_1511
HDR,0.0,100.0,1655,1655,182,0,182,0,0,0,182,0,0,182,0,0,0,0,gRNA_CDK8_targ_825_1511
Reference,3.0075188,96.9924812,1655,1655,133,4,129,0,0,0,129,0,0,129,0,0,0,0,gRNA_CDK8_targ_825_1512
HDR,0.0,100.0,1655,1655,182,0,182,0,0,0,182,0,0,182,0,0,0,0,gRNA_CDK8_targ_825_1512
Reference,3.07692308,96.92307692,1655,1655,130,4,126,0,0,0,126,0,0,126,0,0,0,0,gRNA_CDK8_targ_825_1513
HDR,85.06578947,14.93421053,1655,1655,1520,1293,227,0,0,0,227,0,0,227,0,0,0,0,gRNA_CDK8_targ_825_1513
Reference,0.27210884,99.72789116,1655,1655,1470,4,1466,0,0,0,1466,0,0,1466,0,0,0,0,gRNA_CDK8_targ_825_1514
HDR,0.0,100.0,1655,1655,177,0,177,0,0,0,177,0,0,177,0,0,0,0,gRNA_CDK8_targ_825_1514
Reference,0.27210884,99.72789116,1655,1655,1470,4,1466,0,0,0,1466,0,0,1466,0,0,0,0,gRNA_CDK8_targ_825_1515
HDR,0.0,100.0,1655,1655,177,0,177,0,0,0,177,0,0,177,0,0,0,0,gRNA_CDK8_targ_825_1515
Reference,2.96296296,97.03703704,1655,1655,135,4,131,0,0,0,131,0,0,131,0,0,0,0,gRNA_CDK8_targ_825_1516
HDR,0.0,100.0,1655,1655,1517,0,1517,0,0,0,1517,0,0,1517,0,0,0,0,gRNA_CDK8_targ_825_1516
Reference,2.96296296,97.03703704,1655,1655,135,4,131,0,0,0,131,0,0,131,0,0,0,0,gRNA_CDK8_targ_825_1517
HDR,11.53592617,88.46407383,1655,1655,1517,175,1342,0,0,0,1342,0,0,1342,0,0,0,0,gRNA_CDK8_targ_825_1517
Reference,2.89855072,97.10144928,1655,1655,138,4,134,0,0,0,134,0,0,134,0,0,0,0,gRNA_CDK8_targ_825_1518
HDR,0.0,100.0,1655,1655,185,0,185,0,0,0,185,0,0,185,0,0,0,0,gRNA_CDK8_targ_825_1518
Reference,62.12389381,37.87610619,5065,5061,565,351,214,0,65,37,176,1,37,112,0,64,0,0,gRNA_CDK8_targ_826_1519
HDR,3.84892952,96.15107048,5065,5061,4157,160,3997,0,1,2,3996,0,1,3994,0,1,1,0,gRNA_CDK8_targ_826_1519
Reference,12.51336898,87.48663102,5065,5061,2805,351,2454,0,66,36,2418,1,35,2352,0,65,1,0,gRNA_CDK8_targ_826_1520
HDR,0.0,100.0,5065,5061,1935,0,1935,0,1,0,1935,0,0,1934,0,1,0,0,gRNA_CDK8_targ_826_1520
Reference,20.88042832,79.11957168,5065,5061,1681,351,1330,0,3,36,1294,1,35,1291,0,2,1,0,gRNA_CDK8_targ_826_1521
HDR,0.0,100.0,5065,5061,3020,0,3020,0,1,1,3020,0,0,3018,0,1,1,0,gRNA_CDK8_targ_826_1521
Reference,47.62550882,52.37449118,5065,5061,737,351,386,0,65,37,348,1,37,284,0,64,0,0,gRNA_CDK8_targ_826_1522
HDR,26.91393248,73.08606752,5065,5061,2103,566,1537,0,0,1,1536,0,1,1536,0,0,0,0,gRNA_CDK8_targ_826_1522
Reference,46.86248331,53.13751669,5065,5061,749,351,398,0,65,38,360,1,37,295,0,64,1,0,gRNA_CDK8_targ_826_1523
HDR,48.97249447,51.02750553,5065,5061,3163,1549,1614,0,0,2,1613,0,1,1612,0,0,1,0,gRNA_CDK8_targ_826_1523
Reference,30.52173913,69.47826087,5065,5061,1150,351,799,0,66,37,763,1,35,696,0,65,2,0,gRNA_CDK8_targ_826_1524
HDR,0.14992504,99.85007496,5065,5061,1334,2,1332,0,1,0,1331,1,0,1331,0,0,0,0,gRNA_CDK8_targ_826_1524
Reference,35.92630502,64.07369498,5065,5061,977,351,626,0,66,39,588,1,37,521,0,65,2,0,gRNA_CDK8_targ_826_1525
HDR,27.18291055,72.81708945,5065,5061,3745,1018,2727,0,1,1,2726,0,1,2725,0,1,0,0,gRNA_CDK8_targ_826_1525
Reference,43.16415181,56.83584819,2749,2749,2187,944,1243,0,4,1,1238,4,1,1238,0,0,0,0,gRNA_CDK8_targ_827_1526
HDR,76.42857143,23.57142857,2749,2749,560,428,132,0,0,1,131,0,1,131,0,0,0,0,gRNA_CDK8_targ_827_1526
Reference,35.90718905,64.09281095,2749,2749,2629,944,1685,0,4,1,1680,4,1,1680,0,0,0,0,gRNA_CDK8_targ_827_1527
HDR,1.75438596,98.24561404,2749,2749,114,2,112,0,0,0,112,0,0,112,0,0,0,0,gRNA_CDK8_targ_827_1527
Reference,43.18389753,56.81610247,2749,2749,2186,944,1242,0,4,1,1237,4,1,1237,0,0,0,0,gRNA_CDK8_targ_827_1528
HDR,94.64285714,5.35714286,2749,2749,112,106,6,0,0,1,5,0,1,5,0,0,0,0,gRNA_CDK8_targ_827_1528
Reference,100.0,0.0,1306,1299,5,5,0,0,0,0,0,0,0,0,0,0,0,0,gRNA_CDK8_targ_828_1529
HDR,65.28417819,34.71582181,1306,1299,651,425,226,0,0,0,226,0,0,226,0,0,0,0,gRNA_CDK8_targ_828_1529
Reference,98.03921569,1.96078431,1804,1804,255,250,5,0,0,0,5,0,0,5,0,0,0,0,gRNA_CDK8_targ_829_1530
HDR,32.8320802,67.1679198,1804,1804,1197,393,804,0,278,1,804,0,0,525,0,278,1,0,gRNA_CDK8_targ_829_1530
Reference,27.99552072,72.00447928,1804,1804,893,250,643,0,0,0,643,0,0,643,0,0,0,0,gRNA_CDK8_targ_829_1531
HDR,0.0,100.0,1804,1804,910,0,910,0,278,1,910,0,0,631,0,278,1,0,gRNA_CDK8_targ_829_1531
Reference,50.50505051,49.49494949,1804,1804,495,250,245,0,0,0,245,0,0,245,0,0,0,0,gRNA_CDK8_targ_829_1532
HDR,55.54335895,44.45664105,1804,1804,911,506,405,0,278,1,139,265,1,126,0,13,0,0,gRNA_CDK8_targ_829_1532
Reference,100.0,0.0,211,211,1,1,0,0,0,0,0,0,0,0,0,0,0,0,gRNA_CDK8_targ_830_1533
HDR,97.6076555,2.3923445,211,211,209,204,5,0,0,1,4,0,1,4,0,0,0,0,gRNA_CDK8_targ_830_1533
Reference,100.0,0.0,391,391,72,72,0,0,0,0,0,0,0,0,0,0,0,0,gRNA_CDK8_targ_834_1534
HDR,96.07142857,3.92857143,391,391,280,269,11,0,0,0,11,0,0,11,0,0,0,0,gRNA_CDK8_targ_834_1534
Reference,89.65517241,10.34482759,291,291,203,182,21,0,0,0,21,0,0,21,0,0,0,0,gRNA_CDK8_targ_835_1535
HDR,100.0,0.0,291,291,24,24,0,0,0,0,0,0,0,0,0,0,0,0,gRNA_CDK8_targ_835_1535
Reference,41.60346696,58.39653304,929,929,923,384,539,0,0,0,539,0,0,539,0,0,0,0,gRNA_CDK8_targ_836_1536
HDR,,,929,929,0,0,0,0,0,0,0,0,0,0,0,0,0,0,gRNA_CDK8_targ_836_1536
Reference,88.47926267,11.52073733,929,929,434,384,50,0,0,0,50,0,0,50,0,0,0,0,gRNA_CDK8_targ_836_1537
HDR,59.70149254,40.29850746,929,929,469,280,189,0,0,0,189,0,0,189,0,0,0,0,gRNA_CDK8_targ_836_1537
Reference,55.25179856,44.74820144,929,929,695,384,311,0,0,0,311,0,0,311,0,0,0,0,gRNA_CDK8_targ_836_1538
HDR,19.39655172,80.60344828,929,929,232,45,187,0,0,0,187,0,0,187,0,0,0,0,gRNA_CDK8_targ_836_1538
Reference,83.47826087,16.52173913,929,929,460,384,76,0,0,0,76,0,0,76,0,0,0,0,gRNA_CDK8_targ_836_1539
HDR,0.0,100.0,929,929,6,0,6,0,0,0,6,0,0,6,0,0,0,0,gRNA_CDK8_targ_836_1539
Reference,55.09325681,44.90674319,929,929,697,384,313,0,0,0,313,0,0,313,0,0,0,0,gRNA_CDK8_targ_836_1540
HDR,0.0,100.0,929,929,5,0,5,0,0,0,5,0,0,5,0,0,0,0,gRNA_CDK8_targ_836_1540
Reference,92.53012048,7.46987952,929,929,415,384,31,0,0,0,31,0,0,31,0,0,0,0,gRNA_CDK8_targ_836_1541
HDR,95.74468085,4.25531915,929,929,188,180,8,0,0,0,8,0,0,8,0,0,0,0,gRNA_CDK8_targ_836_1541
Reference,51.89189189,48.10810811,929,929,740,384,356,0,0,0,356,0,0,356,0,0,0,0,gRNA_CDK8_targ_836_1542
HDR,0.0,100.0,929,929,187,0,187,0,0,0,187,0,0,187,0,0,0,0,gRNA_CDK8_targ_836_1542
Reference,97.59887006,2.40112994,711,711,708,691,17,0,0,0,17,0,0,17,0,0,0,0,gRNA_CDK8_targ_837_1543
HDR,100.0,0.0,711,711,1,1,0,0,0,0,0,0,0,0,0,0,0,0,gRNA_CDK8_targ_837_1543
Reference,31.55061019,68.44938981,2798,2798,2786,879,1907,0,1,0,1906,1,0,1906,0,0,0,0,gRNA_CDK8_targ_838_1544
HDR,,,2798,2798,0,0,0,0,0,0,0,0,0,0,0,0,0,0,gRNA_CDK8_targ_838_1544
Reference,97.78325123,2.21674877,1443,1443,812,794,18,0,0,0,18,0,0,18,0,0,0,0,gRNA_CDK8_targ_839_1545
HDR,98.72408293,1.27591707,1443,1443,627,619,8,0,0,0,8,0,0,8,0,0,0,0,gRNA_CDK8_targ_839_1545
Reference,84.61538462,15.38461538,267,267,182,154,28,0,0,0,28,0,0,28,0,0,0,0,gRNA_CDK8_targ_840_1546
HDR,0.0,100.0,267,267,82,0,82,0,0,0,82,0,0,82,0,0,0,0,gRNA_CDK8_targ_840_1546
Reference,95.08196721,4.91803279,467,467,61,58,3,0,0,0,3,0,0,3,0,0,0,0,gRNA_CDK8_targ_841_1547
HDR,94.46254072,5.53745928,467,467,307,290,17,0,0,0,17,0,0,17,0,0,0,0,gRNA_CDK8_targ_841_1547
Reference,12.47311828,87.52688172,467,467,465,58,407,0,0,0,407,0,0,407,0,0,0,0,gRNA_CDK8_targ_841_1548
HDR,,,467,467,0,0,0,0,0,0,0,0,0,0,0,0,0,0,gRNA_CDK8_targ_841_1548
Reference,36.47798742,63.52201258,467,467,159,58,101,0,0,0,101,0,0,101,0,0,0,0,gRNA_CDK8_targ_841_1549
HDR,0.0,100.0,467,467,1,0,1,0,0,0,1,0,0,1,0,0,0,0,gRNA_CDK8_targ_841_1549
Reference,97.68211921,2.31788079,973,973,302,295,7,0,0,0,7,0,0,7,0,0,0,0,gRNA_CDK8_targ_842_1550
HDR,98.52398524,1.47601476,973,973,542,534,8,0,1,0,7,1,0,7,0,0,0,0,gRNA_CDK8_targ_842_1550
Reference,95.45454545,4.54545455,247,247,66,63,3,0,0,0,3,0,0,3,0,0,0,0,gRNA_CDK8_targ_847_1551
HDR,86.11111111,13.88888889,247,247,180,155,25,0,0,0,25,0,0,25,0,0,0,0,gRNA_CDK8_targ_847_1551
Reference,0.0,100.0,1153,1153,1,0,1,0,0,0,1,0,0,1,0,0,0,0,gRNA_CDK8_targ_848_1552
HDR,0.18099548,99.81900452,1153,1153,1105,2,1103,0,0,320,788,0,315,783,0,0,5,0,gRNA_CDK8_targ_848_1552
Reference,0.0,100.0,1153,1153,348,0,348,0,0,320,348,0,0,28,0,0,320,0,gRNA_CDK8_targ_848_1553
HDR,0.0,100.0,1153,1153,577,0,577,0,0,0,577,0,0,577,0,0,0,0,gRNA_CDK8_targ_848_1553
Reference,,,1153,1153,0,0,0,0,0,0,0,0,0,0,0,0,0,0,gRNA_CDK8_targ_848_1554
HDR,75.0330251,24.9669749,1153,1153,757,568,189,0,0,0,189,0,0,189,0,0,0,0,gRNA_CDK8_targ_848_1554
Reference,50.0,50.0,1014,1014,2,1,1,0,1,0,0,1,0,0,0,0,0,0,gRNA_CDK8_targ_849_1555
HDR,69.60081883,30.39918117,1014,1014,977,680,297,0,0,0,297,0,0,297,0,0,0,0,gRNA_CDK8_targ_849_1555
Reference,0.14044944,99.85955056,1014,1014,712,1,711,0,1,0,710,1,0,710,0,0,0,0,gRNA_CDK8_targ_849_1556
HDR,0.0,100.0,1014,1014,151,0,151,0,0,0,151,0,0,151,0,0,0,0,gRNA_CDK8_targ_849_1556
Reference,4.76190476,95.23809524,1014,1014,21,1,20,0,1,0,19,1,0,19,0,0,0,0,gRNA_CDK8_targ_849_1557
HDR,42.38410596,57.61589404,1014,1014,302,128,174,0,0,0,174,0,0,174,0,0,0,0,gRNA_CDK8_targ_849_1557
Reference,97.2972973,2.7027027,278,278,37,36,1,0,0,0,1,0,0,1,0,0,0,0,gRNA_CDK8_targ_850_1558
HDR,47.5,52.5,278,278,200,95,105,0,0,14,91,0,14,91,0,0,0,0,gRNA_CDK8_targ_850_1558
Reference,20.80924855,79.19075145,278,278,173,36,137,0,0,0,137,0,0,137,0,0,0,0,gRNA_CDK8_targ_850_1559
HDR,0.0,100.0,278,278,72,0,72,0,0,0,72,0,0,72,0,0,0,0,gRNA_CDK8_targ_850_1559
Reference,46.75324675,53.24675325,278,278,77,36,41,0,0,0,41,0,0,41,0,0,0,0,gRNA_CDK8_targ_850_1560
HDR,77.52808989,22.47191011,278,278,89,69,20,0,0,0,20,0,0,20,0,0,0,0,gRNA_CDK8_targ_850_1560
Reference,50.0,50.0,2133,2133,202,101,101,0,0,1,100,0,1,100,0,0,0,0,gRNA_CDK8_targ_851_1561
HDR,37.1761658,62.8238342,2133,2133,1544,574,970,0,0,145,833,0,137,825,0,0,8,0,gRNA_CDK8_targ_851_1561
Reference,32.20757825,67.79242175,3924,3924,1214,391,823,0,0,0,823,0,0,823,0,0,0,0,gRNA_CDK8_targ_852_1562
HDR,1.10132159,98.89867841,3924,3924,2270,25,2245,0,0,4,2244,0,1,2241,0,0,3,0,gRNA_CDK8_targ_852_1562
Reference,91.56908665,8.43091335,3924,3924,427,391,36,0,0,1,36,0,0,35,0,0,1,0,gRNA_CDK8_targ_852_1563
HDR,14.89913545,85.10086455,3924,3924,3470,517,2953,0,0,3,2953,0,0,2950,0,0,3,0,gRNA_CDK8_targ_852_1563
Reference,10.02821236,89.97178764,3924,3924,3899,391,3508,0,0,9,3503,0,5,3499,0,0,4,0,gRNA_CDK8_targ_852_1564
HDR,9.09090909,90.90909091,3924,3924,11,1,10,0,0,0,10,0,0,10,0,0,0,0,gRNA_CDK8_targ_852_1564
Reference,95.599022,4.400978,3924,3924,409,391,18,0,0,0,18,0,0,18,0,0,0,0,gRNA_CDK8_targ_852_1565
HDR,81.05578435,18.94421565,3924,3924,2671,2165,506,0,0,3,503,0,3,503,0,0,0,0,gRNA_CDK8_targ_852_1565
Reference,23.78345499,76.21654501,3924,3924,1644,391,1253,0,0,5,1248,0,5,1248,0,0,0,0,gRNA_CDK8_targ_852_1566
HDR,0.0,100.0,3924,3924,13,0,13,0,0,0,13,0,0,13,0,0,0,0,gRNA_CDK8_targ_852_1566
Reference,87.47203579,12.52796421,3924,3924,447,391,56,0,0,6,51,0,5,50,0,0,1,0,gRNA_CDK8_targ_852_1567
HDR,9.09090909,90.90909091,3924,3924,22,2,20,0,0,0,20,0,0,20,0,0,0,0,gRNA_CDK8_targ_852_1567
Reference,31.38041734,68.61958266,3924,3924,1246,391,855,0,0,6,850,0,5,849,0,0,1,0,gRNA_CDK8_targ_852_1568
HDR,0.13398839,99.86601161,3924,3924,2239,3,2236,0,0,3,2236,0,0,2233,0,0,3,0,gRNA_CDK8_targ_852_1568
Reference,66.75094817,33.24905183,4486,4486,791,528,263,0,0,0,263,0,0,263,0,0,0,0,gRNA_CDK8_targ_854_1569
HDR,68.2567216,31.7432784,4486,4486,3459,2361,1098,0,0,2,1096,0,2,1096,0,0,0,0,gRNA_CDK8_targ_854_1569
Reference,67.44186047,32.55813953,1679,1679,43,29,14,0,11,1,3,11,0,2,0,0,1,0,gRNA_CDK8_targ_855_1570
HDR,0.07007708,99.92992292,1679,1679,1427,1,1426,0,3,1,1422,3,1,1422,0,0,0,0,gRNA_CDK8_targ_855_1570
Reference,80.0,20.0,1728,1728,15,12,3,0,1,0,2,1,0,2,0,0,0,0,gRNA_CDK8_targ_856_1571
HDR,95.79326923,4.20673077,1728,1728,1664,1594,70,0,0,0,70,0,0,70,0,0,0,0,gRNA_CDK8_targ_856_1571
Reference,61.73913043,38.26086957,2336,2081,345,213,132,0,10,2,131,0,1,120,0,10,1,0,gRNA_CDK8_targ_859_1572
HDR,0.0,100.0,2336,2081,1559,0,1559,0,0,1,1559,0,0,1558,0,0,1,0,gRNA_CDK8_targ_859_1572
Reference,91.81034483,8.18965517,2336,2081,232,213,19,0,0,2,18,0,1,17,0,0,1,0,gRNA_CDK8_targ_859_1573
HDR,6.16605617,93.83394383,2336,2081,1638,101,1537,0,0,1,1537,0,0,1536,0,0,1,0,gRNA_CDK8_targ_859_1573
Reference,87.65432099,12.34567901,2336,2081,243,213,30,0,10,3,28,0,2,17,0,10,1,0,gRNA_CDK8_targ_859_1574
HDR,71.05719237,28.94280763,2336,2081,1731,1230,501,0,0,1,500,0,1,500,0,0,0,0,gRNA_CDK8_targ_859_1574
Reference,67.74193548,32.25806452,721,721,31,21,10,0,0,9,1,0,9,1,0,0,0,0,gRNA_CDK8_targ_860_1575
HDR,22.75641026,77.24358974,721,721,312,71,241,0,0,0,241,0,0,241,0,0,0,0,gRNA_CDK8_targ_860_1575
Reference,4.72972973,95.27027027,721,721,444,21,423,0,0,9,414,0,9,414,0,0,0,0,gRNA_CDK8_targ_860_1576
HDR,0.3649635,99.6350365,721,721,274,1,273,0,0,1,272,0,1,272,0,0,0,0,gRNA_CDK8_targ_860_1576
Reference,5.66037736,94.33962264,721,721,371,21,350,0,0,9,341,0,9,341,0,0,0,0,gRNA_CDK8_targ_860_1577
HDR,75.09157509,24.90842491,721,721,273,205,68,0,0,1,68,0,0,67,0,0,1,0,gRNA_CDK8_targ_860_1577
Reference,47.14285714,52.85714286,988,988,980,462,518,0,0,1,517,0,1,517,0,0,0,0,gRNA_CDK8_targ_861_1578
HDR,0.0,100.0,988,988,3,0,3,0,0,0,3,0,0,3,0,0,0,0,gRNA_CDK8_targ_861_1578
Reference,96.45093946,3.54906054,988,988,479,462,17,0,0,1,16,0,1,16,0,0,0,0,gRNA_CDK8_targ_861_1579
HDR,0.0,100.0,988,988,383,0,383,0,0,0,383,0,0,383,0,0,0,0,gRNA_CDK8_targ_861_1579
Reference,76.36363636,23.63636364,988,988,605,462,143,0,0,1,142,0,1,142,0,0,0,0,gRNA_CDK8_targ_861_1580
HDR,0.0,100.0,988,988,184,0,184,0,0,0,184,0,0,184,0,0,0,0,gRNA_CDK8_targ_861_1580
Reference,76.49006623,23.50993377,988,988,604,462,142,0,0,1,141,0,1,141,0,0,0,0,gRNA_CDK8_targ_861_1581
HDR,0.0,100.0,988,988,5,0,5,0,0,0,5,0,0,5,0,0,0,0,gRNA_CDK8_targ_861_1581
Reference,57.53424658,42.46575342,988,988,803,462,341,0,0,1,340,0,1,340,0,0,0,0,gRNA_CDK8_targ_861_1582
HDR,0.0,100.0,988,988,4,0,4,0,0,0,4,0,0,4,0,0,0,0,gRNA_CDK8_targ_861_1582
Reference,76.36363636,23.63636364,988,988,605,462,143,0,0,1,142,0,1,142,0,0,0,0,gRNA_CDK8_targ_861_1583
HDR,46.47519582,53.52480418,988,988,383,178,205,0,0,0,205,0,0,205,0,0,0,0,gRNA_CDK8_targ_861_1583
Reference,76.36363636,23.63636364,988,988,605,462,143,0,0,1,142,0,1,142,0,0,0,0,gRNA_CDK8_targ_861_1584
HDR,1.62162162,98.37837838,988,988,185,3,182,0,0,0,182,0,0,182,0,0,0,0,gRNA_CDK8_targ_861_1584
Reference,1.01863354,98.98136646,4607,4442,4025,41,3984,0,221,9,3976,1,7,3754,0,220,2,0,gRNA_CDK8_targ_862_1585
HDR,0.0,100.0,4607,4442,379,0,379,0,0,0,379,0,0,379,0,0,0,0,gRNA_CDK8_targ_862_1585
Reference,7.45454545,92.54545455,4607,4442,550,41,509,0,223,7,501,1,7,279,0,222,0,0,gRNA_CDK8_targ_862_1586
HDR,39.15283343,60.84716657,4607,4442,3494,1368,2126,0,0,2,2126,0,0,2124,0,0,2,0,gRNA_CDK8_targ_862_1586
Reference,1.74171623,98.25828377,4607,4442,2354,41,2313,0,222,4,2308,1,4,2087,0,221,0,0,gRNA_CDK8_targ_862_1587
HDR,0.24096386,99.75903614,4607,4442,2075,5,2070,0,0,2,2070,0,0,2068,0,0,2,0,gRNA_CDK8_targ_862_1587
Reference,4.33862434,95.66137566,4607,4442,945,41,904,0,223,7,896,1,7,674,0,222,0,0,gRNA_CDK8_targ_862_1588
HDR,0.243309,99.756691,4607,4442,411,1,410,0,0,0,410,0,0,410,0,0,0,0,gRNA_CDK8_targ_862_1588
Reference,1.7328825,98.2671175,4607,4442,2366,41,2325,0,223,7,2317,1,7,2095,0,222,0,0,gRNA_CDK8_targ_862_1589
HDR,0.0,100.0,4607,4442,381,0,381,0,0,0,381,0,0,381,0,0,0,0,gRNA_CDK8_targ_862_1589
Reference,4.36634718,95.63365282,4607,4442,939,41,898,0,223,7,890,1,7,668,0,222,0,0,gRNA_CDK8_targ_862_1590
HDR,79.5761079,20.4238921,4607,4442,2076,1652,424,0,0,2,422,0,2,422,0,0,0,0,gRNA_CDK8_targ_862_1590
Reference,1.75513699,98.24486301,4607,4442,2336,41,2295,0,223,7,2287,1,7,2065,0,222,0,0,gRNA_CDK8_targ_862_1591
HDR,17.7294686,82.2705314,4607,4442,2070,367,1703,0,0,2,1703,0,0,1701,0,0,2,0,gRNA_CDK8_targ_862_1591
Reference,7.69230769,92.30769231,2025,2025,130,10,120,0,0,0,120,0,0,120,0,0,0,0,gRNA_CDK8_targ_863_1592
HDR,0.0,100.0,2025,2025,1745,0,1745,0,0,2,1744,0,1,1743,0,0,1,0,gRNA_CDK8_targ_863_1592
Reference,100.0,0.0,2025,2025,10,10,0,0,0,0,0,0,0,0,0,0,0,0,gRNA_CDK8_targ_863_1593
HDR,7.62711864,92.37288136,2025,2025,1534,117,1417,0,0,2,1416,0,1,1415,0,0,1,0,gRNA_CDK8_targ_863_1593
Reference,100.0,0.0,2025,2025,10,10,0,0,0,0,0,0,0,0,0,0,0,0,gRNA_CDK8_targ_863_1594
HDR,67.6975945,32.3024055,2025,2025,1746,1182,564,0,0,2,562,0,2,562,0,0,0,0,gRNA_CDK8_targ_863_1594
Reference,78.18696884,21.81303116,1438,1438,706,552,154,0,7,1,147,7,0,146,0,0,1,0,gRNA_CDK8_targ_864_1595
HDR,25.75757576,74.24242424,1438,1438,726,187,539,0,0,0,539,0,0,539,0,0,0,0,gRNA_CDK8_targ_864_1595
Reference,100.0,0.0,1715,1715,3,3,0,0,0,0,0,0,0,0,0,0,0,0,gRNA_CDK8_targ_866_1596
HDR,97.38251041,2.61748959,1715,1715,1681,1637,44,0,0,0,44,0,0,44,0,0,0,0,gRNA_CDK8_targ_866_1596
Reference,97.59639459,2.40360541,2294,2294,1997,1949,48,0,0,1,47,0,1,47,0,0,0,0,gRNA_CDK8_targ_867_1597
HDR,95.23809524,4.76190476,2294,2294,294,280,14,0,0,0,14,0,0,14,0,0,0,0,gRNA_CDK8_targ_867_1597
Reference,100.0,0.0,46,46,46,46,0,0,0,0,0,0,0,0,0,0,0,0,gRNA_CDK8_targ_868_1598
HDR,,,46,46,0,0,0,0,0,0,0,0,0,0,0,0,0,0,gRNA_CDK8_targ_868_1598
Reference,56.46766169,43.53233831,426,426,402,227,175,0,0,163,17,0,158,12,0,0,5,0,gRNA_CDK8_targ_869_1599
HDR,90.90909091,9.09090909,426,426,22,20,2,0,0,0,2,0,0,2,0,0,0,0,gRNA_CDK8_targ_869_1599
Reference,96.9348659,3.0651341,1087,1087,522,506,16,0,0,0,16,0,0,16,0,0,0,0,gRNA_CDK8_targ_870_1600
HDR,96.6507177,3.3492823,1087,1087,418,404,14,0,0,1,13,0,1,13,0,0,0,0,gRNA_CDK8_targ_870_1600
Reference,91.00367197,8.99632803,2052,2052,1634,1487,147,0,35,2,145,0,2,110,0,35,0,0,gRNA_CDK8_targ_874_1601
HDR,95.9375,4.0625,2052,2052,320,307,13,0,0,1,12,0,1,12,0,0,0,0,gRNA_CDK8_targ_874_1601
Reference,83.36052202,16.63947798,2517,2517,1226,1022,204,0,169,3,34,167,3,32,0,2,0,0,gRNA_CDK8_targ_875_1602
HDR,66.94045175,33.05954825,2517,2517,974,652,322,0,0,9,313,0,9,313,0,0,0,0,gRNA_CDK8_targ_875_1602
Reference,96.96969697,3.03030303,194,194,66,64,2,0,0,1,1,0,1,1,0,0,0,0,gRNA_CDK8_targ_876_1603
HDR,99.21875,0.78125,194,194,128,127,1,0,0,0,1,0,0,1,0,0,0,0,gRNA_CDK8_targ_876_1603
Reference,96.0,4.0,1714,1714,75,72,3,0,0,0,3,0,0,3,0,0,0,0,gRNA_CDK8_targ_877_1604
HDR,56.97012802,43.02987198,1714,1714,1406,801,605,0,1,0,604,1,0,604,0,0,0,0,gRNA_CDK8_targ_877_1604
Reference,6.32688928,93.67311072,1714,1714,1138,72,1066,0,0,0,1066,0,0,1066,0,0,0,0,gRNA_CDK8_targ_877_1605
HDR,0.0,100.0,1714,1714,574,0,574,0,1,0,573,1,0,573,0,0,0,0,gRNA_CDK8_targ_877_1605
Reference,23.52941176,76.47058824,1714,1714,306,72,234,0,0,0,234,0,0,234,0,0,0,0,gRNA_CDK8_targ_877_1606
HDR,78.53403141,21.46596859,1714,1714,573,450,123,0,0,0,123,0,0,123,0,0,0,0,gRNA_CDK8_targ_877_1606
Reference,50.0,50.0,829,826,2,1,1,0,0,0,1,0,0,1,0,0,0,0,gRNA_CDK8_targ_884_1607
HDR,55.7038835,44.2961165,829,826,824,459,365,0,27,1,338,27,0,337,0,0,1,0,gRNA_CDK8_targ_884_1607
Reference,53.17725753,46.82274247,2555,2483,299,159,140,0,129,8,23,117,0,3,0,12,8,0,gRNA_CDK8_targ_885_1608
HDR,31.37632339,68.62367661,2555,2483,2078,652,1426,0,1,265,1174,1,251,1160,0,0,14,0,gRNA_CDK8_targ_885_1608
Reference,96.22641509,3.77358491,1622,1616,106,102,4,0,1,0,3,1,0,3,0,0,0,0,gRNA_CDK8_targ_886_1609
HDR,7.49432248,92.50567752,1622,1616,1321,99,1222,0,0,1,1222,0,0,1221,0,0,1,0,gRNA_CDK8_targ_886_1609
Reference,24.87804878,75.12195122,1622,1616,410,102,308,0,1,0,307,1,0,307,0,0,0,0,gRNA_CDK8_targ_886_1610
HDR,0.0,100.0,1622,1616,1163,0,1163,0,0,1,1163,0,0,1162,0,0,1,0,gRNA_CDK8_targ_886_1610
Reference,34.57627119,65.42372881,1622,1616,295,102,193,0,1,43,149,1,43,149,0,0,0,0,gRNA_CDK8_targ_886_1611
HDR,40.49871023,59.50128977,1622,1616,1163,471,692,0,0,1,691,0,1,691,0,0,0,0,gRNA_CDK8_targ_886_1611
Reference,50.0,50.0,499,466,2,1,1,0,1,0,0,1,0,0,0,0,0,0,gRNA_CDK8_targ_887_1612
HDR,0.27322404,99.72677596,499,466,366,1,365,0,0,0,365,0,0,365,0,0,0,0,gRNA_CDK8_targ_887_1612
Reference,85.40540541,14.59459459,600,600,185,158,27,0,0,0,27,0,0,27,0,0,0,0,gRNA_CDK8_targ_888_1613
HDR,0.48543689,99.51456311,600,600,412,2,410,0,0,2,410,0,0,408,0,0,2,0,gRNA_CDK8_targ_888_1613
Reference,96.68449198,3.31550802,959,959,935,904,31,0,0,0,31,0,0,31,0,0,0,0,gRNA_CDK8_targ_891_1614
HDR,94.73684211,5.26315789,959,959,19,18,1,0,0,0,1,0,0,1,0,0,0,0,gRNA_CDK8_targ_891_1614
Reference,57.77202073,42.22797927,1011,1011,772,446,326,0,0,0,326,0,0,326,0,0,0,0,gRNA_CDK8_targ_892_1615
HDR,10.59322034,89.40677966,1011,1011,236,25,211,0,0,0,211,0,0,211,0,0,0,0,gRNA_CDK8_targ_892_1615
Reference,82.85714286,17.14285714,377,377,210,174,36,0,0,0,36,0,0,36,0,0,0,0,gRNA_CDK8_targ_894_1616
HDR,98.03921569,1.96078431,377,377,153,150,3,0,0,0,3,0,0,3,0,0,0,0,gRNA_CDK8_targ_894_1616
Reference,,,327,326,0,0,0,0,0,0,0,0,0,0,0,0,0,0,gRNA_CDK8_targ_895_1617
HDR,0.0,100.0,327,326,325,0,325,0,0,152,177,0,148,173,0,0,4,0,gRNA_CDK8_targ_895_1617
Reference,,,327,326,0,0,0,0,0,0,0,0,0,0,0,0,0,0,gRNA_CDK8_targ_895_1618
HDR,0.0,100.0,327,326,326,0,326,0,0,152,178,0,148,174,0,0,4,0,gRNA_CDK8_targ_895_1618
Reference,0.0,100.0,327,326,87,0,87,0,0,0,87,0,0,87,0,0,0,0,gRNA_CDK8_targ_895_1619
HDR,0.0,100.0,327,326,86,0,86,0,0,0,86,0,0,86,0,0,0,0,gRNA_CDK8_targ_895_1619
Reference,,,327,326,0,0,0,0,0,0,0,0,0,0,0,0,0,0,gRNA_CDK8_targ_895_1620
HDR,0.30674847,99.69325153,327,326,326,1,325,0,0,152,177,0,148,173,0,0,4,0,gRNA_CDK8_targ_895_1620
Reference,0.0,100.0,327,326,1,0,1,0,0,0,1,0,0,1,0,0,0,0,gRNA_CDK8_targ_895_1621
HDR,0.0,100.0,327,326,239,0,239,0,0,152,91,0,148,87,0,0,4,0,gRNA_CDK8_targ_895_1621
Reference,,,327,326,0,0,0,0,0,0,0,0,0,0,0,0,0,0,gRNA_CDK8_targ_895_1622
HDR,0.0,100.0,327,326,89,0,89,0,0,2,89,0,0,87,0,0,2,0,gRNA_CDK8_targ_895_1622
Reference,,,327,326,0,0,0,0,0,0,0,0,0,0,0,0,0,0,gRNA_CDK8_targ_895_1623
HDR,45.71428571,54.28571429,327,326,175,80,95,0,0,2,95,0,0,93,0,0,2,0,gRNA_CDK8_targ_895_1623
Reference,,,252,252,0,0,0,0,0,0,0,0,0,0,0,0,0,0,gRNA_CDK8_targ_896_1624
HDR,0.0,100.0,252,252,250,0,250,0,0,6,250,0,0,244,0,0,6,0,gRNA_CDK8_targ_896_1624
Reference,,,252,252,0,0,0,0,0,0,0,0,0,0,0,0,0,0,gRNA_CDK8_targ_896_1625
HDR,0.0,100.0,252,252,186,0,186,0,0,6,186,0,0,180,0,0,6,0,gRNA_CDK8_targ_896_1625
Reference,,,252,252,0,0,0,0,0,0,0,0,0,0,0,0,0,0,gRNA_CDK8_targ_896_1626
HDR,0.0,100.0,252,252,250,0,250,0,0,6,250,0,0,244,0,0,6,0,gRNA_CDK8_targ_896_1626
Reference,97.89227166,2.10772834,859,859,427,418,9,0,3,1,7,1,1,5,0,2,0,0,gRNA_CDK8_targ_899_1627
HDR,98.01587302,1.98412698,859,859,252,247,5,0,1,1,3,1,1,3,0,0,0,0,gRNA_CDK8_targ_899_1627
Reference,48.7747958,51.2252042,859,859,857,418,439,0,4,2,437,1,1,433,0,3,1,0,gRNA_CDK8_targ_899_1628
HDR,0.0,100.0,859,859,1,0,1,0,0,0,1,0,0,1,0,0,0,0,gRNA_CDK8_targ_899_1628
Reference,68.97689769,31.02310231,859,859,606,418,188,0,4,1,185,2,1,183,0,2,0,0,gRNA_CDK8_targ_899_1629
HDR,0.0,100.0,859,859,1,0,1,0,0,0,1,0,0,1,0,0,0,0,gRNA_CDK8_targ_899_1629
Reference,97.64243615,2.35756385,511,511,509,497,12,0,0,0,12,0,0,12,0,0,0,0,gRNA_CDK8_targ_900_1630
HDR,100.0,0.0,511,511,1,1,0,0,0,0,0,0,0,0,0,0,0,0,gRNA_CDK8_targ_900_1630
Reference,94.80874317,5.19125683,461,461,366,347,19,0,0,0,19,0,0,19,0,0,0,0,gRNA_CDK8_targ_901_1631
HDR,98.92473118,1.07526882,461,461,93,92,1,0,0,1,0,0,1,0,0,0,0,0,gRNA_CDK8_targ_901_1631
Reference,42.49201278,57.50798722,696,696,313,133,180,0,1,0,179,1,0,179,0,0,0,0,gRNA_CDK8_targ_903_1632
HDR,91.86351706,8.13648294,696,696,381,350,31,0,0,0,31,0,0,31,0,0,0,0,gRNA_CDK8_targ_903_1632
Reference,94.44444444,5.55555556,540,540,18,17,1,0,0,0,1,0,0,1,0,0,0,0,gRNA_CDK8_targ_904_1633
HDR,40.14778325,59.85221675,540,540,406,163,243,0,0,0,243,0,0,243,0,0,0,0,gRNA_CDK8_targ_904_1633
Reference,5.72390572,94.27609428,540,540,297,17,280,0,0,1,280,0,0,279,0,0,1,0,gRNA_CDK8_targ_904_1634
HDR,0.0,100.0,540,540,240,0,240,0,0,0,240,0,0,240,0,0,0,0,gRNA_CDK8_targ_904_1634
Reference,12.78195489,87.21804511,540,540,133,17,116,0,0,1,116,0,0,115,0,0,1,0,gRNA_CDK8_targ_904_1635
HDR,96.28099174,3.71900826,540,540,242,233,9,0,0,0,9,0,0,9,0,0,0,0,gRNA_CDK8_targ_904_1635
Reference,44.3989071,55.6010929,1875,1875,732,325,407,0,0,1,407,0,0,406,0,0,1,0,gRNA_CDK8_targ_906_1636
HDR,73.50253807,26.49746193,1875,1875,985,724,261,0,0,0,261,0,0,261,0,0,0,0,gRNA_CDK8_targ_906_1636
Reference,93.06930693,6.93069307,641,641,303,282,21,0,0,0,21,0,0,21,0,0,0,0,gRNA_CDK8_targ_907_1637
HDR,95.50898204,4.49101796,641,641,334,319,15,0,0,0,15,0,0,15,0,0,0,0,gRNA_CDK8_targ_907_1637
Reference,89.8989899,10.1010101,1191,1191,1188,1068,120,0,0,1,119,0,1,119,0,0,0,0,gRNA_CDK8_targ_908_1638
HDR,,,1191,1191,0,0,0,0,0,0,0,0,0,0,0,0,0,0,gRNA_CDK8_targ_908_1638
Reference,,,200,200,0,0,0,0,0,0,0,0,0,0,0,0,0,0,gRNA_CDK8_targ_909_1639
HDR,0.5,99.5,200,200,200,1,199,0,1,0,199,0,0,198,0,1,0,0,gRNA_CDK8_targ_909_1639
Reference,0.0,100.0,200,200,1,0,1,0,0,0,1,0,0,1,0,0,0,0,gRNA_CDK8_targ_909_1640
HDR,0.0,100.0,200,200,199,0,199,0,1,0,199,0,0,198,0,1,0,0,gRNA_CDK8_targ_909_1640
Reference,,,200,200,0,0,0,0,0,0,0,0,0,0,0,0,0,0,gRNA_CDK8_targ_909_1641
HDR,98.99497487,1.00502513,200,200,199,197,2,0,1,0,1,1,0,1,0,0,0,0,gRNA_CDK8_targ_909_1641
Reference,97.89915966,2.10084034,242,242,238,233,5,0,0,1,4,0,1,4,0,0,0,0,gRNA_CDK8_targ_910_1642
HDR,100.0,0.0,242,242,2,2,0,0,0,0,0,0,0,0,0,0,0,0,gRNA_CDK8_targ_910_1642
Reference,96.68049793,3.31950207,242,242,241,233,8,0,0,1,7,0,1,7,0,0,0,0,gRNA_CDK8_targ_910_1643
HDR,100.0,0.0,242,242,1,1,0,0,0,0,0,0,0,0,0,0,0,0,gRNA_CDK8_targ_910_1643
Reference,97.48953975,2.51046025,242,242,239,233,6,0,0,1,5,0,1,5,0,0,0,0,gRNA_CDK8_targ_910_1644
HDR,,,242,242,0,0,0,0,0,0,0,0,0,0,0,0,0,0,gRNA_CDK8_targ_910_1644
Reference,100.0,0.0,137,137,4,4,0,0,0,0,0,0,0,0,0,0,0,0,gRNA_CDK8_targ_912_1645
HDR,94.73684211,5.26315789,137,137,133,126,7,0,0,1,6,0,1,6,0,0,0,0,gRNA_CDK8_targ_912_1645
Reference,96.9588551,3.0411449,1825,1825,559,542,17,0,0,0,17,0,0,17,0,0,0,0,gRNA_CDK8_targ_915_1646
HDR,96.90721649,3.09278351,1825,1825,1261,1222,39,0,0,0,39,0,0,39,0,0,0,0,gRNA_CDK8_targ_915_1646
Reference,78.40531561,21.59468439,2854,2854,301,236,65,0,0,59,6,0,59,6,0,0,0,0,gRNA_CDK8_targ_917_1647
HDR,0.35419126,99.64580874,2854,2854,2541,9,2532,0,0,0,2532,0,0,2532,0,0,0,0,gRNA_CDK8_targ_917_1647
Reference,92.54901961,7.45098039,2854,2854,255,236,19,0,0,0,19,0,0,19,0,0,0,0,gRNA_CDK8_targ_917_1648
HDR,0.04226543,99.95773457,2854,2854,2366,1,2365,0,0,0,2365,0,0,2365,0,0,0,0,gRNA_CDK8_targ_917_1648
Reference,77.63157895,22.36842105,2854,2854,304,236,68,0,0,59,9,0,59,9,0,0,0,0,gRNA_CDK8_targ_917_1649
HDR,90.73343849,9.26656151,2854,2854,2536,2301,235,0,0,0,235,0,0,235,0,0,0,0,gRNA_CDK8_targ_917_1649
Reference,0.81967213,99.18032787,297,293,122,1,121,0,0,0,121,0,0,121,0,0,0,0,gRNA_CDK8_targ_920_1650
HDR,0.0,100.0,297,293,168,0,168,0,0,0,168,0,0,168,0,0,0,0,gRNA_CDK8_targ_920_1650
Reference,3.44827586,96.55172414,297,293,29,1,28,0,0,0,28,0,0,28,0,0,0,0,gRNA_CDK8_targ_920_1651
HDR,30.67729084,69.32270916,297,293,251,77,174,0,0,0,174,0,0,174,0,0,0,0,gRNA_CDK8_targ_920_1651
Reference,2.43902439,97.56097561,297,293,41,1,40,0,0,0,40,0,0,40,0,0,0,0,gRNA_CDK8_targ_920_1652
HDR,30.58823529,69.41176471,297,293,170,52,118,0,0,0,118,0,0,118,0,0,0,0,gRNA_CDK8_targ_920_1652
Reference,5.94059406,94.05940594,1706,1543,101,6,95,0,0,2,93,0,2,93,0,0,0,0,gRNA_CDK8_targ_921_1653
HDR,44.79166667,55.20833333,1706,1543,1440,645,795,0,0,4,792,0,3,791,0,0,1,0,gRNA_CDK8_targ_921_1653
Reference,0.89153046,99.10846954,1706,1543,673,6,667,0,0,6,665,0,2,661,0,0,4,0,gRNA_CDK8_targ_921_1654
HDR,10.10452962,89.89547038,1706,1543,861,87,774,0,0,0,774,0,0,774,0,0,0,0,gRNA_CDK8_targ_921_1654
Reference,66.66666667,33.33333333,1706,1543,9,6,3,0,0,2,1,0,2,1,0,0,0,0,gRNA_CDK8_targ_921_1655
HDR,76.93298969,23.06701031,1706,1543,776,597,179,0,0,0,179,0,0,179,0,0,0,0,gRNA_CDK8_targ_921_1655
Reference,89.33333333,10.66666667,725,725,150,134,16,0,0,4,12,0,4,12,0,0,0,0,gRNA_CDK8_targ_925_1656
HDR,1.65745856,98.34254144,725,725,181,3,178,0,0,0,178,0,0,178,0,0,0,0,gRNA_CDK8_targ_925_1656
Reference,25.47528517,74.52471483,725,725,526,134,392,0,29,4,359,29,4,359,0,0,0,0,gRNA_CDK8_targ_925_1657
HDR,2.55102041,97.44897959,725,725,196,5,191,0,0,0,191,0,0,191,0,0,0,0,gRNA_CDK8_targ_925_1657
Reference,25.52380952,74.47619048,725,725,525,134,391,0,29,4,358,29,4,358,0,0,0,0,gRNA_CDK8_targ_925_1658
HDR,87.95811518,12.04188482,725,725,191,168,23,0,0,0,23,0,0,23,0,0,0,0,gRNA_CDK8_targ_925_1658
Reference,56.92307692,43.07692308,1803,1802,65,37,28,0,1,2,25,1,2,25,0,0,0,0,gRNA_CDK8_targ_926_1659
HDR,63.61014994,36.38985006,1803,1802,1734,1103,631,0,0,1,630,0,1,630,0,0,0,0,gRNA_CDK8_targ_926_1659
Reference,17.54385965,82.45614035,543,543,171,30,141,0,137,0,4,137,0,4,0,0,0,0,gRNA_CDK8_targ_927_1660
HDR,0.0,100.0,543,543,370,0,370,0,0,1,370,0,0,369,0,0,1,0,gRNA_CDK8_targ_927_1660
Reference,17.54385965,82.45614035,543,543,171,30,141,0,139,0,4,137,0,2,0,2,0,0,gRNA_CDK8_targ_927_1661
HDR,0.41152263,99.58847737,543,543,243,1,242,0,0,0,242,0,0,242,0,0,0,0,gRNA_CDK8_targ_927_1661
Reference,17.54385965,82.45614035,543,543,171,30,141,0,139,0,4,137,0,2,0,2,0,0,gRNA_CDK8_targ_927_1662
HDR,8.64864865,91.35135135,543,543,370,32,338,0,0,1,338,0,0,337,0,0,1,0,gRNA_CDK8_targ_927_1662
Reference,1.26582278,98.73417722,993,993,79,1,78,0,78,0,4,74,0,0,0,4,0,0,gRNA_CDK8_targ_928_1663
HDR,0.0,100.0,993,993,814,0,814,0,52,2,812,0,2,760,0,52,0,0,gRNA_CDK8_targ_928_1663
Reference,1.26582278,98.73417722,993,993,79,1,78,0,78,0,4,74,0,0,0,4,0,0,gRNA_CDK8_targ_928_1664
HDR,0.0,100.0,993,993,907,0,907,0,52,2,905,0,2,853,0,52,0,0,gRNA_CDK8_targ_928_1664
Reference,1.25,98.75,993,993,80,1,79,0,79,0,5,74,0,0,0,5,0,0,gRNA_CDK8_targ_928_1665
HDR,54.98357065,45.01642935,993,993,913,502,411,0,52,2,358,51,2,357,0,1,0,0,gRNA_CDK8_targ_928_1665
Reference,96.20253165,3.79746835,1345,1345,79,76,3,0,0,1,2,0,1,2,0,0,0,0,gRNA_CDK8_targ_931_1666
HDR,85.38522637,14.61477363,1345,1345,1259,1075,184,0,0,0,184,0,0,184,0,0,0,0,gRNA_CDK8_targ_931_1666
Reference,97.5,2.5,1915,1915,360,351,9,0,0,0,9,0,0,9,0,0,0,0,gRNA_CDK8_targ_932_1667
HDR,28.82205514,71.17794486,1915,1915,1197,345,852,0,88,1,851,0,1,763,0,88,0,0,gRNA_CDK8_targ_932_1667
Reference,92.98245614,7.01754386,471,471,57,53,4,0,0,0,4,0,0,4,0,0,0,0,gRNA_CDK8_targ_933_1668
HDR,11.91709845,88.08290155,471,471,193,23,170,0,0,0,170,0,0,170,0,0,0,0,gRNA_CDK8_targ_933_1668
Reference,33.33333333,66.66666667,1615,1615,3,1,2,0,0,0,2,0,0,2,0,0,0,0,gRNA_CDK8_targ_934_1669
HDR,10.84128361,89.15871639,1615,1615,1153,125,1028,0,1,0,1028,0,0,1027,0,1,0,0,gRNA_CDK8_targ_934_1669
Reference,6.99904123,93.00095877,2094,2094,2086,146,1940,0,0,0,1940,0,0,1940,0,0,0,0,gRNA_CDK8_targ_937_1670
HDR,0.0,100.0,2094,2094,1,0,1,0,0,0,1,0,0,1,0,0,0,0,gRNA_CDK8_targ_937_1670
Reference,96.68874172,3.31125828,2094,2094,151,146,5,0,0,0,5,0,0,5,0,0,0,0,gRNA_CDK8_targ_937_1671
HDR,97.41496599,2.58503401,2094,2094,1470,1432,38,0,0,0,38,0,0,38,0,0,0,0,gRNA_CDK8_targ_937_1671
Reference,23.47266881,76.52733119,2094,2094,622,146,476,0,0,0,476,0,0,476,0,0,0,0,gRNA_CDK8_targ_937_1672
HDR,25.0,75.0,2094,2094,4,1,3,0,0,0,3,0,0,3,0,0,0,0,gRNA_CDK8_targ_937_1672
Reference,29.49152542,70.50847458,830,830,590,174,416,0,0,0,416,0,0,416,0,0,0,0,gRNA_CDK8_targ_938_1673
HDR,0.0,100.0,830,830,211,0,211,0,0,0,211,0,0,211,0,0,0,0,gRNA_CDK8_targ_938_1673
Reference,94.56521739,5.43478261,830,830,184,174,10,0,0,0,10,0,0,10,0,0,0,0,gRNA_CDK8_targ_938_1674
HDR,8.88030888,91.11969112,830,830,259,23,236,0,0,0,236,0,0,236,0,0,0,0,gRNA_CDK8_targ_938_1674
Reference,30.68783069,69.31216931,830,830,567,174,393,0,0,0,393,0,0,393,0,0,0,0,gRNA_CDK8_targ_938_1675
HDR,88.55932203,11.44067797,830,830,236,209,27,0,0,0,27,0,0,27,0,0,0,0,gRNA_CDK8_targ_938_1675
Reference,98.37837838,1.62162162,1517,1517,185,182,3,0,0,0,3,0,0,3,0,0,0,0,gRNA_CDK8_targ_939_1676
HDR,0.63091483,99.36908517,1517,1517,1268,8,1260,0,0,4,1260,0,0,1256,0,0,4,0,gRNA_CDK8_targ_939_1676
Reference,94.79166667,5.20833333,1517,1517,192,182,10,0,0,0,10,0,0,10,0,0,0,0,gRNA_CDK8_targ_939_1677
HDR,0.07668712,99.92331288,1517,1517,1304,1,1303,0,0,4,1303,0,0,1299,0,0,4,0,gRNA_CDK8_targ_939_1677
Reference,98.91304348,1.08695652,1517,1517,184,182,2,0,0,0,2,0,0,2,0,0,0,0,gRNA_CDK8_targ_939_1678
HDR,93.63008442,6.36991558,1517,1517,1303,1220,83,0,0,4,83,0,0,79,0,0,4,0,gRNA_CDK8_targ_939_1678
Reference,39.50310559,60.49689441,805,805,805,318,487,0,0,2,485,0,2,485,0,0,0,0,gRNA_CDK8_targ_940_1679
HDR,,,805,805,0,0,0,0,0,0,0,0,0,0,0,0,0,0,gRNA_CDK8_targ_940_1679
Reference,82.17054264,17.82945736,805,805,387,318,69,0,0,2,67,0,2,67,0,0,0,0,gRNA_CDK8_targ_940_1680
HDR,90.83969466,9.16030534,805,805,393,357,36,0,0,0,36,0,0,36,0,0,0,0,gRNA_CDK8_targ_940_1680
Reference,77.18446602,22.81553398,805,805,412,318,94,0,0,2,92,0,2,92,0,0,0,0,gRNA_CDK8_targ_940_1681
HDR,,,805,805,0,0,0,0,0,0,0,0,0,0,0,0,0,0,gRNA_CDK8_targ_940_1681
Reference,96.72131148,3.27868852,553,553,549,531,18,0,0,1,17,0,1,17,0,0,0,0,gRNA_CDK8_targ_941_1682
HDR,100.0,0.0,553,553,4,4,0,0,0,0,0,0,0,0,0,0,0,0,gRNA_CDK8_targ_941_1682
Reference,16.21794872,83.78205128,1611,1610,1560,253,1307,0,71,0,1242,65,0,1236,0,6,0,0,gRNA_CDK8_targ_942_1683
HDR,100.0,0.0,1611,1610,44,44,0,0,0,0,0,0,0,0,0,0,0,0,gRNA_CDK8_targ_942_1683
Reference,19.71940764,80.28059236,1611,1610,1283,253,1030,0,70,0,965,65,0,960,0,5,0,0,gRNA_CDK8_targ_942_1684
HDR,62.96296296,37.03703704,1611,1610,324,204,120,0,1,0,119,1,0,119,0,0,0,0,gRNA_CDK8_targ_942_1684
Reference,20.37037037,79.62962963,1611,1610,1242,253,989,0,71,0,924,65,0,918,0,6,0,0,gRNA_CDK8_targ_942_1685
HDR,,,1611,1610,0,0,0,0,0,0,0,0,0,0,0,0,0,0,gRNA_CDK8_targ_942_1685
Reference,52.99100053,47.00899947,1893,1893,1889,1001,888,0,0,1,887,0,1,887,0,0,0,0,gRNA_CDK8_targ_943_1686
HDR,,,1893,1893,0,0,0,0,0,0,0,0,0,0,0,0,0,0,gRNA_CDK8_targ_943_1686
Reference,95.58303887,4.41696113,577,577,566,541,25,0,18,0,7,18,0,7,0,0,0,0,gRNA_CDK8_targ_947_1687
HDR,100.0,0.0,577,577,9,9,0,0,0,0,0,0,0,0,0,0,0,0,gRNA_CDK8_targ_947_1687
Reference,97.67103348,2.32896652,1378,1378,1374,1342,32,0,0,0,32,0,0,32,0,0,0,0,gRNA_CDK8_targ_948_1688
HDR,100.0,0.0,1378,1378,2,2,0,0,0,0,0,0,0,0,0,0,0,0,gRNA_CDK8_targ_948_1688
Reference,71.13899614,28.86100386,1042,1042,1036,737,299,0,0,0,299,0,0,299,0,0,0,0,gRNA_CDK8_targ_952_1689
HDR,0.0,100.0,1042,1042,1,0,1,0,0,0,1,0,0,1,0,0,0,0,gRNA_CDK8_targ_952_1689
Reference,97.875166,2.124834,1042,1042,753,737,16,0,0,0,16,0,0,16,0,0,0,0,gRNA_CDK8_targ_952_1690
HDR,97.33333333,2.66666667,1042,1042,225,219,6,0,0,0,6,0,0,6,0,0,0,0,gRNA_CDK8_targ_952_1690
Reference,70.86538462,29.13461538,1042,1042,1040,737,303,0,0,0,303,0,0,303,0,0,0,0,gRNA_CDK8_targ_952_1691
HDR,0.0,100.0,1042,1042,1,0,1,0,0,0,1,0,0,1,0,0,0,0,gRNA_CDK8_targ_952_1691
Reference,90.42944785,9.57055215,1042,1042,815,737,78,0,0,0,78,0,0,78,0,0,0,0,gRNA_CDK8_targ_952_1692
HDR,0.0,100.0,1042,1042,2,0,2,0,0,0,2,0,0,2,0,0,0,0,gRNA_CDK8_targ_952_1692
Reference,70.79731028,29.20268972,1042,1042,1041,737,304,0,0,0,304,0,0,304,0,0,0,0,gRNA_CDK8_targ_952_1693
HDR,0.0,100.0,1042,1042,1,0,1,0,0,0,1,0,0,1,0,0,0,0,gRNA_CDK8_targ_952_1693
Reference,90.20807834,9.79192166,1042,1042,817,737,80,0,0,0,80,0,0,80,0,0,0,0,gRNA_CDK8_targ_952_1694
HDR,0.0,100.0,1042,1042,1,0,1,0,0,0,1,0,0,1,0,0,0,0,gRNA_CDK8_targ_952_1694
Reference,70.86538462,29.13461538,1042,1042,1040,737,303,0,0,0,303,0,0,303,0,0,0,0,gRNA_CDK8_targ_952_1695
HDR,100.0,0.0,1042,1042,1,1,0,0,0,0,0,0,0,0,0,0,0,0,gRNA_CDK8_targ_952_1695
Reference,2.5862069,97.4137931,1228,1228,116,3,113,0,0,0,113,0,0,113,0,0,0,0,gRNA_CDK8_targ_953_1696
HDR,0.090009,99.909991,1228,1228,1111,1,1110,0,0,1,1109,0,1,1109,0,0,0,0,gRNA_CDK8_targ_953_1696
Reference,75.0,25.0,1228,1228,4,3,1,0,0,0,1,0,0,1,0,0,0,0,gRNA_CDK8_targ_953_1697
HDR,8.66721177,91.33278823,1228,1228,1223,106,1117,0,0,0,1117,0,0,1117,0,0,0,0,gRNA_CDK8_targ_953_1697
Reference,100.0,0.0,1228,1228,3,3,0,0,0,0,0,0,0,0,0,0,0,0,gRNA_CDK8_targ_953_1698
HDR,96.48964896,3.51035104,1228,1228,1111,1072,39,0,0,1,38,0,1,38,0,0,0,0,gRNA_CDK8_targ_953_1698
Reference,96.55172414,3.44827586,1131,1131,319,308,11,0,0,1,10,0,1,10,0,0,0,0,gRNA_CDK8_targ_954_1699
HDR,23.07692308,76.92307692,1131,1131,364,84,280,0,0,0,280,0,0,280,0,0,0,0,gRNA_CDK8_targ_954_1699
Reference,1.2345679,98.7654321,513,513,81,1,80,0,0,0,80,0,0,80,0,0,0,0,gRNA_CDK8_targ_955_1700
HDR,35.69739953,64.30260047,513,513,423,151,272,0,0,0,272,0,0,272,0,0,0,0,gRNA_CDK8_targ_955_1700
Reference,97.74774775,2.25225225,2588,2588,888,868,20,0,0,1,20,0,0,19,0,0,1,0,gRNA_CDK8_targ_956_1701
HDR,65.72995202,34.27004798,2588,2588,1459,959,500,0,0,1,500,0,0,499,0,0,1,0,gRNA_CDK8_targ_956_1701
Reference,41.09848485,58.90151515,2588,2588,2112,868,1244,0,0,1,1244,0,0,1243,0,0,1,0,gRNA_CDK8_targ_956_1702
HDR,0.21097046,99.78902954,2588,2588,474,1,473,0,0,1,473,0,0,472,0,0,1,0,gRNA_CDK8_targ_956_1702
Reference,76.95035461,23.04964539,2588,2588,1128,868,260,0,0,1,260,0,0,259,0,0,1,0,gRNA_CDK8_targ_956_1703
HDR,96.83544304,3.16455696,2588,2588,474,459,15,0,0,1,14,0,1,14,0,0,0,0,gRNA_CDK8_targ_956_1703
Reference,69.7005988,30.2994012,3923,3909,835,582,253,0,0,1,252,0,1,252,0,0,0,0,gRNA_CDK8_targ_957_1704
HDR,35.7217756,64.2782244,3923,3909,2861,1022,1839,0,0,9,1834,0,5,1830,0,0,4,0,gRNA_CDK8_targ_957_1704
Reference,94.1580756,5.8419244,1666,1666,291,274,17,0,1,4,12,1,4,12,0,0,0,0,gRNA_CDK8_targ_958_1705
HDR,88.10754912,11.89245088,1666,1666,967,852,115,0,0,1,114,0,1,114,0,0,0,0,gRNA_CDK8_targ_958_1705
Reference,0.95923261,99.04076739,868,868,417,4,413,0,69,1,343,69,1,343,0,0,0,0,gRNA_CDK8_targ_959_1706
HDR,0.0,100.0,868,868,386,0,386,0,0,0,386,0,0,386,0,0,0,0,gRNA_CDK8_targ_959_1706
Reference,5.33333333,94.66666667,868,868,75,4,71,0,69,1,1,69,1,1,0,0,0,0,gRNA_CDK8_targ_959_1707
HDR,0.0,100.0,868,868,730,0,730,0,0,0,730,0,0,730,0,0,0,0,gRNA_CDK8_targ_959_1707
Reference,5.33333333,94.66666667,868,868,75,4,71,0,69,1,1,69,1,1,0,0,0,0,gRNA_CDK8_targ_959_1708
HDR,0.0,100.0,868,868,719,0,719,0,0,0,719,0,0,719,0,0,0,0,gRNA_CDK8_targ_959_1708
Reference,5.33333333,94.66666667,868,868,75,4,71,0,69,1,1,69,1,1,0,0,0,0,gRNA_CDK8_targ_959_1709
HDR,0.0,100.0,868,868,388,0,388,0,0,0,388,0,0,388,0,0,0,0,gRNA_CDK8_targ_959_1709
Reference,2.73972603,97.26027397,868,868,146,4,142,0,69,1,72,69,1,72,0,0,0,0,gRNA_CDK8_targ_959_1710
HDR,0.0,100.0,868,868,449,0,449,0,0,0,449,0,0,449,0,0,0,0,gRNA_CDK8_targ_959_1710
Reference,5.33333333,94.66666667,868,868,75,4,71,0,69,1,1,69,1,1,0,0,0,0,gRNA_CDK8_targ_959_1711
HDR,33.71212121,66.28787879,868,868,792,267,525,0,0,0,525,0,0,525,0,0,0,0,gRNA_CDK8_targ_959_1711
Reference,5.33333333,94.66666667,868,868,75,4,71,0,69,1,1,69,1,1,0,0,0,0,gRNA_CDK8_targ_959_1712
HDR,52.0110957,47.9889043,868,868,721,375,346,0,0,0,346,0,0,346,0,0,0,0,gRNA_CDK8_targ_959_1712
Reference,1.91628845,98.08371155,3099,3099,1983,38,1945,0,230,6,1944,0,1,1709,0,230,5,0,gRNA_CDK8_targ_960_1713
HDR,0.0,100.0,3099,3099,1105,0,1105,0,0,119,989,0,116,986,0,0,3,0,gRNA_CDK8_targ_960_1713
Reference,54.28571429,45.71428571,3099,3099,70,38,32,0,30,1,31,0,1,1,0,30,0,0,gRNA_CDK8_targ_960_1714
HDR,31.78438662,68.21561338,3099,3099,2690,855,1835,0,200,6,1660,172,3,1629,0,28,3,0,gRNA_CDK8_targ_960_1714
Reference,2.18767991,97.81232009,3099,3099,1737,38,1699,0,230,4,1698,0,1,1465,0,230,3,0,gRNA_CDK8_targ_960_1715
HDR,0.0,100.0,3099,3099,1235,0,1235,0,0,1,1235,0,0,1234,0,0,1,0,gRNA_CDK8_targ_960_1715
Reference,52.77777778,47.22222222,3099,3099,72,38,34,0,30,1,33,0,1,3,0,30,0,0,gRNA_CDK8_targ_960_1716
HDR,34.54179255,65.45820745,3099,3099,993,343,650,0,1,0,650,0,0,649,0,1,0,0,gRNA_CDK8_targ_960_1716
Reference,3.90143737,96.09856263,3099,3099,974,38,936,0,31,7,934,0,2,898,0,31,5,0,gRNA_CDK8_targ_960_1717
HDR,0.0,100.0,3099,3099,737,0,737,0,197,119,451,170,116,421,0,27,3,0,gRNA_CDK8_targ_960_1717
Reference,13.33333333,86.66666667,3099,3099,285,38,247,0,30,1,246,0,1,216,0,30,0,0,gRNA_CDK8_targ_960_1718
HDR,63.98066076,36.01933924,3099,3099,1241,794,447,0,1,4,447,0,0,442,0,1,4,0,gRNA_CDK8_targ_960_1718
Reference,3.25900515,96.74099485,3099,3099,1166,38,1128,0,229,5,1126,0,2,894,0,229,3,0,gRNA_CDK8_targ_960_1719
HDR,25.40880503,74.59119497,3099,3099,1590,404,1186,0,1,1,1186,0,0,1184,0,1,1,0,gRNA_CDK8_targ_960_1719
Reference,97.20930233,2.79069767,2435,2435,645,627,18,0,0,0,18,0,0,18,0,0,0,0,gRNA_CDK8_targ_965_1720
HDR,1.39664804,98.60335196,2435,2435,1790,25,1765,0,0,1,1765,0,0,1764,0,0,1,0,gRNA_CDK8_targ_965_1720
Reference,93.58208955,6.41791045,2435,2435,670,627,43,0,0,0,43,0,0,43,0,0,0,0,gRNA_CDK8_targ_965_1721
HDR,0.0,100.0,2435,2435,1764,0,1764,0,0,1,1764,0,0,1763,0,0,1,0,gRNA_CDK8_targ_965_1721
Reference,97.20930233,2.79069767,2435,2435,645,627,18,0,0,0,18,0,0,18,0,0,0,0,gRNA_CDK8_targ_965_1722
HDR,97.90249433,2.09750567,2435,2435,1764,1727,37,0,0,1,36,0,1,36,0,0,0,0,gRNA_CDK8_targ_965_1722
Reference,93.89671362,6.10328638,1236,1236,213,200,13,0,0,2,12,0,1,11,0,0,1,0,gRNA_CDK8_targ_966_1723
HDR,0.0,100.0,1236,1236,1022,0,1022,0,0,0,1022,0,0,1022,0,0,0,0,gRNA_CDK8_targ_966_1723
Reference,95.23809524,4.76190476,1236,1236,210,200,10,0,0,0,10,0,0,10,0,0,0,0,gRNA_CDK8_targ_966_1724
HDR,0.0,100.0,1236,1236,719,0,719,0,0,1,718,0,1,718,0,0,0,0,gRNA_CDK8_targ_966_1724
Reference,94.33962264,5.66037736,1236,1236,212,200,12,0,0,1,11,0,1,11,0,0,0,0,gRNA_CDK8_targ_966_1725
HDR,27.78864971,72.21135029,1236,1236,1022,284,738,0,0,0,738,0,0,738,0,0,0,0,gRNA_CDK8_targ_966_1725
Reference,0.0,100.0,1221,1221,205,0,205,0,67,0,204,1,0,138,0,66,0,0,gRNA_CDK8_targ_967_1726
HDR,0.0,100.0,1221,1221,1016,0,1016,0,0,2,1016,0,0,1014,0,0,2,0,gRNA_CDK8_targ_967_1726
Reference,0.0,100.0,1221,1221,139,0,139,0,1,0,138,1,0,138,0,0,0,0,gRNA_CDK8_targ_967_1727
HDR,0.0,100.0,1221,1221,1080,0,1080,0,66,2,1015,65,0,1012,0,1,2,0,gRNA_CDK8_targ_967_1727
Reference,0.0,100.0,1221,1221,138,0,138,0,0,0,138,0,0,138,0,0,0,0,gRNA_CDK8_targ_967_1728
HDR,0.78740157,99.21259843,1221,1221,1016,8,1008,0,0,2,1008,0,0,1006,0,0,2,0,gRNA_CDK8_targ_967_1728
Reference,,,2263,2262,0,0,0,0,0,0,0,0,0,0,0,0,0,0,gRNA_CDK8_targ_968_1729
HDR,0.13280212,99.86719788,2263,2262,2259,3,2256,0,129,3,2256,0,0,2124,0,129,3,0,gRNA_CDK8_targ_968_1729
Reference,96.92307692,3.07692308,3631,3631,195,189,6,0,1,0,5,1,0,5,0,0,0,0,gRNA_CDK8_targ_971_1730
HDR,48.91122278,51.08877722,3631,3631,2985,1460,1525,0,0,2,1525,0,0,1523,0,0,2,0,gRNA_CDK8_targ_971_1730
Reference,96.8,3.2,637,637,125,121,4,0,0,0,4,0,0,4,0,0,0,0,gRNA_CDK8_targ_972_1731
HDR,90.80234834,9.19765166,637,637,511,464,47,0,1,0,47,0,0,46,0,1,0,0,gRNA_CDK8_targ_972_1731
Reference,0.0,100.0,1753,1753,4,0,4,0,0,0,4,0,0,4,0,0,0,0,gRNA_CDK8_targ_973_1732
HDR,7.87692308,92.12307692,1753,1753,1625,128,1497,0,0,1,1497,0,0,1496,0,0,1,0,gRNA_CDK8_targ_973_1732
Reference,83.86075949,16.13924051,5052,4998,632,530,102,0,2,2,98,2,2,98,0,0,0,0,gRNA_CDK8_targ_974_1733
HDR,6.95748205,93.04251795,5052,4998,3622,252,3370,0,0,254,3119,0,251,3116,0,0,3,0,gRNA_CDK8_targ_974_1733
Reference,14.84962406,85.15037594,697,687,532,79,453,0,1,2,451,0,2,450,0,1,0,0,gRNA_CDK8_targ_975_1734
HDR,0.0,100.0,697,687,155,0,155,0,0,0,155,0,0,155,0,0,0,0,gRNA_CDK8_targ_975_1734
Reference,95.18072289,4.81927711,697,687,83,79,4,0,0,2,2,0,2,2,0,0,0,0,gRNA_CDK8_targ_975_1735
HDR,64.72795497,35.27204503,697,687,533,345,188,0,1,0,188,0,0,187,0,1,0,0,gRNA_CDK8_targ_975_1735
Reference,51.2987013,48.7012987,697,687,154,79,75,0,0,2,73,0,2,73,0,0,0,0,gRNA_CDK8_targ_975_1736
HDR,97.41935484,2.58064516,697,687,155,151,4,0,0,0,4,0,0,4,0,0,0,0,gRNA_CDK8_targ_975_1736
Reference,56.25,43.75,3369,2795,48,27,21,0,1,0,20,1,0,20,0,0,0,0,gRNA_CDK8_targ_977_1737
HDR,4.41928415,95.58071585,3369,2795,2738,121,2617,0,2,3,2616,0,1,2612,0,2,2,0,gRNA_CDK8_targ_977_1737
Reference,16.36363636,83.63636364,3369,2795,165,27,138,0,1,0,137,1,0,137,0,0,0,0,gRNA_CDK8_targ_977_1738
HDR,0.04016064,99.95983936,3369,2795,2490,1,2489,0,2,1,2489,0,0,2486,0,2,1,0,gRNA_CDK8_targ_977_1738
Reference,3.86266094,96.13733906,3369,2795,699,27,672,0,0,0,672,0,0,672,0,0,0,0,gRNA_CDK8_targ_977_1739
HDR,0.0,100.0,3369,2795,2075,0,2075,0,0,3,2074,0,1,2072,0,0,2,0,gRNA_CDK8_targ_977_1739
Reference,61.36363636,38.63636364,3369,2795,44,27,17,0,1,0,16,1,0,16,0,0,0,0,gRNA_CDK8_targ_977_1740
HDR,14.76535673,85.23464327,3369,2795,2621,387,2234,0,2,3,2230,2,2,2229,0,0,1,0,gRNA_CDK8_targ_977_1740
Reference,58.69565217,41.30434783,3369,2795,46,27,19,0,1,0,18,1,0,18,0,0,0,0,gRNA_CDK8_targ_977_1741
HDR,0.0,100.0,3369,2795,2088,0,2088,0,2,5,2086,0,2,2081,0,2,3,0,gRNA_CDK8_targ_977_1741
Reference,9.12162162,90.87837838,3369,2795,296,27,269,0,0,0,269,0,0,269,0,0,0,0,gRNA_CDK8_targ_977_1742
HDR,0.14360938,99.85639062,3369,2795,2089,3,2086,0,2,3,2084,0,2,2081,0,2,1,0,gRNA_CDK8_targ_977_1742
Reference,16.26506024,83.73493976,3369,2795,166,27,139,0,0,0,139,0,0,139,0,0,0,0,gRNA_CDK8_targ_977_1743
HDR,79.54271961,20.45728039,3369,2795,2493,1983,510,0,2,3,506,2,2,505,0,0,1,0,gRNA_CDK8_targ_977_1743
Reference,90.0,10.0,1063,1063,60,54,6,0,0,0,6,0,0,6,0,0,0,0,gRNA_CDK8_targ_978_1744
HDR,21.83449651,78.16550349,1063,1063,1003,219,784,0,0,5,782,0,2,779,0,0,3,0,gRNA_CDK8_targ_978_1744
Reference,27.88461538,72.11538462,2550,2550,832,232,600,0,238,273,144,204,252,89,0,34,21,0,gRNA_CDK8_targ_979_1745
HDR,9.25081433,90.74918567,2550,2550,1535,142,1393,0,0,1,1393,0,0,1392,0,0,1,0,gRNA_CDK8_targ_979_1745
Reference,16.84643041,83.15356959,3249,3249,1947,328,1619,0,381,0,1264,355,0,1238,0,26,0,0,gRNA_CDK8_targ_980_1746
HDR,4.54155955,95.45844045,3249,3249,1167,53,1114,0,1,1,1114,0,0,1112,0,1,1,0,gRNA_CDK8_targ_980_1746
Reference,29.57619477,70.42380523,3249,3249,1109,328,781,0,380,1,426,354,1,400,0,26,0,0,gRNA_CDK8_targ_980_1747
HDR,41.29129129,58.70870871,3249,3249,1998,825,1173,0,0,1,1173,0,0,1172,0,0,1,0,gRNA_CDK8_targ_980_1747
Reference,35.42116631,64.57883369,3249,3249,926,328,598,0,380,1,243,354,1,217,0,26,0,0,gRNA_CDK8_targ_980_1748
HDR,96.61538462,3.38461538,3249,3249,975,942,33,0,0,1,32,0,1,32,0,0,0,0,gRNA_CDK8_targ_980_1748
Reference,35.73487032,64.26512968,1412,1412,347,124,223,0,0,1,222,0,1,222,0,0,0,0,gRNA_CDK8_targ_981_1749
HDR,21.17768595,78.82231405,1412,1412,968,205,763,0,1,2,761,1,1,760,0,0,1,0,gRNA_CDK8_targ_981_1749
Reference,34.7972973,65.2027027,1923,1922,1184,412,772,0,1,50,725,0,47,721,0,1,3,0,gRNA_CDK8_targ_982_1750
HDR,28.38427948,71.61572052,1923,1922,687,195,492,0,0,0,492,0,0,492,0,0,0,0,gRNA_CDK8_targ_982_1750
Reference,56.82758621,43.17241379,1923,1922,725,412,313,0,1,51,266,0,47,261,0,1,4,0,gRNA_CDK8_targ_982_1751
HDR,39.29440389,60.70559611,1923,1922,822,323,499,0,0,0,499,0,0,499,0,0,0,0,gRNA_CDK8_targ_982_1751
Reference,45.98214286,54.01785714,1923,1922,896,412,484,0,1,51,437,0,47,432,0,1,4,0,gRNA_CDK8_targ_982_1752
HDR,96.30390144,3.69609856,1923,1922,487,469,18,0,0,0,18,0,0,18,0,0,0,0,gRNA_CDK8_targ_982_1752
Reference,6.63900415,93.36099585,2640,2639,482,32,450,0,1,201,250,1,199,248,0,0,2,0,gRNA_CDK8_targ_983_1753
HDR,1.05042017,98.94957983,2640,2639,1904,20,1884,0,0,6,1884,0,0,1878,0,0,6,0,gRNA_CDK8_targ_983_1753
Reference,11.55234657,88.44765343,2640,2639,277,32,245,0,0,201,46,0,199,44,0,0,2,0,gRNA_CDK8_targ_983_1754
HDR,9.99537251,90.00462749,2640,2639,2161,216,1945,0,0,3,1945,0,0,1942,0,0,3,0,gRNA_CDK8_targ_983_1754
Reference,1.23409179,98.76590821,2640,2639,2593,32,2561,0,1,207,2361,1,199,2353,0,0,8,0,gRNA_CDK8_targ_983_1755
HDR,0.0,100.0,2640,2639,1,0,1,0,0,0,1,0,0,1,0,0,0,0,gRNA_CDK8_targ_983_1755
Reference,12.5,87.5,2640,2639,256,32,224,0,0,201,25,0,199,23,0,0,2,0,gRNA_CDK8_targ_983_1756
HDR,61.92289386,38.07710614,2640,2639,2101,1301,800,0,0,6,798,0,2,794,0,0,4,0,gRNA_CDK8_targ_983_1756
Reference,4.57142857,95.42857143,2640,2639,700,32,668,0,1,201,468,1,199,466,0,0,2,0,gRNA_CDK8_targ_983_1757
HDR,0.0,100.0,2640,2639,10,0,10,0,0,0,10,0,0,10,0,0,0,0,gRNA_CDK8_targ_983_1757
Reference,7.20720721,92.79279279,2640,2639,444,32,412,0,1,204,212,1,199,207,0,0,5,0,gRNA_CDK8_targ_983_1758
HDR,0.0,100.0,2640,2639,12,0,12,0,0,0,12,0,0,12,0,0,0,0,gRNA_CDK8_targ_983_1758
Reference,6.37450199,93.62549801,2640,2639,502,32,470,0,1,201,270,1,199,268,0,0,2,0,gRNA_CDK8_targ_983_1759
HDR,0.0,100.0,2640,2639,1718,0,1718,0,0,2,1718,0,0,1716,0,0,2,0,gRNA_CDK8_targ_983_1759
Reference,96.26168224,3.73831776,1042,1042,214,206,8,0,0,1,7,0,1,7,0,0,0,0,gRNA_CDK8_targ_984_1760
HDR,0.80808081,99.19191919,1042,1042,495,4,491,0,0,1,491,0,0,490,0,0,1,0,gRNA_CDK8_targ_984_1760
Reference,55.52560647,44.47439353,1042,1042,371,206,165,0,0,1,164,0,1,164,0,0,0,0,gRNA_CDK8_targ_984_1761
HDR,0.0,100.0,1042,1042,492,0,492,0,0,1,492,0,0,491,0,0,1,0,gRNA_CDK8_targ_984_1761
Reference,55.97826087,44.02173913,1042,1042,368,206,162,0,0,1,161,0,1,161,0,0,0,0,gRNA_CDK8_targ_984_1762
HDR,66.46341463,33.53658537,1042,1042,492,327,165,0,0,1,164,0,1,164,0,0,0,0,gRNA_CDK8_targ_984_1762
Reference,11.46352515,88.53647485,2221,2221,2207,253,1954,0,0,2,1954,0,0,1952,0,0,2,0,gRNA_CDK8_targ_985_1763
HDR,0.0,100.0,2221,2221,11,0,11,0,0,0,11,0,0,11,0,0,0,0,gRNA_CDK8_targ_985_1763
Reference,67.82841823,32.17158177,2221,2221,373,253,120,0,0,0,120,0,0,120,0,0,0,0,gRNA_CDK8_targ_985_1764
HDR,67.87221218,32.12778782,2221,2221,1659,1126,533,0,0,2,532,0,1,531,0,0,1,0,gRNA_CDK8_targ_985_1764
Reference,15.8125,84.1875,2221,2221,1600,253,1347,0,0,1,1347,0,0,1346,0,0,1,0,gRNA_CDK8_targ_985_1765
HDR,17.23577236,82.76422764,2221,2221,615,106,509,0,0,1,509,0,0,508,0,0,1,0,gRNA_CDK8_targ_985_1765
Reference,45.01779359,54.98220641,2221,2221,562,253,309,0,0,0,309,0,0,309,0,0,0,0,gRNA_CDK8_targ_985_1766
HDR,25.0,75.0,2221,2221,12,3,9,0,0,0,9,0,0,9,0,0,0,0,gRNA_CDK8_targ_985_1766
Reference,15.78290705,84.21709295,2221,2221,1603,253,1350,0,0,1,1350,0,0,1349,0,0,1,0,gRNA_CDK8_targ_985_1767
HDR,0.0,100.0,2221,2221,8,0,8,0,0,0,8,0,0,8,0,0,0,0,gRNA_CDK8_targ_985_1767
Reference,56.09756098,43.90243902,2221,2221,451,253,198,0,0,0,198,0,0,198,0,0,0,0,gRNA_CDK8_targ_985_1768
HDR,94.47731755,5.52268245,2221,2221,507,479,28,0,0,1,27,0,1,27,0,0,0,0,gRNA_CDK8_targ_985_1768
Reference,14.79532164,85.20467836,2221,2221,1710,253,1457,0,0,1,1457,0,0,1456,0,0,1,0,gRNA_CDK8_targ_985_1769
HDR,1.57480315,98.42519685,2221,2221,508,8,500,0,0,1,500,0,0,499,0,0,1,0,gRNA_CDK8_targ_985_1769
Reference,15.60846561,84.39153439,2477,2477,756,118,638,0,0,3,635,0,3,635,0,0,0,0,gRNA_CDK8_targ_986_1770
HDR,9.31574608,90.68425392,2477,2477,1213,113,1100,0,0,109,995,0,105,991,0,0,4,0,gRNA_CDK8_targ_986_1770
Reference,16.59634318,83.40365682,2477,2477,711,118,593,0,0,468,137,0,456,125,0,0,12,0,gRNA_CDK8_targ_986_1771
HDR,15.02849003,84.97150997,2477,2477,1404,211,1193,0,0,108,1088,0,105,1085,0,0,3,0,gRNA_CDK8_targ_986_1771
Reference,13.24354658,86.75645342,2477,2477,891,118,773,0,0,469,316,0,457,304,0,0,12,0,gRNA_CDK8_targ_986_1772
HDR,71.97851388,28.02148612,2477,2477,1117,804,313,0,0,109,208,0,105,204,0,0,4,0,gRNA_CDK8_targ_986_1772
Reference,100.0,0.0,2316,2313,36,36,0,0,0,0,0,0,0,0,0,0,0,0,gRNA_CDK8_targ_987_1773
HDR,42.69578313,57.30421687,2316,2313,1328,567,761,0,0,0,761,0,0,761,0,0,0,0,gRNA_CDK8_targ_987_1773
Reference,0.0,100.0,773,773,751,0,751,0,0,0,751,0,0,751,0,0,0,0,gRNA_CDK8_targ_988_1774
HDR,0.0,100.0,773,773,16,0,16,0,0,13,16,0,0,3,0,0,13,0,gRNA_CDK8_targ_988_1774
Reference,0.0,100.0,773,773,2,0,2,0,0,0,2,0,0,2,0,0,0,0,gRNA_CDK8_targ_988_1775
HDR,24.57983193,75.42016807,773,773,476,117,359,0,0,13,359,0,0,346,0,0,13,0,gRNA_CDK8_targ_988_1775
Reference,0.0,100.0,773,773,293,0,293,0,0,0,293,0,0,293,0,0,0,0,gRNA_CDK8_targ_988_1776
HDR,5.55555556,94.44444444,773,773,18,1,17,0,0,13,5,0,12,4,0,0,1,0,gRNA_CDK8_targ_988_1776
Reference,22.94172063,77.05827937,1893,1892,1081,248,833,0,0,254,833,0,0,579,0,0,254,0,gRNA_CDK8_targ_989_1777
HDR,0.0,100.0,1893,1892,803,0,803,0,0,0,803,0,0,803,0,0,0,0,gRNA_CDK8_targ_989_1777
Reference,70.85714286,29.14285714,1893,1892,350,248,102,0,0,1,102,0,0,101,0,0,1,0,gRNA_CDK8_targ_989_1778
HDR,0.0,100.0,1893,1892,1296,0,1296,0,0,252,1296,0,0,1044,0,0,252,0,gRNA_CDK8_targ_989_1778
Reference,96.12403101,3.87596899,1893,1892,258,248,10,0,0,0,10,0,0,10,0,0,0,0,gRNA_CDK8_targ_989_1779
HDR,0.0,100.0,1893,1892,1456,0,1456,0,0,252,1456,0,0,1204,0,0,252,0,gRNA_CDK8_targ_989_1779
Reference,77.01863354,22.98136646,1893,1892,322,248,74,0,0,2,74,0,0,72,0,0,2,0,gRNA_CDK8_targ_989_1780
HDR,0.0,100.0,1893,1892,778,0,778,0,0,0,778,0,0,778,0,0,0,0,gRNA_CDK8_targ_989_1780
Reference,57.94392523,42.05607477,1893,1892,428,248,180,0,0,2,180,0,0,178,0,0,2,0,gRNA_CDK8_targ_989_1781
HDR,0.12437811,99.87562189,1893,1892,804,1,803,0,0,0,803,0,0,803,0,0,0,0,gRNA_CDK8_targ_989_1781
Reference,77.74294671,22.25705329,1893,1892,319,248,71,0,0,1,71,0,0,70,0,0,1,0,gRNA_CDK8_targ_989_1782
HDR,0.0,100.0,1893,1892,1538,0,1538,0,0,253,1291,0,247,1285,0,0,6,0,gRNA_CDK8_targ_989_1782
Reference,77.25856698,22.74143302,1893,1892,321,248,73,0,0,1,73,0,0,72,0,0,1,0,gRNA_CDK8_targ_989_1783
HDR,0.27378508,99.72621492,1893,1892,1461,4,1457,0,0,251,1457,0,0,1206,0,0,251,0,gRNA_CDK8_targ_989_1783
Reference,5.83090379,94.16909621,2002,2002,343,20,323,0,317,2,26,295,2,4,0,22,0,0,gRNA_CDK8_targ_990_1784
HDR,17.9389313,82.0610687,2002,2002,1310,235,1075,0,42,0,1075,0,0,1033,0,42,0,0,gRNA_CDK8_targ_990_1784
Reference,3.05810398,96.94189602,2002,2002,654,20,634,0,317,2,337,295,2,315,0,22,0,0,gRNA_CDK8_targ_990_1785
HDR,0.0,100.0,2002,2002,1342,0,1342,0,41,0,1342,0,0,1301,0,41,0,0,gRNA_CDK8_targ_990_1785
Reference,1.24455507,98.75544493,2002,2002,1607,20,1587,0,316,1,1291,295,1,1270,0,21,0,0,gRNA_CDK8_targ_990_1786
HDR,0.0,100.0,2002,2002,386,0,386,0,41,0,386,0,0,345,0,41,0,0,gRNA_CDK8_targ_990_1786
Reference,1.97044335,98.02955665,2002,2002,1015,20,995,0,312,1,699,295,1,682,0,17,0,0,gRNA_CDK8_targ_990_1787
HDR,0.0,100.0,2002,2002,958,0,958,0,44,0,956,2,0,914,0,42,0,0,gRNA_CDK8_targ_990_1787
Reference,5.27704485,94.72295515,2002,2002,379,20,359,0,317,2,62,295,2,40,0,22,0,0,gRNA_CDK8_targ_990_1788
HDR,3.72300819,96.27699181,2002,2002,1343,50,1293,0,41,0,1293,0,0,1252,0,41,0,0,gRNA_CDK8_targ_990_1788
Reference,2.90697674,97.09302326,2002,2002,688,20,668,0,317,2,371,295,2,349,0,22,0,0,gRNA_CDK8_targ_990_1789
HDR,0.0,100.0,2002,2002,391,0,391,0,41,0,391,0,0,350,0,41,0,0,gRNA_CDK8_targ_990_1789
Reference,3.11041991,96.88958009,2002,2002,643,20,623,0,315,2,326,295,2,306,0,20,0,0,gRNA_CDK8_targ_990_1790
HDR,0.71868583,99.28131417,2002,2002,974,7,967,0,42,0,966,1,0,925,0,41,0,0,gRNA_CDK8_targ_990_1790
Reference,3.03490137,96.96509863,2002,2002,659,20,639,0,318,2,342,295,2,319,0,23,0,0,gRNA_CDK8_targ_990_1791
HDR,0.0,100.0,2002,2002,390,0,390,0,41,0,390,0,0,349,0,41,0,0,gRNA_CDK8_targ_990_1791
Reference,3.27868852,96.72131148,2002,2002,610,20,590,0,314,2,293,295,2,274,0,19,0,0,gRNA_CDK8_targ_990_1792
HDR,0.4381161,99.5618839,2002,2002,913,4,909,0,41,0,909,0,0,868,0,41,0,0,gRNA_CDK8_targ_990_1792
Reference,2.0661157,97.9338843,2002,2002,968,20,948,0,315,1,652,295,1,632,0,20,0,0,gRNA_CDK8_targ_990_1793
HDR,0.0,100.0,2002,2002,315,0,315,0,41,0,315,0,0,274,0,41,0,0,gRNA_CDK8_targ_990_1793
Reference,3.03951368,96.96048632,2002,2002,658,20,638,0,318,2,341,295,2,318,0,23,0,0,gRNA_CDK8_targ_990_1794
HDR,7.26040658,92.73959342,2002,2002,1033,75,958,0,41,0,958,0,0,917,0,41,0,0,gRNA_CDK8_targ_990_1794
Reference,3.39558574,96.60441426,2002,2002,589,20,569,0,317,2,272,295,2,250,0,22,0,0,gRNA_CDK8_targ_990_1795
HDR,54.82330468,45.17669532,2002,2002,1047,574,473,0,42,0,473,0,0,431,0,42,0,0,gRNA_CDK8_targ_990_1795
Reference,2.10084034,97.89915966,2002,2002,952,20,932,0,317,2,635,295,2,613,0,22,0,0,gRNA_CDK8_targ_990_1796
HDR,0.0,100.0,2002,2002,990,0,990,0,42,0,990,0,0,948,0,42,0,0,gRNA_CDK8_targ_990_1796
Reference,1.97238659,98.02761341,2002,2002,1014,20,994,0,318,2,697,295,2,674,0,23,0,0,gRNA_CDK8_targ_990_1797
HDR,0.0,100.0,2002,2002,985,0,985,0,41,0,985,0,0,944,0,41,0,0,gRNA_CDK8_targ_990_1797
Reference,2.09424084,97.90575916,2002,2002,955,20,935,0,317,2,638,295,2,616,0,22,0,0,gRNA_CDK8_targ_990_1798
HDR,25.83926755,74.16073245,2002,2002,983,254,729,0,41,0,689,40,0,688,0,1,0,0,gRNA_CDK8_targ_990_1798
Reference,50.0,50.0,2127,2127,2,1,1,0,0,0,1,0,0,1,0,0,0,0,gRNA_CDK8_targ_991_1799
HDR,0.17301038,99.82698962,2127,2127,1734,3,1731,0,176,1,1728,3,0,1554,0,173,1,0,gRNA_CDK8_targ_991_1799
Reference,0.10857763,99.89142237,2127,2127,921,1,920,0,176,0,920,0,0,744,0,176,0,0,gRNA_CDK8_targ_991_1800
HDR,0.0,100.0,2127,2127,1117,0,1117,0,0,1,1117,0,0,1116,0,0,1,0,gRNA_CDK8_targ_991_1800
Reference,0.25641026,99.74358974,2127,2127,390,1,389,0,0,0,389,0,0,389,0,0,0,0,gRNA_CDK8_targ_991_1801
HDR,67.44186047,32.55813953,2127,2127,1204,812,392,0,0,1,391,0,1,391,0,0,0,0,gRNA_CDK8_targ_991_1801
Reference,75.37688442,24.62311558,4811,4798,796,600,196,0,0,167,155,0,41,29,0,0,126,0,gRNA_CDK8_targ_992_1802
HDR,8.37710084,91.62289916,4811,4798,3808,319,3489,0,0,3,3489,0,0,3486,0,0,3,0,gRNA_CDK8_targ_992_1802
Reference,94.32624113,5.67375887,3989,3989,564,532,32,0,0,1,31,0,1,31,0,0,0,0,gRNA_CDK8_targ_995_1803
HDR,8.94187779,91.05812221,3989,3989,3355,300,3055,0,0,2,3055,0,0,3053,0,0,2,0,gRNA_CDK8_targ_995_1803
Reference,96.77419355,3.22580645,1665,1665,124,120,4,0,1,0,4,0,0,3,0,1,0,0,gRNA_CDK8_targ_996_1804
HDR,39.49329359,60.50670641,1665,1665,1342,530,812,0,0,283,531,0,281,529,0,0,2,0,gRNA_CDK8_targ_996_1804
Reference,95.94594595,4.05405405,809,809,74,71,3,0,0,0,3,0,0,3,0,0,0,0,gRNA_CDK8_targ_997_1805
HDR,5.59440559,94.40559441,809,809,572,32,540,0,0,0,540,0,0,540,0,0,0,0,gRNA_CDK8_targ_997_1805
Reference,96.66975023,3.33024977,2622,2622,1081,1045,36,0,0,0,36,0,0,36,0,0,0,0,gRNA_CDK8_targ_998_1806
HDR,81.47410359,18.52589641,2622,2622,1506,1227,279,0,0,0,279,0,0,279,0,0,0,0,gRNA_CDK8_targ_998_1806
Reference,17.99674267,82.00325733,3464,3464,1228,221,1007,0,64,2,1006,0,1,941,0,64,1,0,gRNA_CDK8_targ_999_1807
HDR,0.0,100.0,3464,3464,2073,0,2073,0,196,0,2073,0,0,1877,0,196,0,0,gRNA_CDK8_targ_999_1807
Reference,92.85714286,7.14285714,3464,3464,238,221,17,0,1,0,17,0,0,16,0,1,0,0,gRNA_CDK8_targ_999_1808
HDR,35.03334641,64.96665359,3464,3464,2549,893,1656,0,63,1,1593,62,1,1592,0,1,0,0,gRNA_CDK8_targ_999_1808
Reference,90.57377049,9.42622951,3464,3464,244,221,23,0,1,1,22,0,1,21,0,1,0,0,gRNA_CDK8_targ_999_1809
HDR,62.20614828,37.79385172,3464,3464,2212,1376,836,0,195,0,836,0,0,641,0,195,0,0,gRNA_CDK8_targ_999_1809
Reference,93.16037736,6.83962264,2483,2476,424,395,29,0,1,0,29,0,0,28,0,1,0,0,gRNA_CDK8_targ_1000_1810
HDR,0.05390836,99.94609164,2483,2476,1855,1,1854,0,0,96,1854,0,0,1758,0,0,96,0,gRNA_CDK8_targ_1000_1810
Reference,64.01944895,35.98055105,2483,2476,617,395,222,0,192,0,34,188,0,30,0,4,0,0,gRNA_CDK8_targ_1000_1811
HDR,0.08298755,99.91701245,2483,2476,1205,1,1204,0,0,1,1204,0,0,1203,0,0,1,0,gRNA_CDK8_targ_1000_1811
Reference,64.01944895,35.98055105,2483,2476,617,395,222,0,192,0,34,188,0,30,0,4,0,0,gRNA_CDK8_targ_1000_1812
HDR,63.86192017,36.13807983,2483,2476,1854,1184,670,0,0,96,669,0,1,574,0,0,95,0,gRNA_CDK8_targ_1000_1812
Reference,22.20183486,77.79816514,1001,1001,545,121,424,0,233,1,327,96,1,190,0,137,0,0,gRNA_CDK8_targ_1001_1813
HDR,96.81978799,3.18021201,1001,1001,283,274,9,0,0,0,9,0,0,9,0,0,0,0,gRNA_CDK8_targ_1001_1813
Reference,52.9209622,47.0790378,2432,2432,291,154,137,0,0,126,14,0,123,11,0,0,3,0,gRNA_CDK8_targ_1006_1814
HDR,97.18837863,2.81162137,2432,2432,2134,2074,60,0,0,0,60,0,0,60,0,0,0,0,gRNA_CDK8_targ_1006_1814
Reference,6.38297872,93.61702128,1680,1679,94,6,88,0,88,0,4,84,0,0,0,4,0,0,gRNA_CDK8_targ_1007_1815
HDR,0.0,100.0,1680,1679,1583,0,1583,0,0,0,1583,0,0,1583,0,0,0,0,gRNA_CDK8_targ_1007_1815
Reference,85.71428571,14.28571429,1680,1679,7,6,1,0,1,0,0,1,0,0,0,0,0,0,gRNA_CDK8_targ_1007_1816
HDR,0.0,100.0,1680,1679,1584,0,1584,0,1,0,1583,1,0,1583,0,0,0,0,gRNA_CDK8_targ_1007_1816
Reference,6.38297872,93.61702128,1680,1679,94,6,88,0,88,0,4,84,0,0,0,4,0,0,gRNA_CDK8_targ_1007_1817
HDR,97.28535354,2.71464646,1680,1679,1584,1541,43,0,0,0,43,0,0,43,0,0,0,0,gRNA_CDK8_targ_1007_1817
Reference,80.63157895,19.36842105,3398,3397,475,383,92,0,8,0,92,0,0,84,0,8,0,0,gRNA_CDK8_targ_1008_1818
HDR,34.78109798,65.21890202,3398,3397,2878,1001,1877,0,43,1,1834,42,1,1833,0,1,0,0,gRNA_CDK8_targ_1008_1818
Reference,83.28445748,16.71554252,3055,3055,341,284,57,0,1,42,17,1,39,14,0,0,3,0,gRNA_CDK8_targ_1013_1819
HDR,0.03696858,99.96303142,3055,3055,2705,1,2704,0,530,1,2224,479,1,2173,0,51,0,0,gRNA_CDK8_targ_1013_1819
Reference,32.49427918,67.50572082,3055,3055,874,284,590,0,532,42,549,2,39,16,0,530,3,0,gRNA_CDK8_targ_1013_1820
HDR,0.09246417,99.90753583,3055,3055,2163,2,2161,0,0,1,2160,0,1,2160,0,0,0,0,gRNA_CDK8_targ_1013_1820
Reference,82.79883382,17.20116618,3055,3055,343,284,59,0,3,42,18,2,39,14,0,1,3,0,gRNA_CDK8_targ_1013_1821
HDR,96.18566176,3.81433824,3055,3055,2176,2093,83,0,0,1,82,0,1,82,0,0,0,0,gRNA_CDK8_targ_1013_1821
Reference,100.0,0.0,1249,1249,1,1,0,0,0,0,0,0,0,0,0,0,0,0,gRNA_CDK8_targ_1014_1822
HDR,0.09174312,99.90825688,1249,1249,1090,1,1089,0,0,0,1089,0,0,1089,0,0,0,0,gRNA_CDK8_targ_1014_1822
Reference,20.0,80.0,1249,1249,5,1,4,0,0,0,4,0,0,4,0,0,0,0,gRNA_CDK8_targ_1014_1823
HDR,0.0,100.0,1249,1249,1243,0,1243,0,0,0,1243,0,0,1243,0,0,0,0,gRNA_CDK8_targ_1014_1823
Reference,25.0,75.0,1249,1249,4,1,3,0,0,0,3,0,0,3,0,0,0,0,gRNA_CDK8_targ_1014_1824
HDR,85.28938907,14.71061093,1249,1249,1244,1061,183,0,0,0,183,0,0,183,0,0,0,0,gRNA_CDK8_targ_1014_1824
Reference,23.72372372,76.27627628,5528,5528,333,79,254,0,252,0,16,238,0,2,0,14,0,0,gRNA_CDK8_targ_1015_1825
HDR,12.64065119,87.35934881,5528,5528,4177,528,3649,0,471,4,3212,435,2,3174,0,36,2,0,gRNA_CDK8_targ_1015_1825
Reference,86.53846154,13.46153846,4339,4339,52,45,7,0,2,0,5,2,0,5,0,0,0,0,gRNA_CDK8_targ_1016_1826
HDR,32.62001157,67.37998843,4339,4339,3458,1128,2330,0,101,0,2330,0,0,2229,0,101,0,0,gRNA_CDK8_targ_1016_1826
Reference,36.15384615,63.84615385,11212,11211,650,235,415,0,3,0,415,0,0,412,0,3,0,0,gRNA_CDK8_targ_1017_1827
HDR,2.63355907,97.36644093,11212,11211,9303,245,9058,0,2,4,9057,0,1,9052,0,2,3,0,gRNA_CDK8_targ_1017_1827
Reference,23.38983051,76.61016949,4025,4025,295,69,226,0,3,63,162,3,61,160,0,0,2,0,gRNA_CDK8_targ_1018_1828
HDR,51.79250407,48.20749593,4025,4025,3682,1907,1775,0,17,1,1757,17,1,1757,0,0,0,0,gRNA_CDK8_targ_1018_1828
Reference,4.45722502,95.54277498,5735,5735,2782,124,2658,0,350,39,2600,19,39,2269,0,331,0,0,gRNA_CDK8_targ_1022_1829
HDR,5.81532417,94.18467583,5735,5735,2545,148,2397,0,0,1,2397,0,0,2396,0,0,1,0,gRNA_CDK8_targ_1022_1829
Reference,26.55246253,73.44753747,5735,5735,467,124,343,0,20,20,303,20,20,303,0,0,0,0,gRNA_CDK8_targ_1022_1830
HDR,28.6749285,71.3250715,5735,5735,5245,1504,3741,0,333,1,3470,271,0,3407,0,62,1,0,gRNA_CDK8_targ_1022_1830
Reference,36.47058824,63.52941176,5735,5735,340,124,216,0,20,39,157,20,39,157,0,0,0,0,gRNA_CDK8_targ_1022_1831
HDR,74.52729219,25.47270781,5735,5735,2803,2089,714,0,2,1,713,0,1,711,0,2,0,0,gRNA_CDK8_targ_1022_1831
Reference,42.56233878,57.43766122,4374,4374,2326,990,1336,0,243,0,1117,219,0,1093,0,24,0,0,gRNA_CDK8_targ_1023_1832
HDR,18.5840708,81.4159292,4374,4374,2034,378,1656,0,310,2,1355,301,0,1344,0,9,2,0,gRNA_CDK8_targ_1023_1832
Reference,8.12182741,91.87817259,4114,4068,591,48,543,0,6,0,543,0,0,537,0,6,0,0,gRNA_CDK8_targ_1024_1833
HDR,0.0,100.0,4114,4068,2869,0,2869,0,5,3,2867,0,2,2861,0,5,1,0,gRNA_CDK8_targ_1024_1833
Reference,48.97959184,51.02040816,4114,4068,98,48,50,0,5,0,50,0,0,45,0,5,0,0,gRNA_CDK8_targ_1024_1834
HDR,8.63486842,91.36513158,4114,4068,3648,315,3333,0,5,289,3047,0,286,3039,0,5,3,0,gRNA_CDK8_targ_1024_1834
Reference,18.46153846,81.53846154,4114,4101,260,48,212,0,6,0,212,0,0,206,0,6,0,0,gRNA_CDK8_targ_1024_1835
HDR,71.08219988,28.91780012,4114,4101,3382,2404,978,0,5,289,687,5,286,684,0,0,3,0,gRNA_CDK8_targ_1024_1835
Reference,0.17636684,99.82363316,3003,3003,1134,2,1132,0,69,7,1129,3,0,1056,0,66,7,0,gRNA_CDK8_targ_1025_1836
HDR,0.0,100.0,3003,3003,1862,0,1862,0,0,3,1862,0,0,1859,0,0,3,0,gRNA_CDK8_targ_1025_1836
Reference,0.23501763,99.76498237,3003,3003,851,2,849,0,69,7,846,3,0,773,0,66,7,0,gRNA_CDK8_targ_1025_1837
HDR,0.0,100.0,3003,3003,2145,0,2145,0,1,4,2144,1,0,2140,0,0,4,0,gRNA_CDK8_targ_1025_1837
Reference,0.42735043,99.57264957,3003,3003,468,2,466,0,69,7,463,3,0,390,0,66,7,0,gRNA_CDK8_targ_1025_1838
HDR,0.40540541,99.59459459,3003,3003,1480,6,1474,0,1,4,1473,1,0,1469,0,0,4,0,gRNA_CDK8_targ_1025_1838
Reference,45.37521815,54.62478185,4110,4110,1146,520,626,0,0,0,626,0,0,626,0,0,0,0,gRNA_CDK8_targ_1026_1839
HDR,70.57505601,29.42494399,4110,4110,2678,1890,788,0,0,0,788,0,0,788,0,0,0,0,gRNA_CDK8_targ_1026_1839
Reference,49.42528736,50.57471264,2623,2479,609,301,308,0,2,3,306,1,1,303,0,1,2,0,gRNA_CDK8_targ_1027_1840
HDR,0.0,100.0,2623,2479,1695,0,1695,0,1,0,1694,1,0,1694,0,0,0,0,gRNA_CDK8_targ_1027_1840
Reference,90.11976048,9.88023952,2623,2479,334,301,33,0,3,1,31,1,1,29,0,2,0,0,gRNA_CDK8_targ_1027_1841
HDR,0.05053057,99.94946943,2623,2479,1979,1,1978,0,0,2,1976,0,2,1976,0,0,0,0,gRNA_CDK8_targ_1027_1841
Reference,90.11976048,9.88023952,2623,2479,334,301,33,0,2,2,30,1,2,29,0,1,0,0,gRNA_CDK8_targ_1027_1842
HDR,45.46525324,54.53474676,2623,2479,1698,772,926,0,0,0,926,0,0,926,0,0,0,0,gRNA_CDK8_targ_1027_1842
Reference,98.03921569,1.96078431,2776,2776,306,300,6,0,1,0,6,0,0,5,0,1,0,0,gRNA_CDK8_targ_1028_1843
HDR,6.35465865,93.64534135,2776,2776,2329,148,2181,0,0,2,2180,0,1,2179,0,0,1,0,gRNA_CDK8_targ_1028_1843
Reference,50.33557047,49.66442953,2776,2776,596,300,296,0,1,0,296,0,0,295,0,1,0,0,gRNA_CDK8_targ_1028_1844
HDR,0.0,100.0,2776,2776,2174,0,2174,0,0,2,2173,0,1,2172,0,0,1,0,gRNA_CDK8_targ_1028_1844
Reference,16.20745543,83.79254457,2776,2776,1851,300,1551,0,1,0,1551,0,0,1550,0,1,0,0,gRNA_CDK8_targ_1028_1845
HDR,0.0,100.0,2776,2776,922,0,922,0,0,1,922,0,0,921,0,0,1,0,gRNA_CDK8_targ_1028_1845
Reference,67.56756757,32.43243243,2776,2776,444,300,144,0,1,0,144,0,0,143,0,1,0,0,gRNA_CDK8_targ_1028_1846
HDR,55.60146924,44.39853076,2776,2776,2178,1211,967,0,0,2,966,0,1,965,0,0,1,0,gRNA_CDK8_targ_1028_1846
Reference,67.26457399,32.73542601,2776,2776,446,300,146,0,1,0,146,0,0,145,0,1,0,0,gRNA_CDK8_targ_1028_1847
HDR,0.10822511,99.89177489,2776,2776,924,1,923,0,0,2,922,0,1,921,0,0,1,0,gRNA_CDK8_targ_1028_1847
Reference,50.08347245,49.91652755,2776,2776,599,300,299,0,1,0,299,0,0,298,0,1,0,0,gRNA_CDK8_targ_1028_1848
HDR,0.0,100.0,2776,2776,922,0,922,0,0,1,922,0,0,921,0,0,1,0,gRNA_CDK8_targ_1028_1848
Reference,50.33557047,49.66442953,2776,2776,596,300,296,0,1,0,296,0,0,295,0,1,0,0,gRNA_CDK8_targ_1028_1849
HDR,41.49034039,58.50965961,2776,2776,2174,902,1272,0,0,1,1272,0,0,1271,0,0,1,0,gRNA_CDK8_targ_1028_1849
Reference,91.42857143,8.57142857,807,806,105,96,9,0,1,1,8,0,1,7,0,1,0,0,gRNA_CDK8_targ_1029_1850
HDR,18.61471861,81.38528139,807,806,693,129,564,0,0,0,564,0,0,564,0,0,0,0,gRNA_CDK8_targ_1029_1850
Reference,39.18367347,60.81632653,807,806,245,96,149,0,1,1,148,0,1,147,0,1,0,0,gRNA_CDK8_targ_1029_1851
HDR,0.17857143,99.82142857,807,806,560,1,559,0,0,0,559,0,0,559,0,0,0,0,gRNA_CDK8_targ_1029_1851
Reference,87.27272727,12.72727273,807,806,110,96,14,0,1,1,13,0,1,12,0,1,0,0,gRNA_CDK8_targ_1029_1852
HDR,66.78571429,33.21428571,807,806,560,374,186,0,0,0,186,0,0,186,0,0,0,0,gRNA_CDK8_targ_1029_1852
Reference,28.57142857,71.42857143,2191,2191,7,2,5,0,3,0,5,0,0,2,0,3,0,0,gRNA_CDK8_targ_1031_1853
HDR,15.49100968,84.50899032,2191,2191,2169,336,1833,0,0,0,1833,0,0,1833,0,0,0,0,gRNA_CDK8_targ_1031_1853
Reference,82.35294118,17.64705882,1108,1108,68,56,12,0,2,1,10,1,1,9,0,1,0,0,gRNA_CDK8_targ_1033_1854
HDR,0.0,100.0,1108,1108,1037,0,1037,0,0,0,1037,0,0,1037,0,0,0,0,gRNA_CDK8_targ_1033_1854
Reference,86.15384615,13.84615385,1108,1108,65,56,9,0,1,1,7,1,1,7,0,0,0,0,gRNA_CDK8_targ_1033_1855
HDR,0.0984252,99.9015748,1108,1108,1016,1,1015,0,0,0,1015,0,0,1015,0,0,0,0,gRNA_CDK8_targ_1033_1855
Reference,83.58208955,16.41791045,1108,1108,67,56,11,0,2,1,9,1,1,8,0,1,0,0,gRNA_CDK8_targ_1033_1856
HDR,47.9307026,52.0692974,1108,1108,1039,498,541,0,0,0,541,0,0,541,0,0,0,0,gRNA_CDK8_targ_1033_1856
Reference,88.23529412,11.76470588,1156,1154,17,15,2,0,0,0,2,0,0,2,0,0,0,0,gRNA_CDK8_targ_1034_1857
HDR,30.23872679,69.76127321,1156,1154,1131,342,789,0,0,0,789,0,0,789,0,0,0,0,gRNA_CDK8_targ_1034_1857
Reference,23.33333333,76.66666667,1274,1274,30,7,23,0,12,8,17,0,6,3,0,12,2,0,gRNA_CDK8_targ_1037_1858
HDR,24.52290076,75.47709924,1274,1274,1048,257,791,0,1,2,790,1,0,788,0,0,2,0,gRNA_CDK8_targ_1037_1858
Reference,96.72131148,3.27868852,2651,2651,61,59,2,0,0,0,2,0,0,2,0,0,0,0,gRNA_CDK8_targ_1038_1859
HDR,29.34898613,70.65101387,2651,2651,1874,550,1324,0,0,1,1324,0,0,1323,0,0,1,0,gRNA_CDK8_targ_1038_1859
Reference,94.87179487,5.12820513,4663,4656,39,37,2,0,0,0,2,0,0,2,0,0,0,0,gRNA_CDK8_targ_1039_1860
HDR,87.11544319,12.88455681,4663,4656,3283,2860,423,0,116,4,419,0,4,303,0,116,0,0,gRNA_CDK8_targ_1039_1860
Reference,93.2038835,6.7961165,1164,1164,206,192,14,0,3,1,13,0,1,10,0,3,0,0,gRNA_CDK8_targ_1040_1861
HDR,94.15855355,5.84144645,1164,1164,719,677,42,0,12,3,31,10,1,27,0,2,2,0,gRNA_CDK8_targ_1040_1861
Reference,1.02040816,98.97959184,3309,3309,98,1,97,0,0,1,97,0,0,96,0,0,1,0,gRNA_CDK8_targ_1044_1862
HDR,91.76185531,8.23814469,3309,3309,2889,2651,238,0,16,2,222,15,1,220,0,1,1,0,gRNA_CDK8_targ_1044_1862
Reference,96.875,3.125,1898,1816,448,434,14,0,0,2,12,0,2,12,0,0,0,0,gRNA_CDK8_targ_1045_1863
HDR,97.26937269,2.73062731,1898,1816,1355,1318,37,0,1,1,36,1,0,35,0,0,1,0,gRNA_CDK8_targ_1045_1863
Reference,96.68049793,3.31950207,2950,2950,241,233,8,0,0,0,8,0,0,8,0,0,0,0,gRNA_CDK8_targ_1046_1864
HDR,85.36280234,14.63719766,2950,2950,2398,2047,351,0,248,0,351,0,0,103,0,248,0,0,gRNA_CDK8_targ_1046_1864
Reference,5.65045992,94.34954008,1651,1649,761,43,718,0,51,1,717,1,0,666,0,50,1,0,gRNA_CDK8_targ_1047_1865
HDR,0.0,100.0,1651,1649,577,0,577,0,5,8,575,0,2,569,0,0,1,5,gRNA_CDK8_targ_1047_1865
Reference,87.75510204,12.24489796,1651,1649,49,43,6,0,1,0,5,1,0,5,0,0,0,0,gRNA_CDK8_targ_1047_1866
HDR,20.70957096,79.29042904,1651,1649,1212,251,961,0,60,1,912,49,0,900,0,11,1,0,gRNA_CDK8_targ_1047_1866
Reference,24.71264368,75.28735632,1651,1649,174,43,131,0,1,1,130,1,0,129,0,0,1,0,gRNA_CDK8_targ_1047_1867
HDR,13.39712919,86.60287081,1651,1649,627,84,543,0,10,3,541,0,2,530,0,10,1,0,gRNA_CDK8_targ_1047_1867
Reference,11.9047619,88.0952381,1239,1239,42,5,37,0,0,2,36,0,1,35,0,0,1,0,gRNA_CDK8_targ_1048_1868
HDR,0.0,100.0,1239,1239,1173,0,1173,0,0,206,969,0,204,967,0,0,2,0,gRNA_CDK8_targ_1048_1868
Reference,83.33333333,16.66666667,1239,1239,6,5,1,0,0,1,0,0,1,0,0,0,0,0,gRNA_CDK8_targ_1048_1869
HDR,2.8432169,97.1567831,1239,1239,1231,35,1196,0,0,207,991,0,205,989,0,0,2,0,gRNA_CDK8_targ_1048_1869
Reference,83.33333333,16.66666667,1239,1239,6,5,1,0,0,1,0,0,1,0,0,0,0,0,gRNA_CDK8_targ_1048_1870
HDR,23.30827068,76.69172932,1239,1239,1197,279,918,0,0,206,714,0,204,712,0,0,2,0,gRNA_CDK8_targ_1048_1870
Reference,0.31620553,99.68379447,2017,2016,1265,4,1261,0,1,0,1261,0,0,1260,0,1,0,0,gRNA_CDK8_targ_1049_1871
HDR,1.79856115,98.20143885,2017,2016,556,10,546,0,0,1,546,0,0,545,0,0,1,0,gRNA_CDK8_targ_1049_1871
Reference,24.54896907,75.45103093,3561,3561,1552,381,1171,0,1,0,1171,0,0,1170,0,1,0,0,gRNA_CDK8_targ_1050_1872
HDR,0.0,100.0,3561,3561,1951,0,1951,0,0,1,1951,0,0,1950,0,0,1,0,gRNA_CDK8_targ_1050_1872
Reference,94.7761194,5.2238806,3561,3561,402,381,21,0,1,0,21,0,0,20,0,1,0,0,gRNA_CDK8_targ_1050_1873
HDR,21.88112345,78.11887655,3561,3561,3062,670,2392,0,0,0,2392,0,0,2392,0,0,0,0,gRNA_CDK8_targ_1050_1873
Reference,81.93548387,18.06451613,3561,3561,465,381,84,0,1,0,84,0,0,83,0,1,0,0,gRNA_CDK8_targ_1050_1874
HDR,76.52347652,23.47652348,3561,3561,2002,1532,470,0,0,1,470,0,0,469,0,0,1,0,gRNA_CDK8_targ_1050_1874
Reference,30.37037037,69.62962963,3908,3907,405,123,282,0,271,2,11,269,2,9,0,2,0,0,gRNA_CDK9_targ_1051_1875
HDR,0.0,100.0,3908,3907,3354,0,3354,0,73,1,3354,0,0,3280,0,73,1,0,gRNA_CDK9_targ_1051_1875
Reference,30.52109181,69.47890819,3908,3907,403,123,280,0,269,2,9,269,2,9,0,0,0,0,gRNA_CDK9_targ_1051_1876
HDR,0.0,100.0,3908,3907,3502,0,3502,0,73,1,3501,1,0,3428,0,72,1,0,gRNA_CDK9_targ_1051_1876
Reference,30.44554455,69.55445545,3908,3907,404,123,281,0,270,2,10,269,2,9,0,1,0,0,gRNA_CDK9_targ_1051_1877
HDR,36.60765277,63.39234723,3908,3907,3502,1282,2220,0,73,1,2149,71,0,2146,0,2,1,0,gRNA_CDK9_targ_1051_1877
Reference,86.48648649,13.51351351,1310,1309,148,128,20,0,0,0,20,0,0,20,0,0,0,0,gRNA_CDK9_targ_1052_1878
HDR,67.5862069,32.4137931,1310,1309,1160,784,376,0,0,0,376,0,0,376,0,0,0,0,gRNA_CDK9_targ_1052_1878
Reference,9.86238532,90.13761468,2202,2200,436,43,393,0,226,0,174,219,0,167,0,7,0,0,gRNA_CDK9_targ_1053_1879
HDR,73.77666248,26.22333752,2202,2200,1594,1176,418,0,68,0,351,67,0,350,0,1,0,0,gRNA_CDK9_targ_1053_1879
Reference,6.43163411,93.56836589,3811,3808,2099,135,1964,0,850,3,1170,791,1,1113,2,57,0,0,gRNA_CDK9_targ_1054_1880
HDR,13.75661376,86.24338624,3811,3808,1701,234,1467,0,292,0,1247,220,0,1175,0,72,0,0,gRNA_CDK9_targ_1054_1880
Reference,24.32432432,75.67567568,313,313,148,36,112,0,111,0,16,96,0,1,0,15,0,0,gRNA_CDK9_targ_1055_1881
HDR,74.54545455,25.45454545,313,313,165,123,42,0,0,0,42,0,0,42,0,0,0,0,gRNA_CDK9_targ_1055_1881
Reference,96.875,3.125,658,658,96,93,3,0,0,0,3,0,0,3,0,0,0,0,gRNA_CDK9_targ_1056_1882
HDR,55.25846702,44.74153298,658,658,561,310,251,0,0,7,244,0,7,244,0,0,0,0,gRNA_CDK9_targ_1056_1882
Reference,28.71921182,71.28078818,4746,4746,2030,583,1447,0,10,2,1436,10,1,1435,0,0,1,0,gRNA_CDK9_targ_1057_1883
HDR,45.60315671,54.39684329,4746,4746,1774,809,965,0,0,0,965,0,0,965,0,0,0,0,gRNA_CDK9_targ_1057_1883
Reference,97.6744186,2.3255814,2334,2188,344,336,8,0,0,0,8,0,0,8,0,0,0,0,gRNA_CDK9_targ_1058_1884
HDR,92.17391304,7.82608696,2334,2188,1840,1696,144,0,0,0,144,0,0,144,0,0,0,0,gRNA_CDK9_targ_1058_1884
Reference,93.82921948,6.17078052,3452,3450,2998,2813,185,0,1,17,167,1,17,167,0,0,0,0,gRNA_CDK9_targ_1061_1885
HDR,0.0,100.0,3452,3450,449,0,449,0,2,0,449,0,0,447,0,2,0,0,gRNA_CDK9_targ_1061_1885
Reference,94.65006729,5.34993271,3452,3450,2972,2813,159,0,1,17,141,1,17,141,0,0,0,0,gRNA_CDK9_targ_1061_1886
HDR,3.71747212,96.28252788,3452,3450,269,10,259,0,2,0,259,0,0,257,0,2,0,0,gRNA_CDK9_targ_1061_1886
Reference,87.41454319,12.58545681,3452,3450,3218,2813,405,0,1,17,387,1,17,387,0,0,0,0,gRNA_CDK9_targ_1061_1887
HDR,0.0,100.0,3452,3450,221,0,221,0,2,0,221,0,0,219,0,2,0,0,gRNA_CDK9_targ_1061_1887
Reference,94.08026756,5.91973244,3452,3450,2990,2813,177,0,1,17,159,1,17,159,0,0,0,0,gRNA_CDK9_targ_1061_1888
HDR,8.01781737,91.98218263,3452,3450,449,36,413,0,2,0,413,0,0,411,0,2,0,0,gRNA_CDK9_targ_1061_1888
Reference,93.73542153,6.26457847,3452,3450,3001,2813,188,0,1,17,170,1,17,170,0,0,0,0,gRNA_CDK9_targ_1061_1889
HDR,0.0,100.0,3452,3450,221,0,221,0,2,0,221,0,0,219,0,2,0,0,gRNA_CDK9_targ_1061_1889
Reference,88.43131091,11.56868909,3452,3450,3181,2813,368,0,1,17,350,1,17,350,0,0,0,0,gRNA_CDK9_targ_1061_1890
HDR,0.0,100.0,3452,3450,221,0,221,0,2,0,221,0,0,219,0,2,0,0,gRNA_CDK9_targ_1061_1890
Reference,93.73542153,6.26457847,3452,3450,3001,2813,188,0,1,17,170,1,17,170,0,0,0,0,gRNA_CDK9_targ_1061_1891
HDR,81.85328185,18.14671815,3452,3450,259,212,47,0,2,0,45,2,0,45,0,0,0,0,gRNA_CDK9_targ_1061_1891
Reference,56.33240112,43.66759888,3203,3202,2503,1410,1093,0,0,139,1093,0,0,954,0,0,139,0,gRNA_CDK9_targ_1065_1892
HDR,70.44476327,29.55523673,3203,3202,697,491,206,0,0,1,206,0,0,205,0,0,1,0,gRNA_CDK9_targ_1065_1892
Reference,67.33524355,32.66475645,3203,3202,2094,1410,684,0,0,138,684,0,0,546,0,0,138,0,gRNA_CDK9_targ_1065_1893
HDR,78.73563218,21.26436782,3203,3202,1044,822,222,0,0,1,221,0,1,221,0,0,0,0,gRNA_CDK9_targ_1065_1893
Reference,85.09354255,14.90645745,3203,3202,1657,1410,247,0,0,138,247,0,0,109,0,0,138,0,gRNA_CDK9_targ_1065_1894
HDR,93.90862944,6.09137056,3203,3202,197,185,12,0,0,0,12,0,0,12,0,0,0,0,gRNA_CDK9_targ_1065_1894
Reference,95.52238806,4.47761194,1610,1610,134,128,6,0,1,1,5,0,1,4,0,1,0,0,gRNA_CDK9_targ_1066_1895
HDR,79.7319933,20.2680067,1610,1610,597,476,121,0,0,0,121,0,0,121,0,0,0,0,gRNA_CDK9_targ_1066_1895
Reference,0.16496206,99.83503794,3858,3613,3031,5,3026,0,4,3,3025,0,1,3019,0,4,2,0,gRNA_CDK9_targ_1069_1896
HDR,0.0,100.0,3858,3613,176,0,176,0,2,0,176,0,0,174,0,2,0,0,gRNA_CDK9_targ_1069_1896
Reference,2.0661157,97.9338843,3858,3613,242,5,237,0,1,1,236,0,1,235,0,1,0,0,gRNA_CDK9_targ_1069_1897
HDR,5.79322638,94.20677362,3858,3613,3366,195,3171,0,5,2,3171,0,0,3164,0,5,2,0,gRNA_CDK9_targ_1069_1897
Reference,0.19685039,99.80314961,3858,3613,2540,5,2535,0,1,0,2535,0,0,2534,0,1,0,0,gRNA_CDK9_targ_1069_1898
HDR,0.0,100.0,3858,3613,988,0,988,0,3,2,988,0,0,983,0,3,2,0,gRNA_CDK9_targ_1069_1898
Reference,2.03252033,97.96747967,3858,3613,246,5,241,0,1,1,240,0,1,239,0,1,0,0,gRNA_CDK9_targ_1069_1899
HDR,0.17331023,99.82668977,3858,3613,577,1,576,0,0,0,576,0,0,576,0,0,0,0,gRNA_CDK9_targ_1069_1899
Reference,0.19091256,99.80908744,3858,3613,2619,5,2614,0,1,2,2612,0,2,2611,0,1,0,0,gRNA_CDK9_targ_1069_1900
HDR,0.0,100.0,3858,3613,175,0,175,0,2,0,175,0,0,173,0,2,0,0,gRNA_CDK9_targ_1069_1900
Reference,2.05761317,97.94238683,3858,3613,243,5,238,0,1,1,237,0,1,236,0,1,0,0,gRNA_CDK9_targ_1069_1901
HDR,4.11599626,95.88400374,3858,3613,1069,44,1025,0,5,2,1025,0,0,1018,0,5,2,0,gRNA_CDK9_targ_1069_1901
Reference,0.23353573,99.76646427,3858,3613,2141,5,2136,0,1,2,2134,0,2,2133,0,1,0,0,gRNA_CDK9_targ_1069_1902
HDR,15.57128413,84.42871587,3858,3613,989,154,835,0,3,2,835,0,0,830,0,3,2,0,gRNA_CDK9_targ_1069_1902
Reference,0.32894737,99.67105263,2626,2625,304,1,303,0,46,22,282,0,21,235,0,46,1,0,gRNA_CDK9_targ_1070_1903
HDR,0.0,100.0,2626,2625,2258,0,2258,0,208,206,2258,0,0,1844,0,208,206,0,gRNA_CDK9_targ_1070_1903
Reference,0.05952381,99.94047619,2626,2625,1680,1,1679,0,253,21,1659,0,20,1405,0,253,1,0,gRNA_CDK9_targ_1070_1904
HDR,0.0,100.0,2626,2625,695,0,695,0,0,205,695,0,0,490,0,0,205,0,gRNA_CDK9_targ_1070_1904
Reference,1.35135135,98.64864865,2626,2625,74,1,73,0,46,21,53,0,20,6,0,46,1,0,gRNA_CDK9_targ_1070_1905
HDR,0.0,100.0,2626,2625,2273,0,2273,0,208,267,2213,0,60,1798,0,208,207,0,gRNA_CDK9_targ_1070_1905
Reference,0.32679739,99.67320261,2626,2625,306,1,305,0,46,22,284,0,21,237,0,46,1,0,gRNA_CDK9_targ_1070_1906
HDR,0.45300113,99.54699887,2626,2625,883,4,879,0,1,206,879,0,0,672,0,1,206,0,gRNA_CDK9_targ_1070_1906
Reference,0.45248869,99.54751131,2626,2625,221,1,220,0,46,22,199,0,21,152,0,46,1,0,gRNA_CDK9_targ_1070_1907
HDR,44.23326134,55.76673866,2626,2625,2315,1024,1291,0,208,267,1024,206,61,816,0,2,206,0,gRNA_CDK9_targ_1070_1907
Reference,0.28985507,99.71014493,2626,2625,345,1,344,0,46,21,324,0,20,277,0,46,1,0,gRNA_CDK9_targ_1070_1908
HDR,0.0,100.0,2626,2625,938,0,938,0,1,266,878,0,60,671,0,1,206,0,gRNA_CDK9_targ_1070_1908
Reference,0.32679739,99.67320261,2626,2625,306,1,305,0,46,22,284,0,21,237,0,46,1,0,gRNA_CDK9_targ_1070_1909
HDR,12.80182232,87.19817768,2626,2625,2195,281,1914,0,208,267,1650,0,264,1439,0,208,3,0,gRNA_CDK9_targ_1070_1909
Reference,98.37398374,1.62601626,1594,1594,123,121,2,0,0,0,2,0,0,2,0,0,0,0,gRNA_CDK9_targ_1071_1910
HDR,26.97924673,73.02075327,1594,1594,1301,351,950,0,147,1,804,145,1,802,0,2,0,0,gRNA_CDK9_targ_1071_1910
Reference,100.0,0.0,1914,1902,9,9,0,0,0,0,0,0,0,0,0,0,0,0,gRNA_CDK9_targ_1072_1911
HDR,0.05293806,99.94706194,1914,1902,1889,1,1888,0,0,0,1888,0,0,1888,0,0,0,0,gRNA_CDK9_targ_1072_1911
Reference,1.86335404,98.13664596,1914,1902,483,9,474,0,0,0,474,0,0,474,0,0,0,0,gRNA_CDK9_targ_1072_1912
HDR,0.0,100.0,1914,1902,1415,0,1415,0,0,0,1415,0,0,1415,0,0,0,0,gRNA_CDK9_targ_1072_1912
Reference,100.0,0.0,1914,1914,9,9,0,0,0,0,0,0,0,0,0,0,0,0,gRNA_CDK9_targ_1072_1913
HDR,22.67319804,77.32680196,1914,1914,1429,324,1105,0,12,12,1105,0,0,1093,0,0,0,12,gRNA_CDK9_targ_1072_1913
Reference,78.37837838,21.62162162,2168,2168,37,29,8,0,4,0,4,4,0,4,0,0,0,0,gRNA_CDK9_targ_1073_1914
HDR,0.0,100.0,2168,2168,1571,0,1571,0,2,1,1568,2,1,1568,0,0,0,0,gRNA_CDK9_targ_1073_1914
Reference,76.31578947,23.68421053,2168,2168,38,29,9,0,6,1,4,4,1,2,0,2,0,0,gRNA_CDK9_targ_1073_1915
HDR,0.06476684,99.93523316,2168,2168,1544,1,1543,0,1,0,1542,1,0,1542,0,0,0,0,gRNA_CDK9_targ_1073_1915
Reference,6.1965812,93.8034188,2168,2168,468,29,439,0,4,1,434,4,1,434,0,0,0,0,gRNA_CDK9_targ_1073_1916
HDR,0.07656968,99.92343032,2168,2168,1306,1,1305,0,1,0,1304,1,0,1304,0,0,0,0,gRNA_CDK9_targ_1073_1916
Reference,80.55555556,19.44444444,2168,2168,36,29,7,0,4,1,2,4,1,2,0,0,0,0,gRNA_CDK9_targ_1073_1917
HDR,0.11068069,99.88931931,2168,2168,1807,2,1805,0,0,1,1804,0,1,1804,0,0,0,0,gRNA_CDK9_targ_1073_1917
Reference,14.14634146,85.85365854,2168,2168,205,29,176,0,4,1,171,4,1,171,0,0,0,0,gRNA_CDK9_targ_1073_1918
HDR,0.0,100.0,2168,2168,1309,0,1309,0,3,1,1305,3,1,1305,0,0,0,0,gRNA_CDK9_targ_1073_1918
Reference,4.95726496,95.04273504,2168,2168,585,29,556,0,4,121,551,4,1,431,0,0,120,0,gRNA_CDK9_targ_1073_1919
HDR,0.06480881,99.93519119,2168,2168,1543,1,1542,0,1,0,1541,1,0,1541,0,0,0,0,gRNA_CDK9_targ_1073_1919
Reference,8.89570552,91.10429448,2168,2168,326,29,297,0,4,121,292,4,1,172,0,0,120,0,gRNA_CDK9_targ_1073_1920
HDR,64.17043254,35.82956746,2168,2168,1549,994,555,0,0,1,554,0,1,554,0,0,0,0,gRNA_CDK9_targ_1073_1920
Reference,1.11358575,98.88641425,3589,2814,449,5,444,0,1,0,443,1,0,443,0,0,0,0,gRNA_CDK9_targ_1074_1921
HDR,0.26595745,99.73404255,3589,2814,1880,5,1875,0,407,0,1507,368,0,1468,0,39,0,0,gRNA_CDK9_targ_1074_1921
Reference,2.60969315,97.39030685,6377,5968,3487,91,3396,0,0,273,3396,0,0,3123,0,0,273,0,gRNA_CDK9_targ_1075_1922
HDR,0.43774319,99.56225681,6377,5968,2056,9,2047,0,0,0,2047,0,0,2047,0,0,0,0,gRNA_CDK9_targ_1075_1922
Reference,80.96676737,19.03323263,3047,3047,331,268,63,0,1,1,61,1,1,61,0,0,0,0,gRNA_CDK9_targ_1076_1923
HDR,0.0,100.0,3047,3047,2393,0,2393,0,0,0,2393,0,0,2393,0,0,0,0,gRNA_CDK9_targ_1076_1923
Reference,54.69387755,45.30612245,3047,3047,490,268,222,0,1,0,221,1,0,221,0,0,0,0,gRNA_CDK9_targ_1076_1924
HDR,0.08143322,99.91856678,3047,3047,2456,2,2454,0,0,0,2454,0,0,2454,0,0,0,0,gRNA_CDK9_targ_1076_1924
Reference,28.06282723,71.93717277,3047,3047,955,268,687,0,0,78,610,0,77,609,0,0,1,0,gRNA_CDK9_targ_1076_1925
HDR,0.04800768,99.95199232,3047,3047,2083,1,2082,0,0,0,2082,0,0,2082,0,0,0,0,gRNA_CDK9_targ_1076_1925
Reference,88.44884488,11.55115512,3047,3047,303,268,35,0,1,1,33,1,1,33,0,0,0,0,gRNA_CDK9_targ_1076_1926
HDR,14.21508035,85.78491965,3047,3047,2427,345,2082,0,0,0,2082,0,0,2082,0,0,0,0,gRNA_CDK9_targ_1076_1926
Reference,44.22442244,55.77557756,3047,3047,606,268,338,0,0,79,260,0,78,259,0,0,1,0,gRNA_CDK9_targ_1076_1927
HDR,9.85294118,90.14705882,3047,3047,2040,201,1839,0,0,0,1839,0,0,1839,0,0,0,0,gRNA_CDK9_targ_1076_1927
Reference,74.65181058,25.34818942,3047,3047,359,268,91,0,1,78,13,1,77,12,0,0,1,0,gRNA_CDK9_targ_1076_1928
HDR,1.11880661,98.88119339,3047,3047,1877,21,1856,0,0,0,1856,0,0,1856,0,0,0,0,gRNA_CDK9_targ_1076_1928
Reference,73.8292011,26.1707989,3047,3047,363,268,95,0,1,79,16,1,78,15,0,0,1,0,gRNA_CDK9_targ_1076_1929
HDR,67.43897393,32.56102607,3047,3047,2417,1630,787,0,0,0,787,0,0,787,0,0,0,0,gRNA_CDK9_targ_1076_1929
Reference,0.0,100.0,839,800,258,0,258,0,0,0,258,0,0,258,0,0,0,0,gRNA_CDK9_targ_1077_1930
HDR,0.0,100.0,839,800,542,0,542,0,183,0,458,84,0,359,0,99,0,0,gRNA_CDK9_targ_1077_1930
Reference,0.0,100.0,839,794,207,0,207,0,176,0,207,0,0,31,0,176,0,0,gRNA_CDK9_targ_1077_1931
HDR,0.0,100.0,839,794,350,0,350,0,1,1,349,0,0,349,1,0,0,0,gRNA_CDK9_targ_1077_1931
Reference,,,839,800,0,0,0,0,0,0,0,0,0,0,0,0,0,0,gRNA_CDK9_targ_1077_1932
HDR,2.94530154,97.05469846,839,800,713,21,692,0,97,0,692,0,0,595,0,97,0,0,gRNA_CDK9_targ_1077_1932
Reference,0.0,100.0,839,796,253,0,253,0,0,0,253,0,0,253,0,0,0,0,gRNA_CDK9_targ_1077_1933
HDR,0.0,100.0,839,796,352,0,352,0,2,2,350,0,0,350,2,0,0,0,gRNA_CDK9_targ_1077_1933
Reference,0.0,100.0,839,800,1,0,1,0,0,0,1,0,0,1,0,0,0,0,gRNA_CDK9_targ_1077_1934
HDR,1.29151292,98.70848708,839,800,542,7,535,0,183,0,356,179,0,352,0,4,0,0,gRNA_CDK9_targ_1077_1934
Reference,0.0,100.0,839,794,86,0,86,0,86,0,86,0,0,0,0,86,0,0,gRNA_CDK9_targ_1077_1935
HDR,0.51194539,99.48805461,839,794,586,3,583,0,0,0,583,0,0,583,0,0,0,0,gRNA_CDK9_targ_1077_1935
Reference,0.0,100.0,839,800,22,0,22,0,0,0,22,0,0,22,0,0,0,0,gRNA_CDK9_targ_1077_1936
HDR,53.04347826,46.95652174,839,800,460,244,216,0,97,0,216,0,0,119,0,97,0,0,gRNA_CDK9_targ_1077_1936
Reference,6.4,93.6,1303,1303,125,8,117,0,75,0,113,4,0,42,0,71,0,0,gRNA_CDK9_targ_1078_1937
HDR,0.0,100.0,1303,1303,927,0,927,0,0,2,926,0,1,925,0,0,1,0,gRNA_CDK9_targ_1078_1937
Reference,10.66666667,89.33333333,1303,1303,75,8,67,0,66,0,64,3,0,1,0,63,0,0,gRNA_CDK9_targ_1078_1938
HDR,0.0,100.0,1303,1303,833,0,833,0,9,1,832,0,1,823,0,9,0,0,gRNA_CDK9_targ_1078_1938
Reference,10.0,90.0,1303,1303,80,8,72,0,67,0,68,4,0,5,0,63,0,0,gRNA_CDK9_targ_1078_1939
HDR,32.54035684,67.45964316,1303,1303,1177,383,794,0,0,2,793,0,1,792,0,0,1,0,gRNA_CDK9_targ_1078_1939
Reference,93.98230088,6.01769912,2502,2502,565,531,34,0,0,0,34,0,0,34,0,0,0,0,gRNA_CDK9_targ_1082_1940
HDR,82.22338752,17.77661248,2502,2502,1907,1568,339,0,0,0,339,0,0,339,0,0,0,0,gRNA_CDK9_targ_1082_1940
Reference,4.30925222,95.69074778,1550,1550,789,34,755,0,4,29,754,1,0,722,0,3,29,0,gRNA_CDK9_targ_1083_1941
HDR,11.24497992,88.75502008,1550,1550,747,84,663,0,0,0,663,0,0,663,0,0,0,0,gRNA_CDK9_targ_1083_1941
Reference,50.0,50.0,173,173,2,1,1,0,0,0,1,0,0,1,0,0,0,0,gRNA_CDK9_targ_1084_1942
HDR,12.86549708,87.13450292,173,173,171,22,149,0,0,0,149,0,0,149,0,0,0,0,gRNA_CDK9_targ_1084_1942
Reference,4.34782609,95.65217391,173,173,23,1,22,0,0,0,22,0,0,22,0,0,0,0,gRNA_CDK9_targ_1084_1943
HDR,0.0,100.0,173,173,149,0,149,0,0,0,149,0,0,149,0,0,0,0,gRNA_CDK9_targ_1084_1943
Reference,50.0,50.0,173,173,2,1,1,0,0,0,1,0,0,1,0,0,0,0,gRNA_CDK9_targ_1084_1944
HDR,93.95973154,6.04026846,173,173,149,140,9,0,0,0,9,0,0,9,0,0,0,0,gRNA_CDK9_targ_1084_1944
Reference,7.04500978,92.95499022,849,849,511,36,475,0,0,270,210,0,265,205,0,0,5,0,gRNA_CDK9_targ_1085_1945
HDR,0.0,100.0,849,849,337,0,337,0,0,2,337,0,0,335,0,0,2,0,gRNA_CDK9_targ_1085_1945
Reference,11.68831169,88.31168831,849,849,308,36,272,0,0,270,7,0,265,2,0,0,5,0,gRNA_CDK9_targ_1085_1946
HDR,36.78373383,63.21626617,849,849,541,199,342,0,0,2,342,0,0,340,0,0,2,0,gRNA_CDK9_targ_1085_1946
Reference,11.68831169,88.31168831,849,849,308,36,272,0,0,270,7,0,265,2,0,0,5,0,gRNA_CDK9_targ_1085_1947
HDR,31.65680473,68.34319527,849,849,338,107,231,0,0,2,230,0,1,229,0,0,1,0,gRNA_CDK9_targ_1085_1947
Reference,0.96153846,99.03846154,521,521,520,5,515,0,114,0,404,111,0,401,0,3,0,0,gRNA_CDK9_targ_1086_1948
HDR,0.0,100.0,521,521,1,0,1,0,0,0,1,0,0,1,0,0,0,0,gRNA_CDK9_targ_1086_1948
Reference,0.96153846,99.03846154,521,521,520,5,515,0,114,0,404,111,0,401,0,3,0,0,gRNA_CDK9_targ_1086_1949
HDR,,,521,521,0,0,0,0,0,0,0,0,0,0,0,0,0,0,gRNA_CDK9_targ_1086_1949
Reference,3.33333333,96.66666667,521,521,150,5,145,0,70,0,75,70,0,75,0,0,0,0,gRNA_CDK9_targ_1086_1950
HDR,95.42682927,4.57317073,521,521,328,313,15,0,3,0,12,3,0,12,0,0,0,0,gRNA_CDK9_targ_1086_1950
Reference,0.96153846,99.03846154,521,521,520,5,515,0,114,0,404,111,0,401,0,3,0,0,gRNA_CDK9_targ_1086_1951
HDR,,,521,521,0,0,0,0,0,0,0,0,0,0,0,0,0,0,gRNA_CDK9_targ_1086_1951
Reference,2.59067358,97.40932642,521,521,193,5,188,0,111,0,77,111,0,77,0,0,0,0,gRNA_CDK9_targ_1086_1952
HDR,100.0,0.0,521,521,1,1,0,0,0,0,0,0,0,0,0,0,0,0,gRNA_CDK9_targ_1086_1952
Reference,2.59067358,97.40932642,521,521,193,5,188,0,111,0,77,111,0,77,0,0,0,0,gRNA_CDK9_targ_1086_1953
HDR,0.0,100.0,521,521,1,0,1,0,0,0,1,0,0,1,0,0,0,0,gRNA_CDK9_targ_1086_1953
Reference,0.96339114,99.03660886,521,521,519,5,514,0,114,0,403,111,0,400,0,3,0,0,gRNA_CDK9_targ_1086_1954
HDR,0.0,100.0,521,521,1,0,1,0,0,0,1,0,0,1,0,0,0,0,gRNA_CDK9_targ_1086_1954
Reference,0.06273526,99.93726474,2492,2492,1594,1,1593,0,17,1,1577,16,0,1575,0,1,1,0,gRNA_CDK9_targ_1087_1955
HDR,0.0,100.0,2492,2492,674,0,674,0,0,50,673,0,1,624,0,0,49,0,gRNA_CDK9_targ_1087_1955
Reference,0.32679739,99.67320261,2492,2492,306,1,305,0,222,1,100,205,0,82,0,17,1,0,gRNA_CDK9_targ_1087_1956
HDR,0.0,100.0,2492,2492,1879,0,1879,0,0,50,1878,0,1,1829,0,0,49,0,gRNA_CDK9_targ_1087_1956
Reference,0.25125628,99.74874372,2492,2492,398,1,397,0,237,2,177,220,0,158,0,17,2,0,gRNA_CDK9_targ_1087_1957
HDR,0.0,100.0,2492,2492,1777,0,1777,0,0,49,1777,0,0,1728,0,0,49,0,gRNA_CDK9_targ_1087_1957
Reference,0.16339869,99.83660131,2492,2492,612,1,611,0,238,1,391,220,0,372,0,18,1,0,gRNA_CDK9_targ_1087_1958
HDR,10.93057607,89.06942393,2492,2492,677,74,603,0,0,50,602,0,1,553,0,0,49,0,gRNA_CDK9_targ_1087_1958
Reference,0.15673981,99.84326019,2492,2492,638,1,637,0,237,1,417,220,0,399,0,17,1,0,gRNA_CDK9_targ_1087_1959
HDR,0.0,100.0,2492,2492,601,0,601,0,0,49,601,0,0,552,0,0,49,0,gRNA_CDK9_targ_1087_1959
Reference,0.3125,99.6875,2492,2492,320,1,319,0,237,1,100,219,0,81,0,18,1,0,gRNA_CDK9_targ_1087_1960
HDR,19.78967495,80.21032505,2492,2492,2092,414,1678,0,0,49,1678,0,0,1629,0,0,49,0,gRNA_CDK9_targ_1087_1960
Reference,0.30864198,99.69135802,2492,2492,324,1,323,0,238,1,103,220,0,84,0,18,1,0,gRNA_CDK9_targ_1087_1961
HDR,29.59641256,70.40358744,2492,2492,1561,462,1099,0,0,49,1055,0,44,1050,0,0,5,0,gRNA_CDK9_targ_1087_1961
Reference,42.28855721,57.71144279,2810,2810,402,170,232,0,20,0,218,14,0,212,0,6,0,0,gRNA_CDK9_targ_1088_1962
HDR,28.76901798,71.23098202,2810,2810,2169,624,1545,0,0,0,1545,0,0,1545,0,0,0,0,gRNA_CDK9_targ_1088_1962
Reference,15.52511416,84.47488584,2810,2810,1095,170,925,0,47,0,892,33,0,878,0,14,0,0,gRNA_CDK9_targ_1088_1963
HDR,0.05841121,99.94158879,2810,2810,1712,1,1711,0,0,0,1711,0,0,1711,0,0,0,0,gRNA_CDK9_targ_1088_1963
Reference,39.44315545,60.55684455,2810,2810,431,170,261,0,47,0,228,33,0,214,0,14,0,0,gRNA_CDK9_targ_1088_1964
HDR,64.80743692,35.19256308,2810,2810,1506,976,530,0,0,0,530,0,0,530,0,0,0,0,gRNA_CDK9_targ_1088_1964
Reference,42.63565891,57.36434109,1647,1647,774,330,444,0,112,0,333,111,0,332,0,1,0,0,gRNA_CDK9_targ_1089_1965
HDR,1.16959064,98.83040936,1647,1647,855,10,845,0,1,0,844,1,0,844,0,0,0,0,gRNA_CDK9_targ_1089_1965
Reference,3.02398332,96.97601668,1781,1781,959,29,930,0,528,1,427,503,0,401,0,25,1,0,gRNA_CDK9_targ_1090_1966
HDR,62.39316239,37.60683761,1781,1781,234,146,88,0,1,0,87,1,0,87,0,0,0,0,gRNA_CDK9_targ_1090_1966
Reference,4.65116279,95.34883721,829,804,43,2,41,0,1,0,40,1,0,40,0,0,0,0,gRNA_CDK9_targ_1091_1967
HDR,23.04635762,76.95364238,829,804,755,174,581,0,0,1,581,0,0,580,0,0,1,0,gRNA_CDK9_targ_1091_1967
Reference,0.92165899,99.07834101,829,804,217,2,215,0,1,0,214,1,0,214,0,0,0,0,gRNA_CDK9_targ_1091_1968
HDR,0.17123288,99.82876712,829,804,584,1,583,0,0,1,583,0,0,582,0,0,1,0,gRNA_CDK9_targ_1091_1968
Reference,1.07526882,98.92473118,829,804,186,2,184,0,1,0,183,1,0,183,0,0,0,0,gRNA_CDK9_targ_1091_1969
HDR,0.0,100.0,829,804,578,0,578,0,0,1,578,0,0,577,0,0,1,0,gRNA_CDK9_targ_1091_1969
Reference,66.66666667,33.33333333,829,804,3,2,1,0,1,0,0,1,0,0,0,0,0,0,gRNA_CDK9_targ_1091_1970
HDR,0.0,100.0,829,804,546,0,546,0,0,1,546,0,0,545,0,0,1,0,gRNA_CDK9_targ_1091_1970
Reference,4.65116279,95.34883721,829,804,43,2,41,0,1,0,40,1,0,40,0,0,0,0,gRNA_CDK9_targ_1091_1971
HDR,5.70934256,94.29065744,829,804,578,33,545,0,0,1,545,0,0,544,0,0,1,0,gRNA_CDK9_targ_1091_1971
Reference,1.08108108,98.91891892,829,804,185,2,183,0,1,0,182,1,0,182,0,0,0,0,gRNA_CDK9_targ_1091_1972
HDR,0.0,100.0,829,804,583,0,583,0,0,1,583,0,0,582,0,0,1,0,gRNA_CDK9_targ_1091_1972
Reference,1.08695652,98.91304348,829,804,184,2,182,0,1,0,181,1,0,181,0,0,0,0,gRNA_CDK9_targ_1091_1973
HDR,90.65743945,9.34256055,829,804,578,524,54,0,0,1,53,0,1,53,0,0,0,0,gRNA_CDK9_targ_1091_1973
Reference,18.22323462,81.77676538,2524,2524,1317,240,1077,0,0,1,1076,0,1,1076,0,0,0,0,gRNA_CDK9_targ_1092_1974
HDR,15.76763485,84.23236515,2524,2524,1205,190,1015,0,0,0,1015,0,0,1015,0,0,0,0,gRNA_CDK9_targ_1092_1974
Reference,54.42176871,45.57823129,2524,2524,441,240,201,0,0,1,200,0,1,200,0,0,0,0,gRNA_CDK9_targ_1092_1975
HDR,31.47268409,68.52731591,2524,2524,1684,530,1154,0,0,0,1154,0,0,1154,0,0,0,0,gRNA_CDK9_targ_1092_1975
Reference,37.26708075,62.73291925,2524,2524,644,240,404,0,0,1,403,0,1,403,0,0,0,0,gRNA_CDK9_targ_1092_1976
HDR,89.91097923,10.08902077,2524,2524,1011,909,102,0,0,0,102,0,0,102,0,0,0,0,gRNA_CDK9_targ_1092_1976
Reference,92.36947791,7.63052209,642,642,249,230,19,0,0,1,19,0,0,18,0,0,1,0,gRNA_CDK9_targ_1096_1977
HDR,0.0,100.0,642,642,302,0,302,0,0,1,301,0,1,301,0,0,0,0,gRNA_CDK9_targ_1096_1977
Reference,91.26984127,8.73015873,642,642,252,230,22,0,0,1,22,0,0,21,0,0,1,0,gRNA_CDK9_targ_1096_1978
HDR,0.32679739,99.67320261,642,642,306,1,305,0,0,2,303,0,2,303,0,0,0,0,gRNA_CDK9_targ_1096_1978
Reference,69.06906907,30.93093093,642,642,333,230,103,0,0,82,23,0,80,21,0,0,2,0,gRNA_CDK9_targ_1096_1979
HDR,96.71052632,3.28947368,642,642,304,294,10,0,0,1,9,0,1,9,0,0,0,0,gRNA_CDK9_targ_1096_1979
Reference,87.91208791,12.08791209,1674,1674,91,80,11,0,0,0,11,0,0,11,0,0,0,0,gRNA_CDK9_targ_1097_1980
HDR,43.63512594,56.36487406,1674,1674,1469,641,828,0,0,0,828,0,0,828,0,0,0,0,gRNA_CDK9_targ_1097_1980
Reference,69.47791165,30.52208835,4980,4980,249,173,76,0,1,4,71,1,4,71,0,0,0,0,gRNA_CDK9_targ_1098_1981
HDR,96.44067797,3.55932203,4980,4980,4720,4552,168,0,0,2,166,0,2,166,0,0,0,0,gRNA_CDK9_targ_1098_1981
Reference,97.25098179,2.74901821,4230,4230,2801,2724,77,0,0,0,77,0,0,77,0,0,0,0,gRNA_CDK9_targ_1100_1982
HDR,96.83143219,3.16856781,4230,4230,789,764,25,0,0,0,25,0,0,25,0,0,0,0,gRNA_CDK9_targ_1100_1982
Reference,100.0,0.0,3000,2999,5,5,0,0,0,0,0,0,0,0,0,0,0,0,gRNA_CDK9_targ_1101_1983
HDR,87.32813081,12.67186919,3000,2999,2691,2350,341,0,0,0,341,0,0,341,0,0,0,0,gRNA_CDK9_targ_1101_1983
Reference,5.97014925,94.02985075,1228,1227,67,4,63,0,63,0,63,0,0,0,0,63,0,0,gRNA_CDK9_targ_1102_1984
HDR,97.21627409,2.78372591,1228,1227,934,908,26,0,0,1,25,0,1,25,0,0,0,0,gRNA_CDK9_targ_1102_1984
Reference,94.58987784,5.41012216,3248,3227,573,542,31,0,4,1,26,4,1,26,0,0,0,0,gRNA_CDK9_targ_1108_1985
HDR,97.5433526,2.4566474,3248,3227,2076,2025,51,0,2,1,48,2,1,48,0,0,0,0,gRNA_CDK9_targ_1108_1985
Reference,96.69565217,3.30434783,2635,2635,1150,1112,38,0,0,0,38,0,0,38,0,0,0,0,gRNA_CDK9_targ_1109_1986
HDR,96.83972912,3.16027088,2635,2635,886,858,28,0,0,2,26,0,2,26,0,0,0,0,gRNA_CDK9_targ_1109_1986
Reference,96.58119658,3.41880342,2493,2493,1287,1243,44,0,0,0,44,0,0,44,0,0,0,0,gRNA_CDK9_targ_1116_1987
HDR,43.1307244,56.8692756,2493,2493,1201,518,683,0,0,2,681,0,2,681,0,0,0,0,gRNA_CDK9_targ_1116_1987
Reference,68.07228916,31.92771084,2493,2493,1826,1243,583,0,0,0,583,0,0,583,0,0,0,0,gRNA_CDK9_targ_1116_1988
HDR,0.0,100.0,2493,2493,660,0,660,0,0,2,658,0,2,658,0,0,0,0,gRNA_CDK9_targ_1116_1988
Reference,96.20743034,3.79256966,2493,2493,1292,1243,49,0,0,2,48,0,1,47,0,0,1,0,gRNA_CDK9_targ_1116_1989
HDR,74.24242424,25.75757576,2493,2493,660,490,170,0,0,2,168,0,2,168,0,0,0,0,gRNA_CDK9_targ_1116_1989
Reference,96.72131148,3.27868852,751,751,366,354,12,0,0,0,12,0,0,12,0,0,0,0,gRNA_CDK9_targ_1117_1990
HDR,0.0,100.0,751,751,105,0,105,0,0,0,105,0,0,105,0,0,0,0,gRNA_CDK9_targ_1117_1990
Reference,55.05443235,44.94556765,751,751,643,354,289,0,0,0,289,0,0,289,0,0,0,0,gRNA_CDK9_targ_1117_1991
HDR,0.0,100.0,751,751,105,0,105,0,0,0,105,0,0,105,0,0,0,0,gRNA_CDK9_targ_1117_1991
Reference,54.79876161,45.20123839,751,751,646,354,292,0,0,0,292,0,0,292,0,0,0,0,gRNA_CDK9_targ_1117_1992
HDR,0.0,100.0,751,751,103,0,103,0,0,0,103,0,0,103,0,0,0,0,gRNA_CDK9_targ_1117_1992
Reference,54.88372093,45.11627907,751,751,645,354,291,0,0,0,291,0,0,291,0,0,0,0,gRNA_CDK9_targ_1117_1993
HDR,0.99009901,99.00990099,751,751,101,1,100,0,0,0,100,0,0,100,0,0,0,0,gRNA_CDK9_targ_1117_1993
Reference,54.9689441,45.0310559,751,751,644,354,290,0,0,1,289,0,1,289,0,0,0,0,gRNA_CDK9_targ_1117_1994
HDR,0.0,100.0,751,751,105,0,105,0,0,0,105,0,0,105,0,0,0,0,gRNA_CDK9_targ_1117_1994
Reference,54.79876161,45.20123839,751,751,646,354,292,0,0,1,291,0,1,291,0,0,0,0,gRNA_CDK9_targ_1117_1995
HDR,0.0,100.0,751,751,104,0,104,0,0,0,104,0,0,104,0,0,0,0,gRNA_CDK9_targ_1117_1995
Reference,55.05443235,44.94556765,751,751,643,354,289,0,0,1,288,0,1,288,0,0,0,0,gRNA_CDK9_targ_1117_1996
HDR,0.0,100.0,751,751,100,0,100,0,0,0,100,0,0,100,0,0,0,0,gRNA_CDK9_targ_1117_1996
Reference,54.79876161,45.20123839,751,751,646,354,292,0,0,1,291,0,1,291,0,0,0,0,gRNA_CDK9_targ_1117_1997
HDR,0.0,100.0,751,751,104,0,104,0,0,0,104,0,0,104,0,0,0,0,gRNA_CDK9_targ_1117_1997
Reference,54.88372093,45.11627907,751,751,645,354,291,0,0,1,290,0,1,290,0,0,0,0,gRNA_CDK9_targ_1117_1998
HDR,0.0,100.0,751,751,100,0,100,0,0,0,100,0,0,100,0,0,0,0,gRNA_CDK9_targ_1117_1998
Reference,54.71406491,45.28593509,751,751,647,354,293,0,0,1,292,0,1,292,0,0,0,0,gRNA_CDK9_targ_1117_1999
HDR,0.0,100.0,751,751,100,0,100,0,0,0,100,0,0,100,0,0,0,0,gRNA_CDK9_targ_1117_1999
Reference,54.79876161,45.20123839,751,751,646,354,292,0,0,1,291,0,1,291,0,0,0,0,gRNA_CDK9_targ_1117_2000
HDR,2.88461538,97.11538462,751,751,104,3,101,0,0,0,101,0,0,101,0,0,0,0,gRNA_CDK9_targ_1117_2000
Reference,54.79876161,45.20123839,751,751,646,354,292,0,0,1,291,0,1,291,0,0,0,0,gRNA_CDK9_targ_1117_2001
HDR,0.0,100.0,751,751,104,0,104,0,0,0,104,0,0,104,0,0,0,0,gRNA_CDK9_targ_1117_2001
Reference,54.71406491,45.28593509,751,751,647,354,293,0,0,1,292,0,1,292,0,0,0,0,gRNA_CDK9_targ_1117_2002
HDR,0.0,100.0,751,751,103,0,103,0,0,0,103,0,0,103,0,0,0,0,gRNA_CDK9_targ_1117_2002
Reference,54.71406491,45.28593509,751,751,647,354,293,0,0,1,292,0,1,292,0,0,0,0,gRNA_CDK9_targ_1117_2003
HDR,0.0,100.0,751,751,103,0,103,0,0,0,103,0,0,103,0,0,0,0,gRNA_CDK9_targ_1117_2003
Reference,54.71406491,45.28593509,751,751,647,354,293,0,0,1,292,0,1,292,0,0,0,0,gRNA_CDK9_targ_1117_2004
HDR,92.30769231,7.69230769,751,751,104,96,8,0,0,0,8,0,0,8,0,0,0,0,gRNA_CDK9_targ_1117_2004
Reference,52.40174672,47.59825328,1385,1212,458,240,218,0,0,3,215,0,3,215,0,0,0,0,gRNA_CDK9_targ_1118_2005
HDR,0.0,100.0,1385,1212,754,0,754,0,0,7,752,0,2,747,0,0,5,0,gRNA_CDK9_targ_1118_2005
Reference,96.77419355,3.22580645,1385,1212,248,240,8,0,0,3,5,0,3,5,0,0,0,0,gRNA_CDK9_targ_1118_2006
HDR,1.34994808,98.65005192,1385,1212,963,13,950,0,0,7,948,0,2,943,0,0,5,0,gRNA_CDK9_targ_1118_2006
Reference,54.05405405,45.94594595,1385,1212,444,240,204,0,0,0,204,0,0,204,0,0,0,0,gRNA_CDK9_targ_1118_2007
HDR,0.0,100.0,1385,1212,762,0,762,0,0,5,762,0,0,757,0,0,5,0,gRNA_CDK9_targ_1118_2007
Reference,37.73584906,62.26415094,1385,1212,636,240,396,0,0,0,396,0,0,396,0,0,0,0,gRNA_CDK9_targ_1118_2008
HDR,0.0,100.0,1385,1212,569,0,569,0,0,5,569,0,0,564,0,0,5,0,gRNA_CDK9_targ_1118_2008
Reference,98.36065574,1.63934426,1385,1212,244,240,4,0,0,0,4,0,0,4,0,0,0,0,gRNA_CDK9_targ_1118_2009
HDR,24.16998672,75.83001328,1385,1212,753,182,571,0,0,7,569,0,2,564,0,0,5,0,gRNA_CDK9_targ_1118_2009
Reference,91.95402299,8.04597701,1385,1212,261,240,21,0,0,3,18,0,3,18,0,0,0,0,gRNA_CDK9_targ_1118_2010
HDR,0.0,100.0,1385,1212,567,0,567,0,0,7,565,0,2,560,0,0,5,0,gRNA_CDK9_targ_1118_2010
Reference,52.98013245,47.01986755,1385,1212,453,240,213,0,0,3,210,0,3,210,0,0,0,0,gRNA_CDK9_targ_1118_2011
HDR,0.0,100.0,1385,1212,566,0,566,0,0,7,564,0,2,559,0,0,5,0,gRNA_CDK9_targ_1118_2011
Reference,97.56097561,2.43902439,1385,1212,246,240,6,0,0,3,3,0,3,3,0,0,0,0,gRNA_CDK9_targ_1118_2012
HDR,24.44152431,75.55847569,1385,1212,761,186,575,0,0,5,575,0,0,570,0,0,5,0,gRNA_CDK9_targ_1118_2012
Reference,97.1659919,2.8340081,1385,1212,247,240,7,0,0,3,4,0,3,4,0,0,0,0,gRNA_CDK9_targ_1118_2013
HDR,0.0,100.0,1385,1212,569,0,569,0,0,5,569,0,0,564,0,0,5,0,gRNA_CDK9_targ_1118_2013
Reference,53.69127517,46.30872483,1385,1212,447,240,207,0,0,2,207,0,0,205,0,0,2,0,gRNA_CDK9_targ_1118_2014
HDR,0.0,100.0,1385,1212,570,0,570,0,0,5,570,0,0,565,0,0,5,0,gRNA_CDK9_targ_1118_2014
Reference,91.95402299,8.04597701,1385,1212,261,240,21,0,0,3,18,0,3,18,0,0,0,0,gRNA_CDK9_targ_1118_2015
HDR,0.10548523,99.89451477,1385,1212,948,1,947,0,0,5,944,0,3,942,0,0,2,0,gRNA_CDK9_targ_1118_2015
Reference,53.09734513,46.90265487,1385,1212,452,240,212,0,0,3,209,0,3,209,0,0,0,0,gRNA_CDK9_targ_1118_2016
HDR,0.0,100.0,1385,1212,757,0,757,0,0,5,754,0,3,752,0,0,2,0,gRNA_CDK9_targ_1118_2016
Reference,37.55868545,62.44131455,1385,1212,639,240,399,0,0,3,396,0,3,396,0,0,0,0,gRNA_CDK9_targ_1118_2017
HDR,0.1754386,99.8245614,1385,1212,570,1,569,0,0,5,566,0,3,564,0,0,2,0,gRNA_CDK9_targ_1118_2017
Reference,53.57142857,46.42857143,1385,1212,448,240,208,0,0,5,205,0,3,203,0,0,2,0,gRNA_CDK9_targ_1118_2018
HDR,0.52562418,99.47437582,1385,1212,761,4,757,0,0,5,754,0,3,752,0,0,2,0,gRNA_CDK9_targ_1118_2018
Reference,90.90909091,9.09090909,1385,1212,264,240,24,0,0,5,21,0,3,19,0,0,2,0,gRNA_CDK9_targ_1118_2019
HDR,92.45614035,7.54385965,1385,1212,570,527,43,0,0,5,38,0,5,38,0,0,0,0,gRNA_CDK9_targ_1118_2019
Reference,95.78313253,4.21686747,430,430,332,318,14,0,1,0,13,1,0,13,0,0,0,0,gRNA_CDK9_targ_1119_2020
HDR,0.0,100.0,430,430,96,0,96,0,0,79,96,0,0,17,0,0,79,0,gRNA_CDK9_targ_1119_2020
Reference,96.65653495,3.34346505,430,430,329,318,11,0,1,0,10,1,0,10,0,0,0,0,gRNA_CDK9_targ_1119_2021
HDR,0.0,100.0,430,430,100,0,100,0,0,79,100,0,0,21,0,0,79,0,gRNA_CDK9_targ_1119_2021
Reference,96.95121951,3.04878049,430,430,328,318,10,0,0,0,10,0,0,10,0,0,0,0,gRNA_CDK9_targ_1119_2022
HDR,0.0,100.0,430,430,21,0,21,0,0,1,21,0,0,20,0,0,1,0,gRNA_CDK9_targ_1119_2022
Reference,96.36363636,3.63636364,430,430,330,318,12,0,1,1,10,1,1,10,0,0,0,0,gRNA_CDK9_targ_1119_2023
HDR,0.0,100.0,430,430,96,0,96,0,0,79,96,0,0,17,0,0,79,0,gRNA_CDK9_targ_1119_2023
Reference,96.07250755,3.92749245,430,430,331,318,13,0,1,1,11,1,1,11,0,0,0,0,gRNA_CDK9_targ_1119_2024
HDR,0.0,100.0,430,430,96,0,96,0,0,79,96,0,0,17,0,0,79,0,gRNA_CDK9_targ_1119_2024
Reference,96.65653495,3.34346505,430,430,329,318,11,0,0,1,10,0,1,10,0,0,0,0,gRNA_CDK9_targ_1119_2025
HDR,1.0,99.0,430,430,100,1,99,0,0,79,99,0,0,20,0,0,79,0,gRNA_CDK9_targ_1119_2025
Reference,96.65653495,3.34346505,430,430,329,318,11,0,0,1,10,0,1,10,0,0,0,0,gRNA_CDK9_targ_1119_2026
HDR,14.14141414,85.85858586,430,430,99,14,85,0,0,79,85,0,0,6,0,0,79,0,gRNA_CDK9_targ_1119_2026
Reference,56.35696822,43.64303178,3649,3648,818,461,357,0,1,0,356,1,0,356,0,0,0,0,gRNA_CDK9_targ_1120_2027
HDR,18.86148008,81.13851992,3649,3648,2635,497,2138,0,105,2,2138,0,0,2031,0,105,2,0,gRNA_CDK9_targ_1120_2027
Reference,24.96,75.04,1472,1472,625,156,469,0,1,1,468,1,0,467,0,0,1,0,gRNA_CDK9_targ_1121_2028
HDR,0.0,100.0,1472,1472,605,0,605,0,1,1,605,0,0,603,0,1,1,0,gRNA_CDK9_targ_1121_2028
Reference,96.89440994,3.10559006,1472,1472,161,156,5,0,1,1,5,0,0,3,0,1,1,0,gRNA_CDK9_targ_1121_2029
HDR,34.1221374,65.8778626,1472,1472,1310,447,863,0,0,1,863,0,0,862,0,0,1,0,gRNA_CDK9_targ_1121_2029
Reference,96.89440994,3.10559006,1472,1472,161,156,5,0,1,1,4,1,0,3,0,0,1,0,gRNA_CDK9_targ_1121_2030
HDR,68.20330969,31.79669031,1472,1472,846,577,269,0,0,1,268,0,1,268,0,0,0,0,gRNA_CDK9_targ_1121_2030
Reference,0.70754717,99.29245283,431,431,424,3,421,0,126,20,276,125,20,275,0,1,0,0,gRNA_CDK9_targ_1123_2031
HDR,50.0,50.0,431,431,2,1,1,0,0,0,1,0,0,1,0,0,0,0,gRNA_CDK9_targ_1123_2031
Reference,2.20588235,97.79411765,431,431,136,3,133,0,126,6,2,125,6,1,0,1,0,0,gRNA_CDK9_targ_1123_2032
HDR,95.0,5.0,431,431,280,266,14,0,0,0,14,0,0,14,0,0,0,0,gRNA_CDK9_targ_1123_2032
Reference,2.0,98.0,431,431,150,3,147,0,126,20,2,125,20,1,0,1,0,0,gRNA_CDK9_targ_1123_2033
HDR,16.66666667,83.33333333,431,431,6,1,5,0,0,0,5,0,0,5,0,0,0,0,gRNA_CDK9_targ_1123_2033
Reference,96.63865546,3.36134454,1101,1101,952,920,32,0,0,0,32,0,0,32,0,0,0,0,gRNA_CDK9_targ_1124_2034
HDR,97.27891156,2.72108844,1101,1101,147,143,4,0,0,0,4,0,0,4,0,0,0,0,gRNA_CDK9_targ_1124_2034
Reference,83.8650866,16.1349134,1101,1101,1097,920,177,0,0,1,176,0,1,176,0,0,0,0,gRNA_CDK9_targ_1124_2035
HDR,,,1101,1101,0,0,0,0,0,0,0,0,0,0,0,0,0,0,gRNA_CDK9_targ_1124_2035
Reference,96.4360587,3.5639413,1101,1101,954,920,34,0,0,1,33,0,1,33,0,0,0,0,gRNA_CDK9_targ_1124_2036
HDR,,,1101,1101,0,0,0,0,0,0,0,0,0,0,0,0,0,0,gRNA_CDK9_targ_1124_2036
Reference,39.10386965,60.89613035,2240,2240,982,384,598,0,0,149,597,0,1,449,0,0,148,0,gRNA_CDK9_targ_1125_2037
HDR,0.10460251,99.89539749,2240,2240,956,1,955,0,1,1,955,0,0,953,0,1,1,0,gRNA_CDK9_targ_1125_2037
Reference,96.48241206,3.51758794,2240,2240,398,384,14,0,0,1,13,0,1,13,0,0,0,0,gRNA_CDK9_targ_1125_2038
HDR,6.64010624,93.35989376,2240,2240,1506,100,1406,0,1,149,1262,0,144,1256,0,1,5,0,gRNA_CDK9_targ_1125_2038
Reference,52.45901639,47.54098361,2240,2240,732,384,348,0,0,1,347,0,1,347,0,0,0,0,gRNA_CDK9_targ_1125_2039
HDR,74.34262948,25.65737052,2240,2240,1255,933,322,0,1,1,320,1,1,320,0,0,0,0,gRNA_CDK9_targ_1125_2039
Reference,30.0,70.0,1676,1676,90,27,63,0,0,62,3,0,60,1,0,0,2,0,gRNA_CDK9_targ_1126_2040
HDR,87.09677419,12.90322581,1676,1676,775,675,100,0,0,0,100,0,0,100,0,0,0,0,gRNA_CDK9_targ_1126_2040
Reference,97.48062016,2.51937984,1850,1850,1032,1006,26,0,0,0,26,0,0,26,0,0,0,0,gRNA_CDK9_targ_1127_2041
HDR,98.45916795,1.54083205,1850,1850,649,639,10,0,0,0,10,0,0,10,0,0,0,0,gRNA_CDK9_targ_1127_2041
Reference,85.14851485,14.85148515,295,295,101,86,15,0,0,0,15,0,0,15,0,0,0,0,gRNA_CDK9_targ_1128_2042
HDR,96.84210526,3.15789474,295,295,95,92,3,0,0,0,3,0,0,3,0,0,0,0,gRNA_CDK9_targ_1128_2042
Reference,0.0,100.0,469,469,22,0,22,0,4,16,18,4,0,2,0,0,16,0,gRNA_CDK9_targ_1131_2043
HDR,95.09803922,4.90196078,469,469,306,291,15,0,0,0,15,0,0,15,0,0,0,0,gRNA_CDK9_targ_1131_2043
Reference,0.0,100.0,469,469,462,0,462,0,63,16,399,63,0,383,0,0,16,0,gRNA_CDK9_targ_1131_2044
HDR,0.0,100.0,469,469,3,0,3,0,0,0,3,0,0,3,0,0,0,0,gRNA_CDK9_targ_1131_2044
Reference,0.0,100.0,469,469,163,0,163,0,67,16,96,67,0,80,0,0,16,0,gRNA_CDK9_targ_1131_2045
HDR,100.0,0.0,469,469,3,3,0,0,0,0,0,0,0,0,0,0,0,0,gRNA_CDK9_targ_1131_2045
Reference,80.76923077,19.23076923,366,366,104,84,20,0,16,0,4,16,0,4,0,0,0,0,gRNA_CDK9_targ_1132_2046
HDR,97.69230769,2.30769231,366,366,260,254,6,0,0,1,5,0,1,5,0,0,0,0,gRNA_CDK9_targ_1132_2046
Reference,100.0,0.0,331,331,2,2,0,0,0,0,0,0,0,0,0,0,0,0,gRNA_CDK9_targ_1135_2047
HDR,13.92405063,86.07594937,331,331,79,11,68,0,0,0,68,0,0,68,0,0,0,0,gRNA_CDK9_targ_1135_2047
Reference,0.22421525,99.77578475,819,819,446,1,445,0,0,0,445,0,0,445,0,0,0,0,gRNA_CDK9_targ_1136_2048
HDR,0.0,100.0,819,819,348,0,348,0,0,0,348,0,0,348,0,0,0,0,gRNA_CDK9_targ_1136_2048
Reference,100.0,0.0,819,819,1,1,0,0,0,0,0,0,0,0,0,0,0,0,gRNA_CDK9_targ_1136_2049
HDR,48.81266491,51.18733509,819,819,758,370,388,0,0,0,388,0,0,388,0,0,0,0,gRNA_CDK9_targ_1136_2049
Reference,1.66666667,98.33333333,819,819,60,1,59,0,0,0,59,0,0,59,0,0,0,0,gRNA_CDK9_targ_1136_2050
HDR,91.68900804,8.31099196,819,819,373,342,31,0,0,0,31,0,0,31,0,0,0,0,gRNA_CDK9_targ_1136_2050
Reference,5.08474576,94.91525424,667,662,295,15,280,0,1,0,279,1,0,279,0,0,0,0,gRNA_CDK9_targ_1137_2051
HDR,0.0,100.0,667,662,363,0,363,0,0,0,363,0,0,363,0,0,0,0,gRNA_CDK9_targ_1137_2051
Reference,100.0,0.0,667,662,15,15,0,0,0,0,0,0,0,0,0,0,0,0,gRNA_CDK9_targ_1137_2052
HDR,39.51612903,60.48387097,667,662,620,245,375,0,0,0,375,0,0,375,0,0,0,0,gRNA_CDK9_targ_1137_2052
Reference,35.71428571,64.28571429,667,662,42,15,27,0,1,0,26,1,0,26,0,0,0,0,gRNA_CDK9_targ_1137_2053
HDR,68.9373297,31.0626703,667,662,367,253,114,0,0,0,114,0,0,114,0,0,0,0,gRNA_CDK9_targ_1137_2053
Reference,4.34782609,95.65217391,858,858,92,4,88,0,0,14,88,0,0,74,0,0,14,0,gRNA_CDK9_targ_1138_2054
HDR,0.0,100.0,858,858,762,0,762,0,0,0,762,0,0,762,0,0,0,0,gRNA_CDK9_targ_1138_2054
Reference,0.98765432,99.01234568,858,858,405,4,401,0,0,2,401,0,0,399,0,0,2,0,gRNA_CDK9_targ_1138_2055
HDR,0.0,100.0,858,858,450,0,450,0,0,13,438,0,12,437,0,0,1,0,gRNA_CDK9_targ_1138_2055
Reference,4.87804878,95.12195122,858,858,82,4,78,0,0,2,78,0,0,76,0,0,2,0,gRNA_CDK9_targ_1138_2056
HDR,0.456621,99.543379,858,858,438,2,436,0,0,0,436,0,0,436,0,0,0,0,gRNA_CDK9_targ_1138_2056
Reference,11.9887165,88.0112835,1429,1429,1418,170,1248,0,0,1,1248,0,0,1247,0,0,1,0,gRNA_CDK9_targ_1139_2057
HDR,0.0,100.0,1429,1429,3,0,3,0,0,1,2,0,1,2,0,0,0,0,gRNA_CDK9_targ_1139_2057
Reference,55.19480519,44.80519481,1429,1429,308,170,138,0,0,0,138,0,0,138,0,0,0,0,gRNA_CDK9_targ_1139_2058
HDR,17.5,82.5,1429,1429,1120,196,924,0,0,2,922,0,2,922,0,0,0,0,gRNA_CDK9_targ_1139_2058
Reference,27.11323764,72.88676236,1429,1429,627,170,457,0,0,0,457,0,0,457,0,0,0,0,gRNA_CDK9_targ_1139_2059
HDR,15.30740276,84.69259724,1429,1429,797,122,675,0,0,0,675,0,0,675,0,0,0,0,gRNA_CDK9_targ_1139_2059
Reference,55.01618123,44.98381877,1429,1429,309,170,139,0,0,0,139,0,0,139,0,0,0,0,gRNA_CDK9_targ_1139_2060
HDR,0.0,100.0,1429,1429,7,0,7,0,0,1,6,0,1,6,0,0,0,0,gRNA_CDK9_targ_1139_2060
Reference,26.98412698,73.01587302,1429,1429,630,170,460,0,0,1,460,0,0,459,0,0,1,0,gRNA_CDK9_targ_1139_2061
HDR,0.0,100.0,1429,1429,6,0,6,0,0,1,5,0,1,5,0,0,0,0,gRNA_CDK9_targ_1139_2061
Reference,94.44444444,5.55555556,1429,1429,180,170,10,0,0,0,10,0,0,10,0,0,0,0,gRNA_CDK9_targ_1139_2062
HDR,81.39880952,18.60119048,1429,1429,672,547,125,0,0,1,124,0,1,124,0,0,0,0,gRNA_CDK9_targ_1139_2062
Reference,22.69692924,77.30307076,1429,1429,749,170,579,0,0,0,579,0,0,579,0,0,0,0,gRNA_CDK9_targ_1139_2063
HDR,0.14947683,99.85052317,1429,1429,669,1,668,0,0,0,668,0,0,668,0,0,0,0,gRNA_CDK9_targ_1139_2063
Reference,0.68493151,99.31506849,383,367,292,2,290,0,0,0,290,0,0,290,0,0,0,0,gRNA_CDK9_targ_1140_2064
HDR,0.0,100.0,383,367,72,0,72,0,0,1,72,0,0,71,0,0,1,0,gRNA_CDK9_targ_1140_2064
Reference,33.33333333,66.66666667,383,367,6,2,4,0,0,0,4,0,0,4,0,0,0,0,gRNA_CDK9_targ_1140_2065
HDR,0.0,100.0,383,367,361,0,361,0,0,2,360,0,1,359,0,0,1,0,gRNA_CDK9_targ_1140_2065
Reference,100.0,0.0,383,367,2,2,0,0,0,0,0,0,0,0,0,0,0,0,gRNA_CDK9_targ_1140_2066
HDR,0.0,100.0,383,367,364,0,364,0,0,2,363,0,1,362,0,0,1,0,gRNA_CDK9_targ_1140_2066
Reference,66.66666667,33.33333333,383,367,3,2,1,0,0,0,1,0,0,1,0,0,0,0,gRNA_CDK9_targ_1140_2067
HDR,0.0,100.0,383,367,363,0,363,0,0,1,363,0,0,362,0,0,1,0,gRNA_CDK9_targ_1140_2067
Reference,33.33333333,66.66666667,383,367,6,2,4,0,0,0,4,0,0,4,0,0,0,0,gRNA_CDK9_targ_1140_2068
HDR,0.0,100.0,383,367,74,0,74,0,0,1,74,0,0,73,0,0,1,0,gRNA_CDK9_targ_1140_2068
Reference,66.66666667,33.33333333,383,367,3,2,1,0,0,0,1,0,0,1,0,0,0,0,gRNA_CDK9_targ_1140_2069
HDR,0.0,100.0,383,367,75,0,75,0,0,2,74,0,1,73,0,0,1,0,gRNA_CDK9_targ_1140_2069
Reference,66.66666667,33.33333333,383,367,3,2,1,0,0,1,1,0,0,0,0,0,1,0,gRNA_CDK9_targ_1140_2070
HDR,0.0,100.0,383,367,73,0,73,0,0,1,73,0,0,72,0,0,1,0,gRNA_CDK9_targ_1140_2070
Reference,66.66666667,33.33333333,383,367,3,2,1,0,0,0,1,0,0,1,0,0,0,0,gRNA_CDK9_targ_1140_2071
HDR,0.0,100.0,383,367,361,0,361,0,0,2,360,0,1,359,0,0,1,0,gRNA_CDK9_targ_1140_2071
Reference,100.0,0.0,383,367,2,2,0,0,0,0,0,0,0,0,0,0,0,0,gRNA_CDK9_targ_1140_2072
HDR,0.0,100.0,383,367,360,0,360,0,0,2,359,0,1,358,0,0,1,0,gRNA_CDK9_targ_1140_2072
Reference,100.0,0.0,383,367,2,2,0,0,0,0,0,0,0,0,0,0,0,0,gRNA_CDK9_targ_1140_2073
HDR,0.55096419,99.44903581,383,367,363,2,361,0,0,1,361,0,0,360,0,0,1,0,gRNA_CDK9_targ_1140_2073
Reference,33.33333333,66.66666667,383,367,6,2,4,0,0,0,4,0,0,4,0,0,0,0,gRNA_CDK9_targ_1140_2074
HDR,0.27777778,99.72222222,383,367,360,1,359,0,0,1,358,0,1,358,0,0,0,0,gRNA_CDK9_targ_1140_2074
Reference,33.33333333,66.66666667,383,367,6,2,4,0,0,0,4,0,0,4,0,0,0,0,gRNA_CDK9_targ_1140_2075
HDR,0.0,100.0,383,367,360,0,360,0,0,1,359,0,1,359,0,0,0,0,gRNA_CDK9_targ_1140_2075
Reference,100.0,0.0,383,367,2,2,0,0,0,0,0,0,0,0,0,0,0,0,gRNA_CDK9_targ_1140_2076
HDR,0.0,100.0,383,367,363,0,363,0,0,1,362,0,1,362,0,0,0,0,gRNA_CDK9_targ_1140_2076
Reference,100.0,0.0,383,367,2,2,0,0,0,0,0,0,0,0,0,0,0,0,gRNA_CDK9_targ_1140_2077
HDR,77.96143251,22.03856749,383,367,363,283,80,0,0,1,79,0,1,79,0,0,0,0,gRNA_CDK9_targ_1140_2077
Reference,50.0,50.0,383,367,4,2,2,0,0,1,2,0,0,1,0,0,1,0,gRNA_CDK9_targ_1140_2078
HDR,1.11111111,98.88888889,383,367,360,4,356,0,0,1,355,0,1,355,0,0,0,0,gRNA_CDK9_targ_1140_2078
Reference,22.78978389,77.21021611,1686,1683,509,116,393,0,1,0,393,0,0,392,0,1,0,0,gRNA_CDK9_targ_1141_2079
HDR,0.0,100.0,1686,1683,1014,0,1014,0,0,2,1014,0,0,1012,0,0,2,0,gRNA_CDK9_targ_1141_2079
Reference,47.73662551,52.26337449,1686,1683,243,116,127,0,0,0,127,0,0,127,0,0,0,0,gRNA_CDK9_targ_1141_2080
HDR,0.0,100.0,1686,1683,1274,0,1274,0,0,2,1274,0,0,1272,0,0,2,0,gRNA_CDK9_targ_1141_2080
Reference,96.66666667,3.33333333,1686,1683,120,116,4,0,0,0,4,0,0,4,0,0,0,0,gRNA_CDK9_targ_1141_2081
HDR,0.14430014,99.85569986,1686,1683,1386,2,1384,0,1,2,1383,1,0,1381,0,0,2,0,gRNA_CDK9_targ_1141_2081
Reference,89.92248062,10.07751938,1686,1683,129,116,13,0,0,0,13,0,0,13,0,0,0,0,gRNA_CDK9_targ_1141_2082
HDR,0.0,100.0,1686,1683,894,0,894,0,0,2,892,0,2,892,0,0,0,0,gRNA_CDK9_targ_1141_2082
Reference,84.67153285,15.32846715,1686,1683,137,116,21,0,0,0,21,0,0,21,0,0,0,0,gRNA_CDK9_targ_1141_2083
HDR,11.72413793,88.27586207,1686,1683,1015,119,896,0,0,2,894,0,2,894,0,0,0,0,gRNA_CDK9_targ_1141_2083
Reference,95.8677686,4.1322314,1686,1683,121,116,5,0,0,0,5,0,0,5,0,0,0,0,gRNA_CDK9_targ_1141_2084
HDR,27.66952455,72.33047545,1686,1683,1283,355,928,0,1,2,925,1,2,925,0,0,0,0,gRNA_CDK9_targ_1141_2084
Reference,95.08196721,4.91803279,1686,1683,122,116,6,0,0,0,6,0,0,6,0,0,0,0,gRNA_CDK9_targ_1141_2085
HDR,23.42277012,76.57722988,1686,1683,1379,323,1056,0,1,2,1053,1,2,1053,0,0,0,0,gRNA_CDK9_targ_1141_2085
Reference,20.60810811,79.39189189,1817,1816,592,122,470,0,1,1,469,1,0,468,0,0,1,0,gRNA_CDK9_targ_1142_2086
HDR,1.40692641,98.59307359,1817,1816,924,13,911,0,0,2,911,0,0,909,0,0,2,0,gRNA_CDK9_targ_1142_2086
Reference,35.15850144,64.84149856,1817,1816,347,122,225,0,0,1,225,0,0,224,0,0,1,0,gRNA_CDK9_targ_1142_2087
HDR,0.0,100.0,1817,1816,1274,0,1274,0,0,2,1274,0,0,1272,0,0,2,0,gRNA_CDK9_targ_1142_2087
Reference,23.55212355,76.44787645,1817,1816,518,122,396,0,1,1,395,1,0,394,0,0,1,0,gRNA_CDK9_targ_1142_2088
HDR,55.12073272,44.87926728,1817,1816,1201,662,539,0,0,2,539,0,0,537,0,0,2,0,gRNA_CDK9_targ_1142_2088
Reference,0.87390762,99.12609238,1216,1216,801,7,794,0,1,1,793,1,0,792,0,0,1,0,gRNA_CDK9_targ_1143_2089
HDR,43.1372549,56.8627451,1216,1216,408,176,232,0,0,0,232,0,0,232,0,0,0,0,gRNA_CDK9_targ_1143_2089
Reference,100.0,0.0,1252,1112,6,6,0,0,0,0,0,0,0,0,0,0,0,0,gRNA_CDK9_targ_1144_2090
HDR,96.72727273,3.27272727,1252,1112,1100,1064,36,0,0,0,36,0,0,36,0,0,0,0,gRNA_CDK9_targ_1144_2090
Reference,1.99501247,98.00498753,866,866,401,8,393,0,0,0,393,0,0,393,0,0,0,0,gRNA_CDK9_targ_1148_2091
HDR,0.0,100.0,866,866,463,0,463,0,0,0,463,0,0,463,0,0,0,0,gRNA_CDK9_targ_1148_2091
Reference,100.0,0.0,866,866,8,8,0,0,0,0,0,0,0,0,0,0,0,0,gRNA_CDK9_targ_1148_2092
HDR,30.31203566,69.68796434,866,866,673,204,469,0,0,0,469,0,0,469,0,0,0,0,gRNA_CDK9_targ_1148_2092
Reference,4.16666667,95.83333333,866,866,192,8,184,0,0,0,184,0,0,184,0,0,0,0,gRNA_CDK9_targ_1148_2093
HDR,96.98275862,3.01724138,866,866,464,450,14,0,0,0,14,0,0,14,0,0,0,0,gRNA_CDK9_targ_1148_2093
Reference,75.0,25.0,2869,2866,4,3,1,0,0,0,1,0,0,1,0,0,0,0,gRNA_CDK9_targ_1149_2094
HDR,38.37920489,61.62079511,2869,2866,1962,753,1209,0,0,2,1207,0,2,1207,0,0,0,0,gRNA_CDK9_targ_1149_2094
Reference,,,700,700,0,0,0,0,0,0,0,0,0,0,0,0,0,0,gRNA_CDK9_targ_1151_2095
HDR,85.95988539,14.04011461,700,700,698,600,98,0,0,0,98,0,0,98,0,0,0,0,gRNA_CDK9_targ_1151_2095
Reference,21.05263158,78.94736842,2697,2697,19,4,15,0,14,0,1,14,0,1,0,0,0,0,gRNA_CDK9_targ_1152_2096
HDR,30.91353997,69.08646003,2697,2697,2452,758,1694,0,0,0,1694,0,0,1694,0,0,0,0,gRNA_CDK9_targ_1152_2096
Reference,14.21568627,85.78431373,3585,3282,204,29,175,0,7,59,109,7,59,109,0,0,0,0,gRNA_CDK9_targ_1153_2097
HDR,69.68005952,30.31994048,3585,3282,2688,1873,815,0,94,1,809,5,1,720,0,89,0,0,gRNA_CDK9_targ_1153_2097
Reference,32.59668508,67.40331492,1542,1542,362,118,244,0,1,0,243,1,0,243,0,0,0,0,gRNA_CDK9_targ_1154_2098
HDR,77.23024639,22.76975361,1542,1542,1177,909,268,0,0,1,268,0,0,267,0,0,1,0,gRNA_CDK9_targ_1154_2098
Reference,10.4993598,89.5006402,1033,966,781,82,699,0,0,81,618,0,81,618,0,0,0,0,gRNA_CDK9_targ_1155_2099
HDR,17.39130435,82.60869565,1033,966,184,32,152,0,0,0,152,0,0,152,0,0,0,0,gRNA_CDK9_targ_1155_2099
Reference,40.7960199,59.2039801,1033,966,201,82,119,0,0,81,38,0,81,38,0,0,0,0,gRNA_CDK9_targ_1155_2100
HDR,53.07189542,46.92810458,1033,966,765,406,359,0,0,0,359,0,0,359,0,0,0,0,gRNA_CDK9_targ_1155_2100
Reference,49.6969697,50.3030303,1033,966,165,82,83,0,0,81,2,0,81,2,0,0,0,0,gRNA_CDK9_targ_1155_2101
HDR,93.95973154,6.04026846,1033,966,149,140,9,0,0,0,9,0,0,9,0,0,0,0,gRNA_CDK9_targ_1155_2101
Reference,20.52757794,79.47242206,5355,5355,2085,428,1657,0,0,0,1657,0,0,1657,0,0,0,0,gRNA_CDK9_targ_1156_2102
HDR,54.56424389,45.43575611,5355,5355,2903,1584,1319,0,0,3,1316,0,3,1316,0,0,0,0,gRNA_CDK9_targ_1156_2102
Reference,12.14285714,87.85714286,1773,1773,140,17,123,0,0,0,123,0,0,123,0,0,0,0,gRNA_CDK9_targ_1157_2103
HDR,0.08710801,99.91289199,1773,1773,1148,1,1147,0,0,3,1146,0,1,1144,0,0,2,0,gRNA_CDK9_targ_1157_2103
Reference,9.8265896,90.1734104,1773,1773,173,17,156,0,1,1,156,0,0,154,0,1,1,0,gRNA_CDK9_targ_1157_2104
HDR,0.06798097,99.93201903,1773,1773,1471,1,1470,0,0,3,1469,0,1,1467,0,0,2,0,gRNA_CDK9_targ_1157_2104
Reference,9.8265896,90.1734104,1773,1773,173,17,156,0,1,1,156,0,0,154,0,1,1,0,gRNA_CDK9_targ_1157_2105
HDR,44.23740511,55.76259489,1773,1773,1449,641,808,0,0,3,805,0,3,805,0,0,0,0,gRNA_CDK9_targ_1157_2105
Reference,44.33656958,55.66343042,1419,1419,309,137,172,0,1,0,172,0,0,171,0,1,0,0,gRNA_CDK9_targ_1158_2106
HDR,0.0,100.0,1419,1419,1098,0,1098,0,0,0,1098,0,0,1098,0,0,0,0,gRNA_CDK9_targ_1158_2106
Reference,97.85714286,2.14285714,1419,1419,140,137,3,0,0,0,3,0,0,3,0,0,0,0,gRNA_CDK9_targ_1158_2107
HDR,12.88,87.12,1419,1419,1250,161,1089,0,0,0,1089,0,0,1089,0,0,0,0,gRNA_CDK9_targ_1158_2107
Reference,95.8041958,4.1958042,1419,1419,143,137,6,0,1,0,6,0,0,5,0,1,0,0,gRNA_CDK9_targ_1158_2108
HDR,94.22903517,5.77096483,1419,1419,1109,1045,64,0,0,0,64,0,0,64,0,0,0,0,gRNA_CDK9_targ_1158_2108
Reference,23.62584378,76.37415622,2805,2805,1037,245,792,0,0,1,792,0,0,791,0,0,1,0,gRNA_CDK9_targ_1159_2109
HDR,68.50170261,31.49829739,2805,2805,1762,1207,555,0,0,0,555,0,0,555,0,0,0,0,gRNA_CDK9_targ_1159_2109
Reference,97.2972973,2.7027027,1607,1605,37,36,1,0,0,0,1,0,0,1,0,0,0,0,gRNA_CDK9_targ_1160_2110
HDR,97.37532808,2.62467192,1607,1605,1524,1484,40,0,0,3,37,0,3,37,0,0,0,0,gRNA_CDK9_targ_1160_2110
Reference,97.16312057,2.83687943,1997,1997,1551,1507,44,0,1,1,43,0,1,42,0,1,0,0,gRNA_CDK9_targ_1161_2111
HDR,97.73755656,2.26244344,1997,1997,442,432,10,0,0,0,10,0,0,10,0,0,0,0,gRNA_CDK9_targ_1161_2111
Reference,97.47634069,2.52365931,3064,3064,317,309,8,0,0,0,8,0,0,8,0,0,0,0,gRNA_CDK9_targ_1162_2112
HDR,97.21189591,2.78810409,3064,3064,2690,2615,75,0,0,3,72,0,3,72,0,0,0,0,gRNA_CDK9_targ_1162_2112
Reference,1.54639175,98.45360825,860,860,194,3,191,0,1,191,191,0,0,0,0,0,190,1,gRNA_CDK9_targ_1165_2113
HDR,98.27956989,1.72043011,860,860,465,457,8,0,0,0,8,0,0,8,0,0,0,0,gRNA_CDK9_targ_1165_2113
Reference,1.35135135,98.64864865,800,800,74,1,73,0,0,0,73,0,0,73,0,0,0,0,gRNA_CDK9_targ_1166_2114
HDR,74.0608229,25.9391771,800,800,559,414,145,0,0,0,145,0,0,145,0,0,0,0,gRNA_CDK9_targ_1166_2114
Reference,18.13285458,81.86714542,2598,2595,1671,303,1368,0,42,0,1330,38,0,1326,0,4,0,0,gRNA_CDK9_targ_1167_2115
HDR,8.68621064,91.31378936,2598,2595,921,80,841,0,0,0,841,0,0,841,0,0,0,0,gRNA_CDK9_targ_1167_2115
Reference,39.55613577,60.44386423,2598,2595,766,303,463,0,12,0,454,9,0,451,0,3,0,0,gRNA_CDK9_targ_1167_2116
HDR,31.01336303,68.98663697,2598,2595,1796,557,1239,0,0,0,1239,0,0,1239,0,0,0,0,gRNA_CDK9_targ_1167_2116
Reference,15.26448363,84.73551637,2598,2595,1985,303,1682,0,42,0,1644,38,0,1640,0,4,0,0,gRNA_CDK9_targ_1167_2117
HDR,0.0,100.0,2598,2595,605,0,605,0,0,0,605,0,0,605,0,0,0,0,gRNA_CDK9_targ_1167_2117
Reference,42.61603376,57.38396624,2598,2595,711,303,408,0,42,0,370,38,0,366,0,4,0,0,gRNA_CDK9_targ_1167_2118
HDR,71.73652695,28.26347305,2598,2595,835,599,236,0,0,0,236,0,0,236,0,0,0,0,gRNA_CDK9_targ_1167_2118
Reference,23.48837209,76.51162791,2598,2595,1290,303,987,0,42,0,949,38,0,945,0,4,0,0,gRNA_CDK9_targ_1167_2119
HDR,0.9009009,99.0990991,2598,2595,222,2,220,0,0,0,220,0,0,220,0,0,0,0,gRNA_CDK9_targ_1167_2119
Reference,38.01756587,61.98243413,2598,2595,797,303,494,0,42,0,456,38,0,452,0,4,0,0,gRNA_CDK9_targ_1167_2120
HDR,61.65289256,38.34710744,2598,2595,605,373,232,0,0,0,232,0,0,232,0,0,0,0,gRNA_CDK9_targ_1167_2120
Reference,22.06846322,77.93153678,2598,2595,1373,303,1070,0,42,0,1032,38,0,1028,0,4,0,0,gRNA_CDK9_targ_1167_2121
HDR,0.08203445,99.91796555,2598,2595,1219,1,1218,0,0,0,1218,0,0,1218,0,0,0,0,gRNA_CDK9_targ_1167_2121
Reference,12.63595649,87.36404351,6531,6277,6252,790,5462,0,4,3,5462,0,0,5455,0,4,3,0,gRNA_CDK9_targ_1168_2122
HDR,40.0,60.0,6531,6277,5,2,3,0,0,0,3,0,0,3,0,0,0,0,gRNA_CDK9_targ_1168_2122
Reference,59.39849624,40.60150376,6531,6277,1330,790,540,0,4,2,540,0,0,534,0,4,2,0,gRNA_CDK9_targ_1168_2123
HDR,50.95227425,49.04772575,6531,6277,4463,2274,2189,0,0,0,2189,0,0,2189,0,0,0,0,gRNA_CDK9_targ_1168_2123
Reference,43.62230812,56.37769188,6531,6277,1811,790,1021,0,4,3,1021,0,0,1014,0,4,3,0,gRNA_CDK9_targ_1168_2124
HDR,4.76190476,95.23809524,6531,6277,21,1,20,0,0,0,20,0,0,20,0,0,0,0,gRNA_CDK9_targ_1168_2124
Reference,2.04336947,97.95663053,2866,2865,2398,49,2349,0,10,1,2345,3,1,2338,0,7,0,0,gRNA_CDK9_targ_1169_2125
HDR,0.44444444,99.55555556,2866,2865,450,2,448,0,0,0,448,0,0,448,0,0,0,0,gRNA_CDK9_targ_1169_2125
Reference,0.0,100.0,25,25,16,0,16,0,0,1,15,0,1,15,0,0,0,0,gRNA_CDK9_targ_1170_2126
HDR,0.0,100.0,25,25,9,0,9,0,0,0,9,0,0,9,0,0,0,0,gRNA_CDK9_targ_1170_2126
Reference,0.0,100.0,25,25,11,0,11,0,0,0,11,0,0,11,0,0,0,0,gRNA_CDK9_targ_1170_2127
HDR,40.0,60.0,25,25,5,2,3,0,0,0,3,0,0,3,0,0,0,0,gRNA_CDK9_targ_1170_2127
Reference,0.0,100.0,25,25,14,0,14,0,0,1,13,0,1,13,0,0,0,0,gRNA_CDK9_targ_1170_2128
HDR,22.22222222,77.77777778,25,25,9,2,7,0,0,0,7,0,0,7,0,0,0,0,gRNA_CDK9_targ_1170_2128
Reference,97.77777778,2.22222222,1587,1587,180,176,4,0,0,2,2,0,2,2,0,0,0,0,gRNA_CDK9_targ_1171_2129
HDR,27.40899358,72.59100642,1587,1587,934,256,678,0,1,0,677,1,0,677,0,0,0,0,gRNA_CDK9_targ_1171_2129
Reference,95.18716578,4.81283422,1879,1879,187,178,9,0,1,0,9,0,0,8,0,1,0,0,gRNA_CDK9_targ_1173_2130
HDR,77.32386027,22.67613973,1879,1879,1689,1306,383,0,0,0,383,0,0,383,0,0,0,0,gRNA_CDK9_targ_1173_2130
Reference,58.87850467,41.12149533,1807,1807,214,126,88,0,0,88,88,0,0,0,0,0,88,0,gRNA_CDK9_targ_1174_2131
HDR,97.35682819,2.64317181,1807,1807,1589,1547,42,0,0,0,42,0,0,42,0,0,0,0,gRNA_CDK9_targ_1174_2131
Reference,75.0,25.0,586,586,4,3,1,0,0,0,1,0,0,1,0,0,0,0,gRNA_CDK9_targ_1176_2132
HDR,64.13994169,35.86005831,586,586,343,220,123,0,0,0,123,0,0,123,0,0,0,0,gRNA_CDK9_targ_1176_2132
Reference,95.85987261,4.14012739,2568,2467,314,301,13,0,0,1,13,0,0,12,0,0,1,0,gRNA_CDK9_targ_1177_2133
HDR,81.43322476,18.56677524,2568,2467,2149,1750,399,0,0,0,399,0,0,399,0,0,0,0,gRNA_CDK9_targ_1177_2133
Reference,22.22222222,77.77777778,14,14,9,2,7,0,0,6,6,0,1,1,0,0,5,0,gRNA_CDK9_targ_1178_2134
HDR,0.0,100.0,14,14,5,0,5,0,0,0,5,0,0,5,0,0,0,0,gRNA_CDK9_targ_1178_2134
Reference,22.22222222,77.77777778,14,14,9,2,7,0,0,6,6,0,1,1,0,0,5,0,gRNA_CDK9_targ_1178_2135
HDR,0.0,100.0,14,14,5,0,5,0,0,0,5,0,0,5,0,0,0,0,gRNA_CDK9_targ_1178_2135
Reference,20.0,80.0,14,14,10,2,8,0,0,6,7,0,1,2,0,0,5,0,gRNA_CDK9_targ_1178_2136
HDR,0.0,100.0,14,14,4,0,4,0,0,0,4,0,0,4,0,0,0,0,gRNA_CDK9_targ_1178_2136
Reference,22.22222222,77.77777778,14,14,9,2,7,0,0,6,6,0,1,1,0,0,5,0,gRNA_CDK9_targ_1178_2137
HDR,20.0,80.0,14,14,5,1,4,0,0,0,4,0,0,4,0,0,0,0,gRNA_CDK9_targ_1178_2137
Reference,22.22222222,77.77777778,14,14,9,2,7,0,0,6,6,0,1,1,0,0,5,0,gRNA_CDK9_targ_1178_2138
HDR,0.0,100.0,14,14,4,0,4,0,0,0,4,0,0,4,0,0,0,0,gRNA_CDK9_targ_1178_2138
Reference,22.22222222,77.77777778,14,14,9,2,7,0,0,6,6,0,1,1,0,0,5,0,gRNA_CDK9_targ_1178_2139
HDR,0.0,100.0,14,14,4,0,4,0,0,0,4,0,0,4,0,0,0,0,gRNA_CDK9_targ_1178_2139
Reference,22.22222222,77.77777778,14,14,9,2,7,0,0,6,6,0,1,1,0,0,5,0,gRNA_CDK9_targ_1178_2140
HDR,60.0,40.0,14,14,5,3,2,0,0,0,2,0,0,2,0,0,0,0,gRNA_CDK9_targ_1178_2140
Reference,14.36848204,85.63151796,3213,3185,2589,372,2217,0,0,2,2217,0,0,2215,0,0,2,0,gRNA_CDK9_targ_1179_2141
HDR,0.16835017,99.83164983,3213,3185,594,1,593,0,0,1,593,0,0,592,0,0,1,0,gRNA_CDK9_targ_1179_2141
Reference,20.36124795,79.63875205,3213,3185,1827,372,1455,0,0,1,1455,0,0,1454,0,0,1,0,gRNA_CDK9_targ_1179_2142
HDR,0.0,100.0,3213,3185,1354,0,1354,0,0,2,1354,0,0,1352,0,0,2,0,gRNA_CDK9_targ_1179_2142
Reference,30.04846527,69.95153473,3213,3185,1238,372,866,0,0,0,866,0,0,866,0,0,0,0,gRNA_CDK9_targ_1179_2143
HDR,0.0,100.0,3213,3185,3,0,3,0,0,0,3,0,0,3,0,0,0,0,gRNA_CDK9_targ_1179_2143
Reference,0.49342105,99.50657895,624,624,608,3,605,0,0,2,604,0,1,603,0,0,1,0,gRNA_CDK9_targ_1180_2144
HDR,13.33333333,86.66666667,624,624,15,2,13,0,0,0,13,0,0,13,0,0,0,0,gRNA_CDK9_targ_1180_2144
Reference,0.1183432,99.8816568,1903,1900,1690,2,1688,0,363,2,1435,253,0,1324,0,109,1,1,gRNA_CDK9_targ_1181_2145
HDR,0.0,100.0,1903,1900,185,0,185,0,0,0,185,0,0,185,0,0,0,0,gRNA_CDK9_targ_1181_2145
Reference,66.66666667,33.33333333,1903,1900,3,2,1,0,1,0,0,1,0,0,0,0,0,0,gRNA_CDK9_targ_1181_2146
HDR,6.52173913,93.47826087,1903,1900,1610,105,1505,0,103,2,1415,89,0,1401,1,13,1,0,gRNA_CDK9_targ_1181_2146
Reference,0.42918455,99.57081545,1903,1900,466,2,464,0,262,21,190,253,21,181,0,9,0,0,gRNA_CDK9_targ_1181_2147
HDR,0.0,100.0,1903,1900,1113,0,1113,0,101,1,1023,89,0,1012,1,11,0,0,gRNA_CDK9_targ_1181_2147
Reference,0.74906367,99.25093633,1903,1900,267,2,265,0,260,0,12,253,0,5,0,7,0,0,gRNA_CDK9_targ_1181_2148
HDR,0.0,100.0,1903,1900,188,0,188,0,0,0,188,0,0,188,0,0,0,0,gRNA_CDK9_targ_1181_2148
Reference,0.25412961,99.74587039,1903,1900,787,2,785,0,263,23,511,253,21,500,0,9,1,1,gRNA_CDK9_targ_1181_2149
HDR,0.0,100.0,1903,1900,187,0,187,0,0,0,187,0,0,187,0,0,0,0,gRNA_CDK9_targ_1181_2149
Reference,0.70422535,99.29577465,1903,1900,284,2,282,0,260,21,8,253,21,1,0,7,0,0,gRNA_CDK9_targ_1181_2150
HDR,58.43373494,41.56626506,1903,1900,1328,776,552,0,0,1,552,0,0,551,0,0,1,0,gRNA_CDK9_targ_1181_2150
Reference,0.35087719,99.64912281,1903,1900,570,2,568,0,363,22,294,253,21,184,0,109,0,1,gRNA_CDK9_targ_1181_2151
HDR,17.68774704,82.31225296,1903,1900,1012,179,833,0,0,0,833,0,0,833,0,0,0,0,gRNA_CDK9_targ_1181_2151
Reference,96.39175258,3.60824742,1631,1631,194,187,7,0,0,0,7,0,0,7,0,0,0,0,gRNA_CDK9_targ_1182_2152
HDR,17.9964539,82.0035461,1631,1631,1128,203,925,0,1,0,924,1,0,924,0,0,0,0,gRNA_CDK9_targ_1182_2152
Reference,39.28571429,60.71428571,1631,1631,476,187,289,0,2,0,289,0,0,287,0,2,0,0,gRNA_CDK9_targ_1182_2153
HDR,0.1490313,99.8509687,1631,1631,671,1,670,0,0,0,670,0,0,670,0,0,0,0,gRNA_CDK9_targ_1182_2153
Reference,70.30075188,29.69924812,1631,1631,266,187,79,0,0,0,79,0,0,79,0,0,0,0,gRNA_CDK9_targ_1182_2154
HDR,74.196351,25.803649,1631,1631,1151,854,297,0,0,0,297,0,0,297,0,0,0,0,gRNA_CDK9_targ_1182_2154
Reference,100.0,0.0,41,41,19,19,0,0,0,0,0,0,0,0,0,0,0,0,gRNA_CDK9_targ_1183_2155
HDR,4.54545455,95.45454545,41,41,22,1,21,0,0,0,21,0,0,21,0,0,0,0,gRNA_CDK9_targ_1183_2155
Reference,95.0,5.0,41,41,20,19,1,0,0,0,1,0,0,1,0,0,0,0,gRNA_CDK9_targ_1183_2156
HDR,0.0,100.0,41,41,21,0,21,0,0,0,21,0,0,21,0,0,0,0,gRNA_CDK9_targ_1183_2156
Reference,55.88235294,44.11764706,41,41,34,19,15,0,0,0,15,0,0,15,0,0,0,0,gRNA_CDK9_targ_1183_2157
HDR,0.0,100.0,41,41,7,0,7,0,0,0,7,0,0,7,0,0,0,0,gRNA_CDK9_targ_1183_2157
Reference,100.0,0.0,41,41,19,19,0,0,0,0,0,0,0,0,0,0,0,0,gRNA_CDK9_targ_1183_2158
HDR,61.9047619,38.0952381,41,41,21,13,8,0,0,0,8,0,0,8,0,0,0,0,gRNA_CDK9_targ_1183_2158
Reference,100.0,0.0,41,41,19,19,0,0,0,0,0,0,0,0,0,0,0,0,gRNA_CDK9_targ_1183_2159
HDR,0.0,100.0,41,41,7,0,7,0,0,0,7,0,0,7,0,0,0,0,gRNA_CDK9_targ_1183_2159
Reference,95.0,5.0,41,41,20,19,1,0,0,0,1,0,0,1,0,0,0,0,gRNA_CDK9_targ_1183_2160
HDR,0.0,100.0,41,41,7,0,7,0,0,0,7,0,0,7,0,0,0,0,gRNA_CDK9_targ_1183_2160
Reference,95.0,5.0,41,41,20,19,1,0,0,0,1,0,0,1,0,0,0,0,gRNA_CDK9_targ_1183_2161
HDR,33.33333333,66.66666667,41,41,21,7,14,0,0,0,14,0,0,14,0,0,0,0,gRNA_CDK9_targ_1183_2161
Reference,85.0931677,14.9068323,1454,1454,161,137,24,0,14,0,22,2,0,10,0,12,0,0,gRNA_CDK9_targ_1184_2162
HDR,0.27027027,99.72972973,1454,1454,740,2,738,0,0,128,612,0,126,610,0,0,2,0,gRNA_CDK9_targ_1184_2162
Reference,25.7518797,74.2481203,1454,1454,532,137,395,0,0,128,395,0,0,267,0,0,128,0,gRNA_CDK9_targ_1184_2163
HDR,21.04072398,78.95927602,1454,1454,884,186,698,0,0,0,698,0,0,698,0,0,0,0,gRNA_CDK9_targ_1184_2163
Reference,12.60349586,87.39650414,1454,1454,1087,137,950,0,2,128,948,2,0,820,0,0,128,0,gRNA_CDK9_targ_1184_2164
HDR,0.0,100.0,1454,1454,309,0,309,0,12,0,297,12,0,297,0,0,0,0,gRNA_CDK9_targ_1184_2164
Reference,33.99503722,66.00496278,1454,1454,403,137,266,0,0,0,266,0,0,266,0,0,0,0,gRNA_CDK9_targ_1184_2165
HDR,72.91066282,27.08933718,1454,1454,694,506,188,0,0,0,188,0,0,188,0,0,0,0,gRNA_CDK9_targ_1184_2165
Reference,31.71296296,68.28703704,1454,1454,432,137,295,0,2,0,293,2,0,293,0,0,0,0,gRNA_CDK9_targ_1184_2166
HDR,0.0,100.0,1454,1454,354,0,354,0,0,0,354,0,0,354,0,0,0,0,gRNA_CDK9_targ_1184_2166
Reference,45.97315436,54.02684564,1454,1454,298,137,161,0,2,128,159,2,0,31,0,0,128,0,gRNA_CDK9_targ_1184_2167
HDR,0.0,100.0,1454,1454,107,0,107,0,12,0,95,12,0,95,0,0,0,0,gRNA_CDK9_targ_1184_2167
Reference,28.07377049,71.92622951,1454,1454,488,137,351,0,2,128,349,2,0,221,0,0,128,0,gRNA_CDK9_targ_1184_2168
HDR,6.18066561,93.81933439,1454,1454,631,39,592,0,0,0,592,0,0,592,0,0,0,0,gRNA_CDK9_targ_1184_2168
Reference,50.52366988,49.47633012,3055,3055,2387,1206,1181,0,0,1,1180,0,1,1180,0,0,0,0,gRNA_CDK9_targ_1185_2169
HDR,0.0,100.0,3055,3055,641,0,641,0,0,0,641,0,0,641,0,0,0,0,gRNA_CDK9_targ_1185_2169
Reference,97.10144928,2.89855072,3055,3055,1242,1206,36,0,0,1,35,0,1,35,0,0,0,0,gRNA_CDK9_targ_1185_2170
HDR,47.59269507,52.40730493,3055,3055,1807,860,947,0,0,0,947,0,0,947,0,0,0,0,gRNA_CDK9_targ_1185_2170
Reference,96.71210906,3.28789094,3055,3055,1247,1206,41,0,0,1,40,0,1,40,0,0,0,0,gRNA_CDK9_targ_1185_2171
HDR,33.58547655,66.41452345,3055,3055,661,222,439,0,0,0,439,0,0,439,0,0,0,0,gRNA_CDK9_targ_1185_2171
Reference,96.5258216,3.4741784,1166,1166,1065,1028,37,0,0,0,37,0,0,37,0,0,0,0,gRNA_CDK9_targ_1186_2172
HDR,100.0,0.0,1166,1166,80,80,0,0,0,0,0,0,0,0,0,0,0,0,gRNA_CDK9_targ_1186_2172
Reference,76.53429603,23.46570397,2496,2496,831,636,195,0,0,0,195,0,0,195,0,0,0,0,gRNA_CDK9_targ_1187_2173
HDR,97.24091521,2.75908479,2496,2496,1486,1445,41,0,1,4,39,0,2,37,0,0,1,1,gRNA_CDK9_targ_1187_2173
Reference,96.13180516,3.86819484,2023,2023,698,671,27,0,0,0,27,0,0,27,0,0,0,0,gRNA_CDK9_targ_1191_2174
HDR,2.32876712,97.67123288,2023,2023,730,17,713,0,0,1,712,0,1,712,0,0,0,0,gRNA_CDK9_targ_1191_2174
Reference,51.69491525,48.30508475,2023,2023,1298,671,627,0,1,0,626,1,0,626,0,0,0,0,gRNA_CDK9_targ_1191_2175
HDR,0.0,100.0,2023,2023,714,0,714,0,0,1,713,0,1,713,0,0,0,0,gRNA_CDK9_targ_1191_2175
Reference,52.17729393,47.82270607,2023,2023,1286,671,615,0,1,0,614,1,0,614,0,0,0,0,gRNA_CDK9_targ_1191_2176
HDR,97.06293706,2.93706294,2023,2023,715,694,21,0,0,1,20,0,1,20,0,0,0,0,gRNA_CDK9_targ_1191_2176
Reference,29.16666667,70.83333333,5845,5835,24,7,17,0,0,0,17,0,0,17,0,0,0,0,gRNA_CDK9_targ_1192_2177
HDR,4.32786885,95.67213115,5845,5835,4575,198,4377,0,222,7,4375,0,2,4148,0,222,5,0,gRNA_CDK9_targ_1192_2177
Reference,2.09580838,97.90419162,5845,5835,334,7,327,0,0,2,327,0,0,325,0,0,2,0,gRNA_CDK9_targ_1192_2178
HDR,0.27392257,99.72607743,5845,5835,5476,15,5461,0,251,6,5433,27,1,5204,0,224,5,0,gRNA_CDK9_targ_1192_2178
Reference,0.16271502,99.83728498,5845,5830,4302,7,4295,0,246,3,4295,0,0,4046,0,246,3,0,gRNA_CDK9_targ_1192_2179
HDR,0.0,100.0,5845,5830,1513,0,1513,0,0,3,1513,0,0,1510,0,0,3,0,gRNA_CDK9_targ_1192_2179
Reference,70.0,30.0,5845,5835,10,7,3,0,0,1,3,0,0,2,0,0,1,0,gRNA_CDK9_targ_1192_2180
HDR,40.28107319,59.71892681,5845,5835,5479,2207,3272,0,251,6,3030,239,3,3015,0,12,3,0,gRNA_CDK9_targ_1192_2180
Reference,0.55821372,99.44178628,5845,5830,1254,7,1247,0,29,1,1247,0,0,1217,0,29,1,0,gRNA_CDK9_targ_1192_2181
HDR,7.85854617,92.14145383,5845,5830,1527,120,1407,0,0,5,1405,0,2,1402,0,0,3,0,gRNA_CDK9_targ_1192_2181
Reference,2.9787234,97.0212766,5845,5830,235,7,228,0,0,2,228,0,0,226,0,0,2,0,gRNA_CDK9_targ_1192_2182
HDR,0.0,100.0,5845,5830,1405,0,1405,0,0,4,1404,0,1,1401,0,0,3,0,gRNA_CDK9_targ_1192_2182
Reference,3.00429185,96.99570815,5845,5835,233,7,226,0,0,1,226,0,0,225,0,0,1,0,gRNA_CDK9_targ_1192_2183
HDR,31.16972477,68.83027523,5845,5835,4360,1359,3001,0,222,5,2997,0,4,2774,0,222,1,0,gRNA_CDK9_targ_1192_2183
Reference,0.74074074,99.25925926,1269,1166,135,1,134,0,1,0,133,1,0,133,0,0,0,0,gRNA_CDK9_targ_1193_2184
HDR,0.0,100.0,1269,1166,1030,0,1030,0,0,0,1030,0,0,1030,0,0,0,0,gRNA_CDK9_targ_1193_2184
Reference,50.0,50.0,1269,1166,2,1,1,0,1,0,0,1,0,0,0,0,0,0,gRNA_CDK9_targ_1193_2185
HDR,0.25773196,99.74226804,1269,1166,1164,3,1161,0,0,0,1161,0,0,1161,0,0,0,0,gRNA_CDK9_targ_1193_2185
Reference,50.0,50.0,1269,1166,2,1,1,0,1,0,0,1,0,0,0,0,0,0,gRNA_CDK9_targ_1193_2186
HDR,45.48981571,54.51018429,1269,1166,1031,469,562,0,0,0,562,0,0,562,0,0,0,0,gRNA_CDK9_targ_1193_2186
Reference,64.23734279,35.76265721,4551,4551,3101,1992,1109,0,85,0,1035,74,0,1024,0,11,0,0,gRNA_CDK9_targ_1194_2187
HDR,50.44982699,49.55017301,4551,4551,1445,729,716,0,0,1,716,0,0,715,0,0,1,0,gRNA_CDK9_targ_1194_2187
Reference,57.14285714,42.85714286,3047,2983,7,4,3,0,0,3,0,0,3,0,0,0,0,0,gRNA_CDK9_targ_1195_2188
HDR,58.677384,41.322616,3047,2983,2737,1606,1131,0,1,1,1131,0,0,1129,0,1,1,0,gRNA_CDK9_targ_1195_2188
Reference,39.36261843,60.63738157,3012,3012,1161,457,704,0,5,1,699,4,1,698,0,1,0,0,gRNA_CDK9_targ_1196_2189
HDR,63.69248036,36.30751964,3012,3012,1782,1135,647,0,0,0,647,0,0,647,0,0,0,0,gRNA_CDK9_targ_1196_2189
Reference,91.26213592,8.73786408,2157,2157,515,470,45,0,4,0,42,3,0,41,0,1,0,0,gRNA_CDK9_targ_1197_2190
HDR,96.80651221,3.19348779,2157,2157,1597,1546,51,0,0,0,51,0,0,51,0,0,0,0,gRNA_CDK9_targ_1197_2190
Reference,0.36133695,99.63866305,9387,9387,2214,8,2206,0,386,105,1753,352,101,1715,0,34,4,0,gRNA_CDK9_targ_1199_2191
HDR,13.90126537,86.09873463,9387,9387,5611,780,4831,0,11,2,4826,5,0,4818,0,6,2,0,gRNA_CDK9_targ_1199_2191
Reference,83.5443038,16.4556962,2778,2778,237,198,39,0,2,8,31,1,7,29,0,1,1,0,gRNA_CDK9_targ_1200_2192
HDR,24.66585662,75.33414338,2778,2778,2469,609,1860,0,6,0,1855,5,0,1854,0,1,0,0,gRNA_CDK9_targ_1200_2192
Reference,20.90909091,79.09090909,3626,3625,220,46,174,0,4,35,136,4,34,135,0,0,1,0,gRNA_CDK9_targ_1201_2193
HDR,77.42899851,22.57100149,3626,3625,2676,2072,604,0,2,2,604,0,0,602,0,0,0,2,gRNA_CDK9_targ_1201_2193
Reference,17.54229742,82.45770258,4765,4603,1123,197,926,0,5,192,739,4,183,729,0,1,9,0,gRNA_CDK9_targ_1202_2194
HDR,51.25,48.75,4765,4603,3200,1640,1560,0,7,37,1522,2,36,1516,0,5,1,0,gRNA_CDK9_targ_1202_2194
Reference,49.76190476,50.23809524,2884,2883,420,209,211,0,0,1,210,0,1,210,0,0,0,0,gRNA_CDK9_targ_1203_2195
HDR,0.0,100.0,2884,2883,2301,0,2301,0,0,1,2301,0,0,2300,0,0,1,0,gRNA_CDK9_targ_1203_2195
Reference,20.09615385,79.90384615,2884,2883,1040,209,831,0,0,1,830,0,1,830,0,0,0,0,gRNA_CDK9_targ_1203_2196
HDR,0.0,100.0,2884,2883,1680,0,1680,0,0,1,1680,0,0,1679,0,0,1,0,gRNA_CDK9_targ_1203_2196
Reference,96.31336406,3.68663594,2884,2883,217,209,8,0,0,1,7,0,1,7,0,0,0,0,gRNA_CDK9_targ_1203_2197
HDR,4.02991275,95.97008725,2884,2883,2407,97,2310,0,0,1,2310,0,0,2309,0,0,1,0,gRNA_CDK9_targ_1203_2197
Reference,50.11990408,49.88009592,2884,2883,417,209,208,0,0,1,207,0,1,207,0,0,0,0,gRNA_CDK9_targ_1203_2198
HDR,0.0,100.0,2884,2883,1680,0,1680,0,0,1,1680,0,0,1679,0,0,1,0,gRNA_CDK9_targ_1203_2198
Reference,66.34920635,33.65079365,2884,2883,315,209,106,0,0,1,105,0,1,105,0,0,0,0,gRNA_CDK9_targ_1203_2199
HDR,26.16052061,73.83947939,2884,2883,2305,603,1702,0,0,1,1702,0,0,1701,0,0,1,0,gRNA_CDK9_targ_1203_2199
Reference,65.93059937,34.06940063,2884,2883,317,209,108,0,0,1,107,0,1,107,0,0,0,0,gRNA_CDK9_targ_1203_2200
HDR,0.23752969,99.76247031,2884,2883,1684,4,1680,0,0,1,1680,0,0,1679,0,0,1,0,gRNA_CDK9_targ_1203_2200
Reference,50.24038462,49.75961538,2884,2883,416,209,207,0,0,1,206,0,1,206,0,0,0,0,gRNA_CDK9_targ_1203_2201
HDR,70.77189939,29.22810061,2884,2883,2306,1632,674,0,0,1,673,0,1,673,0,0,0,0,gRNA_CDK9_targ_1203_2201
Reference,98.73417722,1.26582278,937,937,79,78,1,0,0,0,1,0,0,1,0,0,0,0,gRNA_CDK9_targ_1204_2202
HDR,95.79617834,4.20382166,937,937,785,752,33,0,0,0,33,0,0,33,0,0,0,0,gRNA_CDK9_targ_1204_2202
Reference,28.8282703,71.1717297,4338,4338,1613,465,1148,0,472,73,989,88,71,603,0,384,2,0,gRNA_CDK9_targ_1208_2203
HDR,26.27879734,73.72120266,4338,4338,2561,673,1888,0,4,2,1884,4,0,1882,0,0,2,0,gRNA_CDK9_targ_1208_2203
Reference,68.82661996,31.17338004,1527,1527,1142,786,356,0,21,22,336,0,1,333,19,1,1,1,gRNA_CDK9_targ_1210_2204
HDR,62.82722513,37.17277487,1527,1527,382,240,142,0,0,0,142,0,0,142,0,0,0,0,gRNA_CDK9_targ_1210_2204
Reference,0.0,100.0,2262,2262,1,0,1,0,0,1,0,0,1,0,0,0,0,0,gRNA_CDK9_targ_1211_2205
HDR,35.68075117,64.31924883,2262,2262,1278,456,822,0,31,0,792,30,0,791,0,1,0,0,gRNA_CDK9_targ_1211_2205
Reference,89.03225806,10.96774194,1016,1016,310,276,34,0,2,0,34,0,0,32,0,2,0,0,gRNA_CDK9_targ_1212_2206
HDR,78.92791128,21.07208872,1016,1016,541,427,114,0,0,0,114,0,0,114,0,0,0,0,gRNA_CDK9_targ_1212_2206
Reference,30.0,70.0,1016,1016,920,276,644,0,2,0,644,0,0,642,0,2,0,0,gRNA_CDK9_targ_1212_2207
HDR,9.47368421,90.52631579,1016,1016,95,9,86,0,0,0,86,0,0,86,0,0,0,0,gRNA_CDK9_targ_1212_2207
Reference,59.74025974,40.25974026,1016,1016,462,276,186,0,2,0,186,0,0,184,0,2,0,0,gRNA_CDK9_targ_1212_2208
HDR,93.10344828,6.89655172,1016,1016,87,81,6,0,0,0,6,0,0,6,0,0,0,0,gRNA_CDK9_targ_1212_2208
Reference,37.70491803,62.29508197,490,490,488,184,304,0,0,0,304,0,0,304,0,0,0,0,gRNA_CDK9_targ_1213_2209
HDR,0.0,100.0,490,490,1,0,1,0,0,0,1,0,0,1,0,0,0,0,gRNA_CDK9_targ_1213_2209
Reference,94.84536082,5.15463918,490,490,194,184,10,0,0,0,10,0,0,10,0,0,0,0,gRNA_CDK9_targ_1213_2210
HDR,96.16724739,3.83275261,490,490,287,276,11,0,0,0,11,0,0,11,0,0,0,0,gRNA_CDK9_targ_1213_2210
Reference,90.64039409,9.35960591,490,490,203,184,19,0,0,0,19,0,0,19,0,0,0,0,gRNA_CDK9_targ_1213_2211
HDR,50.0,50.0,490,490,2,1,1,0,0,0,1,0,0,1,0,0,0,0,gRNA_CDK9_targ_1213_2211
Reference,94.59459459,5.40540541,136,136,74,70,4,0,0,0,4,0,0,4,0,0,0,0,gRNA_CDK9_targ_1214_2212
HDR,92.98245614,7.01754386,136,136,57,53,4,0,0,0,4,0,0,4,0,0,0,0,gRNA_CDK9_targ_1214_2212
Reference,75.0,25.0,262,262,4,3,1,0,0,0,1,0,0,1,0,0,0,0,gRNA_CDK9_targ_1215_2213
HDR,60.4743083,39.5256917,262,262,253,153,100,0,0,0,100,0,0,100,0,0,0,0,gRNA_CDK9_targ_1215_2213
Reference,37.24394786,62.75605214,1957,1957,537,200,337,0,1,0,336,1,0,336,0,0,0,0,gRNA_CDK9_targ_1216_2214
HDR,83.95759717,16.04240283,1957,1957,1415,1188,227,0,0,1,226,0,1,226,0,0,0,0,gRNA_CDK9_targ_1216_2214
Reference,14.0625,85.9375,961,960,64,9,55,0,1,0,54,1,0,54,0,0,0,0,gRNA_CDK9_targ_1217_2215
HDR,0.0,100.0,961,960,894,0,894,0,0,0,894,0,0,894,0,0,0,0,gRNA_CDK9_targ_1217_2215
Reference,52.94117647,47.05882353,961,960,17,9,8,0,1,0,7,1,0,7,0,0,0,0,gRNA_CDK9_targ_1217_2216
HDR,4.685836,95.314164,961,960,939,44,895,0,0,0,895,0,0,895,0,0,0,0,gRNA_CDK9_targ_1217_2216
Reference,1.52542373,98.47457627,961,960,590,9,581,0,1,0,580,1,0,580,0,0,0,0,gRNA_CDK9_targ_1217_2217
HDR,0.0,100.0,961,960,370,0,370,0,0,0,370,0,0,370,0,0,0,0,gRNA_CDK9_targ_1217_2217
Reference,47.36842105,52.63157895,961,960,19,9,10,0,1,0,9,1,0,9,0,0,0,0,gRNA_CDK9_targ_1217_2218
HDR,57.8125,42.1875,961,960,896,518,378,0,0,0,378,0,0,378,0,0,0,0,gRNA_CDK9_targ_1217_2218
Reference,13.84615385,86.15384615,961,960,65,9,56,0,1,0,55,1,0,55,0,0,0,0,gRNA_CDK9_targ_1217_2219
HDR,0.0,100.0,961,960,370,0,370,0,0,0,370,0,0,370,0,0,0,0,gRNA_CDK9_targ_1217_2219
Reference,45.0,55.0,961,960,20,9,11,0,1,0,10,1,0,10,0,0,0,0,gRNA_CDK9_targ_1217_2220
HDR,0.0,100.0,961,960,370,0,370,0,0,0,370,0,0,370,0,0,0,0,gRNA_CDK9_targ_1217_2220
Reference,14.0625,85.9375,961,960,64,9,55,0,1,0,54,1,0,54,0,0,0,0,gRNA_CDK9_targ_1217_2221
HDR,9.06040268,90.93959732,961,960,894,81,813,0,0,0,813,0,0,813,0,0,0,0,gRNA_CDK9_targ_1217_2221
Reference,33.80952381,66.19047619,1430,1430,210,71,139,0,0,0,139,0,0,139,0,0,0,0,gRNA_CDK9_targ_1218_2222
HDR,29.1913215,70.8086785,1430,1430,1014,296,718,0,0,1,717,0,1,717,0,0,0,0,gRNA_CDK9_targ_1218_2222
Reference,16.74528302,83.25471698,1430,1430,424,71,353,0,0,0,353,0,0,353,0,0,0,0,gRNA_CDK9_targ_1218_2223
HDR,9.07278166,90.92721834,1430,1430,1003,91,912,0,0,0,912,0,0,912,0,0,0,0,gRNA_CDK9_targ_1218_2223
Reference,8.85286783,91.14713217,1430,1430,802,71,731,0,0,0,731,0,0,731,0,0,0,0,gRNA_CDK9_targ_1218_2224
HDR,0.0,100.0,1430,1430,625,0,625,0,0,0,625,0,0,625,0,0,0,0,gRNA_CDK9_targ_1218_2224
Reference,61.73913043,38.26086957,1430,1430,115,71,44,0,0,0,44,0,0,44,0,0,0,0,gRNA_CDK9_targ_1218_2225
HDR,8.35164835,91.64835165,1430,1430,910,76,834,0,0,0,834,0,0,834,0,0,0,0,gRNA_CDK9_targ_1218_2225
Reference,17.14975845,82.85024155,1430,1430,414,71,343,0,0,0,343,0,0,343,0,0,0,0,gRNA_CDK9_targ_1218_2226
HDR,0.0,100.0,1430,1430,625,0,625,0,0,0,625,0,0,625,0,0,0,0,gRNA_CDK9_targ_1218_2226
Reference,16.66666667,83.33333333,1430,1430,426,71,355,0,0,1,355,0,0,354,0,0,1,0,gRNA_CDK9_targ_1218_2227
HDR,0.0,100.0,1430,1430,626,0,626,0,0,0,626,0,0,626,0,0,0,0,gRNA_CDK9_targ_1218_2227
Reference,13.65384615,86.34615385,1430,1430,520,71,449,0,0,1,449,0,0,448,0,0,1,0,gRNA_CDK9_targ_1218_2228
HDR,85.53191489,14.46808511,1430,1430,705,603,102,0,0,0,102,0,0,102,0,0,0,0,gRNA_CDK9_targ_1218_2228
Reference,2.78649922,97.21350078,7784,7784,2548,71,2477,0,0,1,2476,0,1,2476,0,0,0,0,gRNA_CDK9_targ_1219_2229
HDR,0.17622871,99.82377129,7784,7784,5107,9,5098,0,0,2,5098,0,0,5096,0,0,2,0,gRNA_CDK9_targ_1219_2229
Reference,28.06324111,71.93675889,7784,7784,253,71,182,0,0,1,181,0,1,181,0,0,0,0,gRNA_CDK9_targ_1219_2230
HDR,28.84329869,71.15670131,7784,7784,7409,2137,5272,0,0,2,5272,0,0,5270,0,0,2,0,gRNA_CDK9_targ_1219_2230
Reference,19.66759003,80.33240997,7784,7784,361,71,290,0,0,1,289,0,1,289,0,0,0,0,gRNA_CDK9_targ_1219_2231
HDR,94.98468606,5.01531394,7784,7784,5224,4962,262,0,0,2,261,0,1,260,0,0,1,0,gRNA_CDK9_targ_1219_2231
Reference,30.4638152,69.5361848,10642,10640,5541,1688,3853,0,17,2,3837,15,1,3834,0,2,1,0,gRNA_CDK9_targ_1220_2232
HDR,33.76963351,66.23036649,10642,10640,4966,1677,3289,0,0,2,3288,0,1,3287,0,0,1,0,gRNA_CDK9_targ_1220_2232
Reference,27.59973839,72.40026161,10642,10640,6116,1688,4428,0,6,3,4422,5,1,4419,0,1,2,0,gRNA_CDK9_targ_1220_2233
HDR,17.23704076,82.76295924,10642,10640,3974,685,3289,0,0,122,3170,0,119,3167,0,0,3,0,gRNA_CDK9_targ_1220_2233
Reference,35.93018306,64.06981694,10642,10640,4698,1688,3010,0,17,2,2994,15,1,2991,0,2,1,0,gRNA_CDK9_targ_1220_2234
HDR,53.152,46.848,10642,10640,3125,1661,1464,0,0,122,1345,0,119,1342,0,0,3,0,gRNA_CDK9_targ_1220_2234
Reference,3.14488955,96.85511045,6772,6770,5342,168,5174,0,7,36,5167,7,0,5131,0,0,36,0,gRNA_CDK9_targ_1221_2235
HDR,0.22727273,99.77272727,6772,6770,1320,3,1317,0,0,0,1317,0,0,1317,0,0,0,0,gRNA_CDK9_targ_1221_2235
Reference,27.90697674,72.09302326,6772,6770,602,168,434,0,6,28,428,6,0,400,0,0,28,0,gRNA_CDK9_targ_1221_2236
HDR,45.96662031,54.03337969,6772,6770,5752,2644,3108,0,0,9,3107,0,1,3099,0,0,8,0,gRNA_CDK9_targ_1221_2236
Reference,19.44444444,80.55555556,6772,6770,864,168,696,0,6,28,690,6,0,662,0,0,28,0,gRNA_CDK9_targ_1221_2237
HDR,40.85692425,59.14307575,6772,6770,1307,534,773,0,0,0,773,0,0,773,0,0,0,0,gRNA_CDK9_targ_1221_2237
Reference,12.27272727,87.72727273,4430,4373,2640,324,2316,0,244,160,2248,66,1,1913,1,177,158,0,gRNA_CDK9_targ_1222_2238
HDR,33.07332293,66.92667707,4430,4373,1282,424,858,0,0,1,858,0,0,857,0,0,1,0,gRNA_CDK9_targ_1222_2238
Reference,33.33333333,66.66666667,297,297,3,1,2,0,0,0,2,0,0,2,0,0,0,0,gRNA_CDK9_targ_1223_2239
HDR,0.34013605,99.65986395,297,297,294,1,293,0,0,1,293,0,0,292,0,0,1,0,gRNA_CDK9_targ_1223_2239
Reference,50.0,50.0,297,297,2,1,1,0,0,0,1,0,0,1,0,0,0,0,gRNA_CDK9_targ_1223_2240
HDR,0.0,100.0,297,297,294,0,294,0,0,1,294,0,0,293,0,0,1,0,gRNA_CDK9_targ_1223_2240
Reference,0.84033613,99.15966387,297,297,119,1,118,0,0,0,118,0,0,118,0,0,0,0,gRNA_CDK9_targ_1223_2241
HDR,0.0,100.0,297,297,178,0,178,0,0,1,178,0,0,177,0,0,1,0,gRNA_CDK9_targ_1223_2241
Reference,50.0,50.0,297,297,2,1,1,0,0,0,1,0,0,1,0,0,0,0,gRNA_CDK9_targ_1223_2242
HDR,0.34129693,99.65870307,297,297,293,1,292,0,0,1,292,0,0,291,0,0,1,0,gRNA_CDK9_targ_1223_2242
Reference,33.33333333,66.66666667,297,297,3,1,2,0,0,0,2,0,0,2,0,0,0,0,gRNA_CDK9_targ_1223_2243
HDR,0.0,100.0,297,297,178,0,178,0,0,1,178,0,0,177,0,0,1,0,gRNA_CDK9_targ_1223_2243
Reference,33.33333333,66.66666667,297,297,3,1,2,0,0,0,2,0,0,2,0,0,0,0,gRNA_CDK9_targ_1223_2244
HDR,0.0,100.0,297,297,178,0,178,0,0,1,178,0,0,177,0,0,1,0,gRNA_CDK9_targ_1223_2244
Reference,25.0,75.0,297,297,4,1,3,0,0,0,3,0,0,3,0,0,0,0,gRNA_CDK9_targ_1223_2245
HDR,37.20136519,62.79863481,297,297,293,109,184,0,0,1,183,0,1,183,0,0,0,0,gRNA_CDK9_targ_1223_2245
Reference,35.63909774,64.36090226,2898,2645,665,237,428,0,2,3,424,1,3,423,0,1,0,0,gRNA_CDK9_targ_1224_2246
HDR,21.27337039,78.72662961,2898,2645,1979,421,1558,0,0,4,1557,0,1,1554,0,0,3,0,gRNA_CDK9_targ_1224_2246
Reference,34.10071942,65.89928058,2898,2888,695,237,458,0,2,3,454,1,3,453,0,1,0,0,gRNA_CDK9_targ_1224_2247
HDR,6.38297872,93.61702128,2898,2888,2115,135,1980,0,243,3,1737,243,0,1734,0,0,3,0,gRNA_CDK9_targ_1224_2247
Reference,90.45801527,9.54198473,2898,2645,262,237,25,0,2,3,21,1,3,20,0,1,0,0,gRNA_CDK9_targ_1224_2248
HDR,72.68608414,27.31391586,2898,2645,1545,1123,422,0,0,3,420,0,2,419,0,0,1,0,gRNA_CDK9_targ_1224_2248
Reference,5.27777778,94.72222222,4510,4506,3960,209,3751,0,345,25,3478,271,2,3381,0,74,23,0,gRNA_CDK9_targ_1225_2249
HDR,0.0,100.0,4510,4506,494,0,494,0,1,0,493,1,0,493,0,0,0,0,gRNA_CDK9_targ_1225_2249
Reference,37.25490196,62.74509804,4510,4506,561,209,352,0,344,2,81,269,2,6,0,75,0,0,gRNA_CDK9_targ_1225_2250
HDR,9.41110172,90.58889828,4510,4506,3549,334,3215,0,0,23,3193,0,22,3192,0,0,1,0,gRNA_CDK9_targ_1225_2250
Reference,32.55451713,67.44548287,4510,4506,642,209,433,0,6,23,427,5,1,404,0,1,22,0,gRNA_CDK9_targ_1225_2251
HDR,0.03278689,99.96721311,4510,4506,3050,1,3049,0,1,1,3048,1,0,3047,0,0,1,0,gRNA_CDK9_targ_1225_2251
Reference,21.93074502,78.06925498,4510,4506,953,209,744,0,344,2,471,271,2,398,0,73,0,0,gRNA_CDK9_targ_1225_2252
HDR,8.10313076,91.89686924,4510,4506,543,44,499,0,0,0,499,0,0,499,0,0,0,0,gRNA_CDK9_targ_1225_2252
Reference,14.85429993,85.14570007,4510,4506,1407,209,1198,0,344,24,925,271,2,830,0,73,22,0,gRNA_CDK9_targ_1225_2253
HDR,0.0,100.0,4510,4506,497,0,497,0,1,0,496,1,0,496,0,0,0,0,gRNA_CDK9_targ_1225_2253
Reference,89.69957082,10.30042918,4510,4507,233,209,24,0,8,2,15,7,2,14,0,1,0,0,gRNA_CDK9_targ_1225_2254
HDR,45.22455941,54.77544059,4510,4507,3518,1591,1927,0,1,2,1925,1,1,1924,0,0,1,0,gRNA_CDK9_targ_1225_2254
Reference,34.54545455,65.45454545,4510,4506,605,209,396,0,8,24,387,7,2,364,0,1,22,0,gRNA_CDK9_targ_1225_2255
HDR,15.93083149,84.06916851,4510,4506,2718,433,2285,0,3,1,2282,3,0,2281,0,0,1,0,gRNA_CDK9_targ_1225_2255
Reference,22.72727273,77.27272727,4181,4042,176,40,136,0,132,1,11,124,1,3,0,8,0,0,gRNA_CDK9_targ_1226_2256
HDR,0.07774035,99.92225965,4181,4042,3859,3,3856,0,0,114,3856,0,0,3742,0,0,114,0,gRNA_CDK9_targ_1226_2256
Reference,22.34636872,77.65363128,4181,4042,179,40,139,0,133,1,14,124,1,5,0,9,0,0,gRNA_CDK9_targ_1226_2257
HDR,0.0,100.0,4181,4042,3857,0,3857,0,0,114,3857,0,0,3743,0,0,114,0,gRNA_CDK9_targ_1226_2257
Reference,22.59887006,77.40112994,4181,4042,177,40,137,0,133,1,12,124,1,3,0,9,0,0,gRNA_CDK9_targ_1226_2258
HDR,49.36544937,50.63455063,4181,4042,3861,1906,1955,0,0,114,1844,0,111,1841,0,0,3,0,gRNA_CDK9_targ_1226_2258
Reference,10.14319809,89.85680191,4168,4158,838,85,753,0,553,0,259,494,0,200,0,59,0,0,gRNA_CDK9_targ_1227_2259
HDR,20.79025111,79.20974889,4168,4158,2708,563,2145,0,9,1,2145,0,0,2135,0,9,1,0,gRNA_CDK9_targ_1227_2259
Reference,3.10445581,96.89554419,4168,4158,2738,85,2653,0,561,258,1911,493,249,1834,0,68,9,0,gRNA_CDK9_targ_1227_2260
HDR,0.14326648,99.85673352,4168,4158,1396,2,1394,0,1,2,1392,1,1,1391,0,0,1,0,gRNA_CDK9_targ_1227_2260
Reference,5.90277778,94.09722222,4168,4158,1440,85,1355,0,553,258,612,494,249,544,0,59,9,0,gRNA_CDK9_targ_1227_2261
HDR,55.00354862,44.99645138,4168,4158,1409,775,634,0,0,2,633,0,1,632,0,0,1,0,gRNA_CDK9_targ_1227_2261
Reference,7.16494845,92.83505155,3343,3342,1940,139,1801,0,264,2,1801,0,0,1535,0,264,2,0,gRNA_CDK9_targ_1228_2262
HDR,0.0,100.0,3343,3342,1397,0,1397,0,0,0,1397,0,0,1397,0,0,0,0,gRNA_CDK9_targ_1228_2262
Reference,95.86206897,4.13793103,3343,3342,145,139,6,0,0,0,6,0,0,6,0,0,0,0,gRNA_CDK9_targ_1228_2263
HDR,28.55133615,71.44866385,3343,3342,2844,812,2032,0,263,2,1853,177,2,1767,0,86,0,0,gRNA_CDK9_targ_1228_2263
Reference,28.08080808,71.91919192,3343,3342,495,139,356,0,0,0,356,0,0,356,0,0,0,0,gRNA_CDK9_targ_1228_2264
HDR,86.42857143,13.57142857,3343,3342,1400,1210,190,0,0,0,190,0,0,190,0,0,0,0,gRNA_CDK9_targ_1228_2264
Reference,1.43737166,98.56262834,2431,2066,974,14,960,0,0,2,959,0,1,958,0,0,1,0,gRNA_CDK9_targ_1229_2265
HDR,0.0,100.0,2431,2066,821,0,821,0,0,1,821,0,0,820,0,0,1,0,gRNA_CDK9_targ_1229_2265
Reference,77.77777778,22.22222222,2431,2066,18,14,4,0,0,2,3,0,1,2,0,0,1,0,gRNA_CDK9_targ_1229_2266
HDR,30.74935401,69.25064599,2431,2066,1935,595,1340,0,0,53,1291,0,49,1287,0,0,4,0,gRNA_CDK9_targ_1229_2266
Reference,10.6870229,89.3129771,2431,2066,131,14,117,0,0,2,116,0,1,115,0,0,1,0,gRNA_CDK9_targ_1229_2267
HDR,26.28205128,73.71794872,2431,2066,1092,287,805,0,0,53,755,0,50,752,0,0,3,0,gRNA_CDK9_targ_1229_2267
Reference,10.4506232,89.5493768,4035,4035,1043,109,934,0,0,5,932,0,2,929,0,0,3,0,gRNA_CDK9_targ_1232_2268
HDR,0.0,100.0,4035,4035,2656,0,2656,0,0,4,2655,0,1,2652,0,0,3,0,gRNA_CDK9_targ_1232_2268
Reference,74.65753425,25.34246575,4035,4035,146,109,37,0,0,5,35,0,2,32,0,0,3,0,gRNA_CDK9_targ_1232_2269
HDR,8.85401244,91.14598756,4035,4035,3377,299,3078,0,0,4,3077,0,1,3074,0,0,3,0,gRNA_CDK9_targ_1232_2269
Reference,17.00468019,82.99531981,4035,4035,641,109,532,0,0,5,530,0,2,527,0,0,3,0,gRNA_CDK9_targ_1232_2270
HDR,63.7458194,36.2541806,4035,4035,2990,1906,1084,0,0,4,1081,0,3,1080,0,0,1,0,gRNA_CDK9_targ_1232_2270
Reference,4.4634378,95.5365622,1555,1555,1053,47,1006,0,0,6,1000,0,6,1000,0,0,0,0,gRNA_CDK9_targ_1233_2271
HDR,0.0,100.0,1555,1555,455,0,455,0,0,0,455,0,0,455,0,0,0,0,gRNA_CDK9_targ_1233_2271
Reference,97.91666667,2.08333333,1555,1555,48,47,1,0,0,0,1,0,0,1,0,0,0,0,gRNA_CDK9_targ_1233_2272
HDR,0.08481764,99.91518236,1555,1555,1179,1,1178,0,1,0,1178,0,0,1177,0,1,0,0,gRNA_CDK9_targ_1233_2272
Reference,25.13368984,74.86631016,1555,1555,187,47,140,0,0,6,134,0,6,134,0,0,0,0,gRNA_CDK9_targ_1233_2273
HDR,3.49344978,96.50655022,1555,1555,458,16,442,0,1,0,442,0,0,441,0,1,0,0,gRNA_CDK9_targ_1233_2273
Reference,4.39238653,95.60761347,2053,1966,683,30,653,0,0,0,653,0,0,653,0,0,0,0,gRNA_CDK9_targ_1234_2274
HDR,14.39205955,85.60794045,2053,1966,1209,174,1035,0,0,0,1035,0,0,1035,0,0,0,0,gRNA_CDK9_targ_1234_2274
Reference,5.34591195,94.65408805,1255,1230,636,34,602,0,365,1,602,0,0,236,0,365,1,0,gRNA_CDK9_targ_1235_2275
HDR,0.0,100.0,1255,1230,592,0,592,0,0,1,592,0,0,591,0,0,1,0,gRNA_CDK9_targ_1235_2275
Reference,89.47368421,10.52631579,1255,1230,38,34,4,0,1,1,4,0,0,2,0,1,1,0,gRNA_CDK9_targ_1235_2276
HDR,0.08474576,99.91525424,1255,1230,1180,1,1179,0,365,1,1178,1,0,813,0,364,1,0,gRNA_CDK9_targ_1235_2276
Reference,87.17948718,12.82051282,1255,1230,39,34,5,0,1,2,4,0,1,2,0,1,1,0,gRNA_CDK9_targ_1235_2277
HDR,93.40101523,6.59898477,1255,1230,591,552,39,0,0,1,38,0,1,38,0,0,0,0,gRNA_CDK9_targ_1235_2277
Reference,3.31230284,96.68769716,853,841,634,21,613,0,9,0,606,7,0,604,0,2,0,0,gRNA_CDK9_targ_1236_2278
HDR,0.0,100.0,853,841,202,0,202,0,0,0,202,0,0,202,0,0,0,0,gRNA_CDK9_targ_1236_2278
Reference,11.66666667,88.33333333,853,841,180,21,159,0,5,0,155,4,0,154,0,1,0,0,gRNA_CDK9_targ_1236_2279
HDR,0.0,100.0,853,841,657,0,657,0,1,0,656,1,0,656,0,0,0,0,gRNA_CDK9_targ_1236_2279
Reference,2.98719772,97.01280228,853,841,703,21,682,0,8,0,675,7,0,674,0,1,0,0,gRNA_CDK9_targ_1236_2280
HDR,0.0,100.0,853,841,69,0,69,0,0,0,69,0,0,69,0,0,0,0,gRNA_CDK9_targ_1236_2280
Reference,11.47540984,88.52459016,853,841,183,21,162,0,8,0,155,7,0,154,0,1,0,0,gRNA_CDK9_targ_1236_2281
HDR,0.0,100.0,853,841,205,0,205,0,0,0,205,0,0,205,0,0,0,0,gRNA_CDK9_targ_1236_2281
Reference,3.69068541,96.30931459,853,841,569,21,548,0,9,0,541,7,0,539,0,2,0,0,gRNA_CDK9_targ_1236_2282
HDR,0.0,100.0,853,841,3,0,3,0,0,0,3,0,0,3,0,0,0,0,gRNA_CDK9_targ_1236_2282
Reference,11.47540984,88.52459016,853,841,183,21,162,0,8,0,155,7,0,154,0,1,0,0,gRNA_CDK9_targ_1236_2283
HDR,0.0,100.0,853,841,135,0,135,0,0,0,135,0,0,135,0,0,0,0,gRNA_CDK9_targ_1236_2283
Reference,4.1749503,95.8250497,853,841,503,21,482,0,9,0,475,7,0,473,0,2,0,0,gRNA_CDK9_targ_1236_2284
HDR,0.0,100.0,853,841,271,0,271,0,0,0,271,0,0,271,0,0,0,0,gRNA_CDK9_targ_1236_2284
Reference,50.0,50.0,7,7,6,3,3,0,0,0,3,0,0,3,0,0,0,0,gRNA_CDK9_targ_1237_2285
HDR,0.0,100.0,7,7,1,0,1,0,0,0,1,0,0,1,0,0,0,0,gRNA_CDK9_targ_1237_2285
Reference,75.0,25.0,7,7,4,3,1,0,0,0,1,0,0,1,0,0,0,0,gRNA_CDK9_targ_1237_2286
HDR,0.0,100.0,7,7,3,0,3,0,0,0,3,0,0,3,0,0,0,0,gRNA_CDK9_targ_1237_2286
Reference,75.0,25.0,7,7,4,3,1,0,0,0,1,0,0,1,0,0,0,0,gRNA_CDK9_targ_1237_2287
HDR,0.0,100.0,7,7,3,0,3,0,0,0,3,0,0,3,0,0,0,0,gRNA_CDK9_targ_1237_2287
Reference,75.0,25.0,7,7,4,3,1,0,0,0,1,0,0,1,0,0,0,0,gRNA_CDK9_targ_1237_2288
HDR,0.0,100.0,7,7,2,0,2,0,0,0,2,0,0,2,0,0,0,0,gRNA_CDK9_targ_1237_2288
Reference,75.0,25.0,7,7,4,3,1,0,0,0,1,0,0,1,0,0,0,0,gRNA_CDK9_targ_1237_2289
HDR,0.0,100.0,7,7,2,0,2,0,0,0,2,0,0,2,0,0,0,0,gRNA_CDK9_targ_1237_2289
Reference,75.0,25.0,7,7,4,3,1,0,0,0,1,0,0,1,0,0,0,0,gRNA_CDK9_targ_1237_2290
HDR,0.0,100.0,7,7,1,0,1,0,0,0,1,0,0,1,0,0,0,0,gRNA_CDK9_targ_1237_2290
Reference,75.0,25.0,7,7,4,3,1,0,0,0,1,0,0,1,0,0,0,0,gRNA_CDK9_targ_1237_2291
HDR,0.0,100.0,7,7,1,0,1,0,0,0,1,0,0,1,0,0,0,0,gRNA_CDK9_targ_1237_2291
Reference,60.0,40.0,7,7,5,3,2,0,0,0,2,0,0,2,0,0,0,0,gRNA_CDK9_targ_1237_2292
HDR,0.0,100.0,7,7,1,0,1,0,0,0,1,0,0,1,0,0,0,0,gRNA_CDK9_targ_1237_2292
Reference,60.0,40.0,7,7,5,3,2,0,0,0,2,0,0,2,0,0,0,0,gRNA_CDK9_targ_1237_2293
HDR,0.0,100.0,7,7,1,0,1,0,0,0,1,0,0,1,0,0,0,0,gRNA_CDK9_targ_1237_2293
Reference,75.0,25.0,7,7,4,3,1,0,0,0,1,0,0,1,0,0,0,0,gRNA_CDK9_targ_1237_2294
HDR,0.0,100.0,7,7,3,0,3,0,0,0,3,0,0,3,0,0,0,0,gRNA_CDK9_targ_1237_2294
Reference,75.0,25.0,7,7,4,3,1,0,0,0,1,0,0,1,0,0,0,0,gRNA_CDK9_targ_1237_2295
HDR,0.0,100.0,7,7,3,0,3,0,0,0,3,0,0,3,0,0,0,0,gRNA_CDK9_targ_1237_2295
Reference,75.0,25.0,7,7,4,3,1,0,0,0,1,0,0,1,0,0,0,0,gRNA_CDK9_targ_1237_2296
HDR,0.0,100.0,7,7,3,0,3,0,0,0,3,0,0,3,0,0,0,0,gRNA_CDK9_targ_1237_2296
Reference,75.0,25.0,7,7,4,3,1,0,0,0,1,0,0,1,0,0,0,0,gRNA_CDK9_targ_1237_2297
HDR,0.0,100.0,7,7,3,0,3,0,0,0,3,0,0,3,0,0,0,0,gRNA_CDK9_targ_1237_2297
Reference,75.0,25.0,7,7,4,3,1,0,0,0,1,0,0,1,0,0,0,0,gRNA_CDK9_targ_1237_2298
HDR,0.0,100.0,7,7,3,0,3,0,0,0,3,0,0,3,0,0,0,0,gRNA_CDK9_targ_1237_2298
Reference,75.0,25.0,7,7,4,3,1,0,0,0,1,0,0,1,0,0,0,0,gRNA_CDK9_targ_1237_2299
HDR,0.0,100.0,7,7,2,0,2,0,0,0,2,0,0,2,0,0,0,0,gRNA_CDK9_targ_1237_2299
Reference,75.0,25.0,7,7,4,3,1,0,0,0,1,0,0,1,0,0,0,0,gRNA_CDK9_targ_1237_2300
HDR,0.0,100.0,7,7,3,0,3,0,0,0,3,0,0,3,0,0,0,0,gRNA_CDK9_targ_1237_2300
Reference,75.0,25.0,7,7,4,3,1,0,0,0,1,0,0,1,0,0,0,0,gRNA_CDK9_targ_1237_2301
HDR,0.0,100.0,7,7,2,0,2,0,0,0,2,0,0,2,0,0,0,0,gRNA_CDK9_targ_1237_2301
Reference,75.0,25.0,7,7,4,3,1,0,0,0,1,0,0,1,0,0,0,0,gRNA_CDK9_targ_1237_2302
HDR,0.0,100.0,7,7,2,0,2,0,0,0,2,0,0,2,0,0,0,0,gRNA_CDK9_targ_1237_2302
Reference,75.0,25.0,7,7,4,3,1,0,0,0,1,0,0,1,0,0,0,0,gRNA_CDK9_targ_1237_2303
HDR,0.0,100.0,7,7,2,0,2,0,0,0,2,0,0,2,0,0,0,0,gRNA_CDK9_targ_1237_2303
Reference,75.0,25.0,7,7,4,3,1,0,0,0,1,0,0,1,0,0,0,0,gRNA_CDK9_targ_1237_2304
HDR,0.0,100.0,7,7,2,0,2,0,0,0,2,0,0,2,0,0,0,0,gRNA_CDK9_targ_1237_2304
Reference,60.0,40.0,7,7,5,3,2,0,0,0,2,0,0,2,0,0,0,0,gRNA_CDK9_targ_1237_2305
HDR,0.0,100.0,7,7,2,0,2,0,0,0,2,0,0,2,0,0,0,0,gRNA_CDK9_targ_1237_2305
Reference,75.0,25.0,7,7,4,3,1,0,0,0,1,0,0,1,0,0,0,0,gRNA_CDK9_targ_1237_2306
HDR,0.0,100.0,7,7,3,0,3,0,0,0,3,0,0,3,0,0,0,0,gRNA_CDK9_targ_1237_2306
Reference,75.0,25.0,7,7,4,3,1,0,0,0,1,0,0,1,0,0,0,0,gRNA_CDK9_targ_1237_2307
HDR,0.0,100.0,7,7,3,0,3,0,0,0,3,0,0,3,0,0,0,0,gRNA_CDK9_targ_1237_2307
Reference,75.0,25.0,7,7,4,3,1,0,0,0,1,0,0,1,0,0,0,0,gRNA_CDK9_targ_1237_2308
HDR,0.0,100.0,7,7,3,0,3,0,0,0,3,0,0,3,0,0,0,0,gRNA_CDK9_targ_1237_2308
Reference,75.0,25.0,7,7,4,3,1,0,0,0,1,0,0,1,0,0,0,0,gRNA_CDK9_targ_1237_2309
HDR,0.0,100.0,7,7,3,0,3,0,0,0,3,0,0,3,0,0,0,0,gRNA_CDK9_targ_1237_2309
Reference,75.0,25.0,7,7,4,3,1,0,0,0,1,0,0,1,0,0,0,0,gRNA_CDK9_targ_1237_2310
HDR,0.0,100.0,7,7,3,0,3,0,0,0,3,0,0,3,0,0,0,0,gRNA_CDK9_targ_1237_2310
Reference,75.0,25.0,7,7,4,3,1,0,0,0,1,0,0,1,0,0,0,0,gRNA_CDK9_targ_1237_2311
HDR,0.0,100.0,7,7,3,0,3,0,0,0,3,0,0,3,0,0,0,0,gRNA_CDK9_targ_1237_2311
Reference,75.0,25.0,7,7,4,3,1,0,0,0,1,0,0,1,0,0,0,0,gRNA_CDK9_targ_1237_2312
HDR,0.0,100.0,7,7,2,0,2,0,0,0,2,0,0,2,0,0,0,0,gRNA_CDK9_targ_1237_2312
Reference,75.0,25.0,7,7,4,3,1,0,0,0,1,0,0,1,0,0,0,0,gRNA_CDK9_targ_1237_2313
HDR,0.0,100.0,7,7,2,0,2,0,0,0,2,0,0,2,0,0,0,0,gRNA_CDK9_targ_1237_2313
Reference,75.0,25.0,7,7,4,3,1,0,0,0,1,0,0,1,0,0,0,0,gRNA_CDK9_targ_1237_2314
HDR,33.33333333,66.66666667,7,7,3,1,2,0,0,0,2,0,0,2,0,0,0,0,gRNA_CDK9_targ_1237_2314
Reference,75.0,25.0,7,7,4,3,1,0,0,0,1,0,0,1,0,0,0,0,gRNA_CDK9_targ_1237_2315
HDR,0.0,100.0,7,7,3,0,3,0,0,0,3,0,0,3,0,0,0,0,gRNA_CDK9_targ_1237_2315
Reference,0.0,100.0,1223,928,63,0,63,0,0,6,57,0,6,57,0,0,0,0,gRNA_CDK9_targ_1238_2316
HDR,0.0,100.0,1223,928,689,0,689,0,0,5,688,0,1,684,0,0,4,0,gRNA_CDK9_targ_1238_2316
Reference,0.0,100.0,1223,927,6,0,6,0,0,6,0,0,6,0,0,0,0,0,gRNA_CDK9_targ_1238_2317
HDR,0.0,100.0,1223,927,748,0,748,0,0,7,745,0,3,741,0,0,4,0,gRNA_CDK9_targ_1238_2317
Reference,0.0,100.0,1223,927,6,0,6,0,0,6,0,0,6,0,0,0,0,0,gRNA_CDK9_targ_1238_2318
HDR,0.0,100.0,1223,927,733,0,733,0,0,7,730,0,3,726,0,0,4,0,gRNA_CDK9_targ_1238_2318
Reference,0.0,100.0,1223,927,21,0,21,0,0,6,15,0,6,15,0,0,0,0,gRNA_CDK9_targ_1238_2319
HDR,0.0,100.0,1223,927,727,0,727,0,0,1,727,0,0,726,0,0,1,0,gRNA_CDK9_targ_1238_2319
Reference,0.0,100.0,1223,928,6,0,6,0,0,6,0,0,6,0,0,0,0,0,gRNA_CDK9_targ_1238_2320
HDR,0.0,100.0,1223,928,690,0,690,0,0,5,686,0,4,685,0,0,1,0,gRNA_CDK9_targ_1238_2320
Reference,0.0,100.0,1223,928,6,0,6,0,0,6,0,0,6,0,0,0,0,0,gRNA_CDK9_targ_1238_2321
HDR,0.0,100.0,1223,928,693,0,693,0,0,8,686,0,7,685,0,0,1,0,gRNA_CDK9_targ_1238_2321
Reference,0.0,100.0,1223,928,9,0,9,0,0,9,3,0,6,0,0,0,3,0,gRNA_CDK9_targ_1238_2322
HDR,0.0,100.0,1223,928,675,0,675,0,0,5,674,0,1,670,0,0,4,0,gRNA_CDK9_targ_1238_2322
Reference,0.0,100.0,1223,927,6,0,6,0,0,6,0,0,6,0,0,0,0,0,gRNA_CDK9_targ_1238_2323
HDR,0.0,100.0,1223,927,749,0,749,0,0,7,743,0,6,742,0,0,1,0,gRNA_CDK9_targ_1238_2323
Reference,0.0,100.0,1223,927,6,0,6,0,0,6,0,0,6,0,0,0,0,0,gRNA_CDK9_targ_1238_2324
HDR,0.0,100.0,1223,927,734,0,734,0,0,7,731,0,3,727,0,0,4,0,gRNA_CDK9_targ_1238_2324
Reference,0.0,100.0,1223,927,21,0,21,0,0,6,15,0,6,15,0,0,0,0,gRNA_CDK9_targ_1238_2325
HDR,0.0,100.0,1223,927,727,0,727,0,0,1,727,0,0,726,0,0,1,0,gRNA_CDK9_targ_1238_2325
Reference,0.0,100.0,1223,928,6,0,6,0,0,6,0,0,6,0,0,0,0,0,gRNA_CDK9_targ_1238_2326
HDR,0.0,100.0,1223,928,747,0,747,0,0,5,743,0,4,742,0,0,1,0,gRNA_CDK9_targ_1238_2326
Reference,0.0,100.0,1223,928,6,0,6,0,0,6,0,0,6,0,0,0,0,0,gRNA_CDK9_targ_1238_2327
HDR,0.0,100.0,1223,928,747,0,747,0,0,5,743,0,4,742,0,0,1,0,gRNA_CDK9_targ_1238_2327
Reference,0.0,100.0,1223,928,6,0,6,0,0,6,0,0,6,0,0,0,0,0,gRNA_CDK9_targ_1238_2328
HDR,0.0,100.0,1223,928,732,0,732,0,0,5,731,0,1,727,0,0,4,0,gRNA_CDK9_targ_1238_2328
Reference,0.0,100.0,1223,927,6,0,6,0,0,6,0,0,6,0,0,0,0,0,gRNA_CDK9_targ_1238_2329
HDR,6.42954856,93.57045144,1223,927,731,47,684,0,0,4,684,0,0,680,0,0,4,0,gRNA_CDK9_targ_1238_2329
Reference,0.0,100.0,1223,928,9,0,9,0,0,9,3,0,6,0,0,0,3,0,gRNA_CDK9_targ_1238_2330
HDR,86.74698795,13.25301205,1223,928,747,648,99,0,0,5,97,0,2,94,0,0,3,0,gRNA_CDK9_targ_1238_2330
Reference,0.0,100.0,422,361,1,0,1,0,1,0,0,1,0,0,0,0,0,0,gRNA_CDK9_targ_1239_2331
HDR,0.0,100.0,422,361,359,0,359,0,30,0,359,0,0,329,0,30,0,0,gRNA_CDK9_targ_1239_2331
Reference,0.0,100.0,422,361,1,0,1,0,0,0,1,0,0,1,0,0,0,0,gRNA_CDK9_targ_1239_2332
HDR,0.0,100.0,422,361,359,0,359,0,30,0,359,0,0,329,0,30,0,0,gRNA_CDK9_targ_1239_2332
Reference,0.0,100.0,422,361,1,0,1,0,1,0,0,1,0,0,0,0,0,0,gRNA_CDK9_targ_1239_2333
HDR,42.89693593,57.10306407,422,361,359,154,205,0,30,0,205,0,0,175,0,30,0,0,gRNA_CDK9_targ_1239_2333
Reference,33.33333333,66.66666667,3491,3491,6,2,4,0,0,0,4,0,0,4,0,0,0,0,gRNA_CDK9_targ_1240_2334
HDR,84.77443609,15.22556391,3491,3491,2660,2255,405,0,0,0,405,0,0,405,0,0,0,0,gRNA_CDK9_targ_1240_2334
Reference,3.03687636,96.96312364,6678,6604,461,14,447,0,19,404,67,0,380,24,0,19,24,0,gRNA_CDK9_targ_1241_2335
HDR,57.73470839,42.26529161,6678,6604,5624,3247,2377,0,430,2,2237,138,2,1945,0,292,0,0,gRNA_CDK9_targ_1241_2335
Reference,0.16339869,99.83660131,3371,3178,612,1,611,0,51,1,560,51,0,559,0,0,1,0,gRNA_CDK9_targ_1242_2336
HDR,3.8237739,96.1762261,3371,3178,2406,92,2314,0,185,3,2313,0,1,2126,0,185,2,0,gRNA_CDK9_targ_1242_2336
Reference,0.35335689,99.64664311,3371,3176,283,1,282,0,183,1,282,0,0,98,0,183,1,0,gRNA_CDK9_targ_1242_2337
HDR,19.33098592,80.66901408,3371,3176,2840,549,2291,0,0,3,2290,0,1,2288,0,0,2,0,gRNA_CDK9_targ_1242_2337
Reference,1.78571429,98.21428571,3371,3176,56,1,55,0,52,0,4,51,0,3,0,1,0,0,gRNA_CDK9_targ_1242_2338
HDR,87.73543583,12.26456417,3371,3176,2283,2003,280,0,0,2,279,0,1,278,0,0,1,0,gRNA_CDK9_targ_1242_2338
Reference,3.31345262,96.68654738,6353,6353,4527,150,4377,0,397,10,4334,38,5,3970,0,359,5,0,gRNA_CDK9_targ_1243_2339
HDR,0.0,100.0,6353,6353,1642,0,1642,0,0,9,1641,0,1,1633,0,0,8,0,gRNA_CDK9_targ_1243_2339
Reference,55.35055351,44.64944649,6353,6353,271,150,121,0,9,5,109,7,5,107,0,2,0,0,gRNA_CDK9_targ_1243_2340
HDR,41.85726569,58.14273431,6353,6353,5815,2434,3381,0,350,14,3040,337,4,3017,0,13,10,0,gRNA_CDK9_targ_1243_2340
Reference,30.24193548,69.75806452,6353,6353,496,150,346,0,10,5,333,8,5,331,0,2,0,0,gRNA_CDK9_targ_1243_2341
HDR,72.38356164,27.61643836,6353,6353,1825,1321,504,0,1,9,500,0,4,494,0,1,5,0,gRNA_CDK9_targ_1243_2341
Reference,0.0,100.0,3617,3125,476,0,476,0,428,2,471,3,2,46,0,425,0,0,gRNA_CDK9_targ_1244_2342
HDR,0.94446543,99.05553457,3617,3125,2647,25,2622,0,3,275,2618,3,1,2344,0,0,274,0,gRNA_CDK9_targ_1244_2342
Reference,69.57773512,30.42226488,1437,1437,1042,725,317,0,0,1,317,0,0,316,0,0,1,0,gRNA_CDK9_targ_1246_2343
HDR,60.85714286,39.14285714,1437,1437,350,213,137,0,0,1,137,0,0,136,0,0,1,0,gRNA_CDK9_targ_1246_2343
Reference,14.60032626,85.39967374,4895,4895,1226,179,1047,0,0,0,1047,0,0,1047,0,0,0,0,gRNA_CDK9_targ_1247_2344
HDR,83.82899628,16.17100372,4895,4895,3228,2706,522,0,4,3,517,4,1,515,0,0,2,0,gRNA_CDK9_targ_1247_2344
Reference,2.20125786,97.79874214,520,519,318,7,311,0,0,37,311,0,0,274,0,0,37,0,gRNA_CDK9_targ_1248_2345
HDR,0.0,100.0,520,519,198,0,198,0,0,0,198,0,0,198,0,0,0,0,gRNA_CDK9_targ_1248_2345
Reference,87.5,12.5,520,519,8,7,1,0,0,0,1,0,0,1,0,0,0,0,gRNA_CDK9_targ_1248_2346
HDR,0.0,100.0,520,519,509,0,509,0,0,37,509,0,0,472,0,0,37,0,gRNA_CDK9_targ_1248_2346
Reference,87.5,12.5,520,519,8,7,1,0,0,0,1,0,0,1,0,0,0,0,gRNA_CDK9_targ_1248_2347
HDR,0.0,100.0,520,519,509,0,509,0,0,37,509,0,0,472,0,0,37,0,gRNA_CDK9_targ_1248_2347
Reference,70.0,30.0,520,519,10,7,3,0,0,0,3,0,0,3,0,0,0,0,gRNA_CDK9_targ_1248_2348
HDR,0.0,100.0,520,519,201,0,201,0,0,0,201,0,0,201,0,0,0,0,gRNA_CDK9_targ_1248_2348
Reference,77.77777778,22.22222222,520,519,9,7,2,0,0,0,2,0,0,2,0,0,0,0,gRNA_CDK9_targ_1248_2349
HDR,0.0,100.0,520,519,200,0,200,0,0,0,200,0,0,200,0,0,0,0,gRNA_CDK9_targ_1248_2349
Reference,87.5,12.5,520,519,8,7,1,0,0,0,1,0,0,1,0,0,0,0,gRNA_CDK9_targ_1248_2350
HDR,0.0,100.0,520,519,510,0,510,0,0,37,474,0,36,473,0,0,1,0,gRNA_CDK9_targ_1248_2350
Reference,87.5,12.5,520,519,8,7,1,0,0,0,1,0,0,1,0,0,0,0,gRNA_CDK9_targ_1248_2351
HDR,0.0,100.0,520,519,508,0,508,0,0,37,508,0,0,471,0,0,37,0,gRNA_CDK9_targ_1248_2351
Reference,5.98802395,94.01197605,3582,3581,167,10,157,0,2,19,138,2,17,136,0,0,2,0,gRNA_CDK9_targ_1249_2352
HDR,0.0,100.0,3582,3581,3220,0,3220,0,0,132,3208,0,12,3088,0,0,120,0,gRNA_CDK9_targ_1249_2352
Reference,29.41176471,70.58823529,3582,3581,34,10,24,0,2,19,5,2,17,3,0,0,2,0,gRNA_CDK9_targ_1249_2353
HDR,0.0,100.0,3582,3581,3420,0,3420,0,0,155,3420,0,0,3265,0,0,155,0,gRNA_CDK9_targ_1249_2353
Reference,13.69863014,86.30136986,3582,3581,73,10,63,0,2,19,44,2,17,42,0,0,2,0,gRNA_CDK9_targ_1249_2354
HDR,0.0,100.0,3582,3581,3351,0,3351,0,0,119,3351,0,0,3232,0,0,119,0,gRNA_CDK9_targ_1249_2354
Reference,0.90415913,99.09584087,3582,3581,1106,10,1096,0,1,20,1078,1,17,1075,0,0,3,0,gRNA_CDK9_targ_1249_2355
HDR,0.0,100.0,3582,3581,2354,0,2354,0,0,154,2354,0,0,2200,0,0,154,0,gRNA_CDK9_targ_1249_2355
Reference,27.02702703,72.97297297,3582,3581,37,10,27,0,1,19,9,1,17,7,0,0,2,0,gRNA_CDK9_targ_1249_2356
HDR,0.52147239,99.47852761,3582,3581,3260,17,3243,0,0,120,3242,0,1,3123,0,0,119,0,gRNA_CDK9_targ_1249_2356
Reference,26.31578947,73.68421053,3582,3581,38,10,28,0,2,19,9,2,17,7,0,0,2,0,gRNA_CDK9_targ_1249_2357
HDR,0.0,100.0,3582,3581,3237,0,3237,0,0,132,3225,0,12,3105,0,0,120,0,gRNA_CDK9_targ_1249_2357
Reference,25.64102564,74.35897436,3582,3581,39,10,29,0,2,19,10,2,17,8,0,0,2,0,gRNA_CDK9_targ_1249_2358
HDR,0.0,100.0,3582,3581,2239,0,2239,0,0,167,2227,0,12,2072,0,0,155,0,gRNA_CDK9_targ_1249_2358
Reference,25.64102564,74.35897436,3582,3581,39,10,29,0,2,19,10,2,17,8,0,0,2,0,gRNA_CDK9_targ_1249_2359
HDR,0.05901446,99.94098554,3582,3581,3389,2,3387,0,0,155,3387,0,0,3232,0,0,155,0,gRNA_CDK9_targ_1249_2359
Reference,28.57142857,71.42857143,3582,3581,35,10,25,0,2,19,6,2,17,4,0,0,2,0,gRNA_CDK9_targ_1249_2360
HDR,0.0,100.0,3582,3581,2355,0,2355,0,0,154,2355,0,0,2201,0,0,154,0,gRNA_CDK9_targ_1249_2360
Reference,19.60784314,80.39215686,3582,3581,51,10,41,0,1,19,23,1,17,21,0,0,2,0,gRNA_CDK9_targ_1249_2361
HDR,0.0,100.0,3582,3581,2333,0,2333,0,0,154,2333,0,0,2179,0,0,154,0,gRNA_CDK9_targ_1249_2361
Reference,26.31578947,73.68421053,3582,3581,38,10,28,0,2,19,9,2,17,7,0,0,2,0,gRNA_CDK9_targ_1249_2362
HDR,30.32181872,69.67818128,3582,3581,3387,1027,2360,0,0,119,2245,0,115,2241,0,0,4,0,gRNA_CDK9_targ_1249_2362
Reference,27.02702703,72.97297297,3582,3581,37,10,27,0,1,19,9,1,17,7,0,0,2,0,gRNA_CDK9_targ_1249_2363
HDR,0.49722141,99.50277859,3582,3581,3419,17,3402,0,0,156,3287,0,115,3246,0,0,41,0,gRNA_CDK9_targ_1249_2363
Reference,16.94915254,83.05084746,3582,3581,59,10,49,0,2,19,30,2,17,28,0,0,2,0,gRNA_CDK9_targ_1249_2364
HDR,0.0,100.0,3582,3581,3414,0,3414,0,0,168,3288,0,126,3246,0,0,42,0,gRNA_CDK9_targ_1249_2364
Reference,20.0,80.0,3582,3581,50,10,40,0,1,19,22,1,17,20,0,0,2,0,gRNA_CDK9_targ_1249_2365
HDR,3.5546416,96.4453584,3582,3581,3404,121,3283,0,0,155,3169,0,114,3128,0,0,41,0,gRNA_CDK9_targ_1249_2365
Reference,26.31578947,73.68421053,3582,3581,38,10,28,0,2,19,9,2,17,7,0,0,2,0,gRNA_CDK9_targ_1249_2366
HDR,36.32089333,63.67910667,3582,3581,3403,1236,2167,0,0,155,2052,0,115,2012,0,0,40,0,gRNA_CDK9_targ_1249_2366
Reference,10.85106383,89.14893617,1945,1943,1410,153,1257,0,42,1,1257,0,0,1214,0,42,1,0,gRNA_CDK9_targ_1250_2367
HDR,0.0,100.0,1945,1943,530,0,530,0,0,0,530,0,0,530,0,0,0,0,gRNA_CDK9_targ_1250_2367
Reference,36.95652174,63.04347826,1945,1943,414,153,261,0,1,0,261,0,0,260,0,1,0,0,gRNA_CDK9_targ_1250_2368
HDR,0.06743088,99.93256912,1945,1943,1483,1,1482,0,0,1,1482,0,0,1481,0,0,1,0,gRNA_CDK9_targ_1250_2368
Reference,24.20886076,75.79113924,1945,1943,632,153,479,0,1,0,479,0,0,478,0,1,0,0,gRNA_CDK9_targ_1250_2369
HDR,0.0,100.0,1945,1943,1289,0,1289,0,41,1,1288,1,0,1247,0,40,1,0,gRNA_CDK9_targ_1250_2369
Reference,82.25806452,17.74193548,1945,1943,186,153,33,0,1,0,33,0,0,32,0,1,0,0,gRNA_CDK9_targ_1250_2370
HDR,0.0,100.0,1945,1943,1665,0,1665,0,1,1,1665,0,0,1663,0,1,1,0,gRNA_CDK9_targ_1250_2370
Reference,10.37288136,89.62711864,1945,1943,1475,153,1322,0,2,0,1322,0,0,1320,0,2,0,0,gRNA_CDK9_targ_1250_2371
HDR,0.0,100.0,1945,1943,425,0,425,0,0,1,425,0,0,424,0,0,1,0,gRNA_CDK9_targ_1250_2371
Reference,33.33333333,66.66666667,1945,1943,459,153,306,0,42,1,305,0,1,263,0,42,0,0,gRNA_CDK9_targ_1250_2372
HDR,0.0,100.0,1945,1943,530,0,530,0,0,0,530,0,0,530,0,0,0,0,gRNA_CDK9_targ_1250_2372
Reference,43.3427762,56.6572238,1945,1943,353,153,200,0,1,1,199,0,1,198,0,1,0,0,gRNA_CDK9_targ_1250_2373
HDR,0.0,100.0,1945,1943,230,0,230,0,0,0,230,0,0,230,0,0,0,0,gRNA_CDK9_targ_1250_2373
Reference,64.55696203,35.44303797,1945,1943,237,153,84,0,2,1,83,0,1,81,0,2,0,0,gRNA_CDK9_targ_1250_2374
HDR,0.0,100.0,1945,1943,569,0,569,0,39,39,569,0,0,530,0,0,0,39,gRNA_CDK9_targ_1250_2374
Reference,12.57189811,87.42810189,1945,1943,1217,153,1064,0,42,1,1063,0,1,1021,0,42,0,0,gRNA_CDK9_targ_1250_2375
HDR,0.0,100.0,1945,1943,231,0,231,0,0,0,231,0,0,231,0,0,0,0,gRNA_CDK9_targ_1250_2375
Reference,80.52631579,19.47368421,1945,1943,190,153,37,0,1,1,36,0,1,35,0,1,0,0,gRNA_CDK9_targ_1250_2376
HDR,0.0,100.0,1945,1943,1025,0,1025,0,2,1,1024,1,0,1022,0,1,1,0,gRNA_CDK9_targ_1250_2376
Reference,65.10638298,34.89361702,1945,1943,235,153,82,0,2,1,81,0,1,79,0,2,0,0,gRNA_CDK9_targ_1250_2377
HDR,10.2425876,89.7574124,1945,1943,1484,152,1332,0,1,1,1332,0,0,1330,0,1,1,0,gRNA_CDK9_targ_1250_2377
Reference,36.95652174,63.04347826,1945,1943,414,153,261,0,3,1,260,0,1,257,0,3,0,0,gRNA_CDK9_targ_1250_2378
HDR,0.0,100.0,1945,1943,421,0,421,0,0,1,421,0,0,420,0,0,1,0,gRNA_CDK9_targ_1250_2378
Reference,81.81818182,18.18181818,1945,1944,187,153,34,0,1,1,33,0,1,32,0,1,0,0,gRNA_CDK9_targ_1250_2379
HDR,13.89776358,86.10223642,1945,1944,1252,174,1078,0,2,2,1076,2,0,1074,0,0,2,0,gRNA_CDK9_targ_1250_2379
Reference,23.8317757,76.1682243,1945,1944,642,153,489,0,1,1,488,0,1,487,0,1,0,0,gRNA_CDK9_targ_1250_2380
HDR,0.0,100.0,1945,1944,463,0,463,0,44,6,460,0,0,417,3,40,2,1,gRNA_CDK9_targ_1250_2380
Reference,64.55696203,35.44303797,1945,1944,237,153,84,0,2,1,83,0,1,81,0,2,0,0,gRNA_CDK9_targ_1250_2381
HDR,1.1682243,98.8317757,1945,1944,428,5,423,0,1,2,423,0,0,420,0,1,2,0,gRNA_CDK9_targ_1250_2381
Reference,24.79740681,75.20259319,1945,1944,617,153,464,0,40,1,463,0,1,423,0,40,0,0,gRNA_CDK9_targ_1250_2382
HDR,0.0,100.0,1945,1944,1322,0,1322,0,0,2,1322,0,0,1320,0,0,2,0,gRNA_CDK9_targ_1250_2382
Reference,33.40611354,66.59388646,1945,1944,458,153,305,0,41,1,304,0,1,263,0,41,0,0,gRNA_CDK9_targ_1250_2383
HDR,19.50067476,80.49932524,1945,1944,1482,289,1193,0,0,2,1193,0,0,1191,0,0,2,0,gRNA_CDK9_targ_1250_2383
Reference,12.52045827,87.47954173,1945,1944,1222,153,1069,0,42,1,1068,0,1,1026,0,42,0,0,gRNA_CDK9_targ_1250_2384
HDR,0.0,100.0,1945,1944,720,0,720,0,0,2,720,0,0,718,0,0,2,0,gRNA_CDK9_targ_1250_2384
Reference,39.13043478,60.86956522,1945,1944,391,153,238,0,40,1,237,0,1,197,0,40,0,0,gRNA_CDK9_targ_1250_2385
HDR,0.0,100.0,1945,1944,1501,0,1501,0,1,2,1501,0,0,1498,0,1,2,0,gRNA_CDK9_targ_1250_2385
Reference,11.55589124,88.44410876,1945,1944,1324,153,1171,0,2,1,1170,0,1,1168,0,2,0,0,gRNA_CDK9_targ_1250_2386
HDR,0.0,100.0,1945,1944,578,0,578,0,159,161,422,0,0,417,156,0,2,3,gRNA_CDK9_targ_1250_2386
Reference,12.58223684,87.41776316,1945,1944,1216,153,1063,0,41,1,1062,0,1,1021,0,41,0,0,gRNA_CDK9_targ_1250_2387
HDR,0.0,100.0,1945,1944,726,0,726,0,0,2,726,0,0,724,0,0,2,0,gRNA_CDK9_targ_1250_2387
Reference,66.23376623,33.76623377,1945,1944,231,153,78,0,40,1,77,0,1,37,0,40,0,0,gRNA_CDK9_targ_1250_2388
HDR,35.41791942,64.58208058,1945,1944,1663,589,1074,0,1,2,1073,1,0,1071,0,0,2,0,gRNA_CDK9_targ_1250_2388
Reference,16.75794085,83.24205915,1945,1944,913,153,760,0,40,1,759,0,1,719,0,40,0,0,gRNA_CDK9_targ_1250_2389
HDR,0.0,100.0,1945,1944,1026,0,1026,0,1,3,1025,0,0,1023,1,0,2,0,gRNA_CDK9_targ_1250_2389
Reference,36.95652174,63.04347826,1945,1944,414,153,261,0,2,1,260,0,1,258,0,2,0,0,gRNA_CDK9_targ_1250_2390
HDR,0.1344086,99.8655914,1945,1944,1488,2,1486,0,0,2,1486,0,0,1484,0,0,2,0,gRNA_CDK9_targ_1250_2390
Reference,23.75776398,76.24223602,1945,1944,644,153,491,0,1,1,490,0,1,489,0,1,0,0,gRNA_CDK9_targ_1250_2391
HDR,0.0,100.0,1945,1944,1208,0,1208,0,1,2,1207,1,0,1205,0,0,2,0,gRNA_CDK9_targ_1250_2391
Reference,54.64285714,45.35714286,1945,1944,280,153,127,0,41,1,126,0,1,85,0,41,0,0,gRNA_CDK9_targ_1250_2392
HDR,0.0,100.0,1945,1944,1325,0,1325,0,1,2,1324,0,1,1322,0,1,1,0,gRNA_CDK9_targ_1250_2392
Reference,24.79740681,75.20259319,1945,1944,617,153,464,0,41,1,463,0,1,422,0,41,0,0,gRNA_CDK9_targ_1250_2393
HDR,0.0,100.0,1945,1944,421,0,421,0,1,3,420,0,0,418,1,0,2,0,gRNA_CDK9_targ_1250_2393
Reference,33.62637363,66.37362637,1945,1944,455,153,302,0,42,1,301,0,1,259,0,42,0,0,gRNA_CDK9_targ_1250_2394
HDR,0.0,100.0,1945,1944,721,0,721,0,0,2,721,0,0,719,0,0,2,0,gRNA_CDK9_targ_1250_2394
Reference,35.17241379,64.82758621,1945,1944,435,153,282,0,41,1,281,0,1,240,0,41,0,0,gRNA_CDK9_targ_1250_2395
HDR,0.0,100.0,1945,1944,421,0,421,0,1,2,421,0,0,418,0,1,2,0,gRNA_CDK9_targ_1250_2395
Reference,55.63636364,44.36363636,1945,1944,275,153,122,0,41,1,121,0,1,80,0,41,0,0,gRNA_CDK9_targ_1250_2396
HDR,17.80155642,82.19844358,1945,1944,1028,183,845,0,1,2,844,0,1,842,0,1,1,0,gRNA_CDK9_targ_1250_2396
Reference,24.83766234,75.16233766,1945,1944,616,153,463,0,41,1,462,0,1,421,0,41,0,0,gRNA_CDK9_targ_1250_2397
HDR,1.13293051,98.86706949,1945,1944,1324,15,1309,0,0,2,1309,0,0,1307,0,0,2,0,gRNA_CDK9_targ_1250_2397
Reference,0.0,100.0,1050,1049,136,0,136,0,1,1,136,0,0,134,0,1,1,0,gRNA_CDK9_targ_1251_2398
HDR,0.0,100.0,1050,1049,759,0,759,0,0,289,759,0,0,470,0,0,289,0,gRNA_CDK9_targ_1251_2398
Reference,0.0,100.0,1050,1049,1,0,1,0,1,0,1,0,0,0,0,1,0,0,gRNA_CDK9_targ_1251_2399
HDR,0.0,100.0,1050,1049,1047,0,1047,0,0,443,1047,0,0,604,0,0,443,0,gRNA_CDK9_targ_1251_2399
Reference,0.0,100.0,1050,1049,1,0,1,0,1,0,1,0,0,0,0,1,0,0,gRNA_CDK9_targ_1251_2400
HDR,0.0,100.0,1050,1049,1048,0,1048,0,0,443,1048,0,0,605,0,0,443,0,gRNA_CDK9_targ_1251_2400
Reference,,,1050,1049,0,0,0,0,0,0,0,0,0,0,0,0,0,0,gRNA_CDK9_targ_1251_2401
HDR,0.0,100.0,1050,1049,894,0,894,0,0,290,894,0,0,604,0,0,290,0,gRNA_CDK9_targ_1251_2401
Reference,0.0,100.0,1050,1049,4,0,4,0,0,0,4,0,0,4,0,0,0,0,gRNA_CDK9_targ_1251_2402
HDR,0.0,100.0,1050,1049,890,0,890,0,0,289,890,0,0,601,0,0,289,0,gRNA_CDK9_targ_1251_2402
Reference,0.0,100.0,1050,1049,1,0,1,0,1,0,1,0,0,0,0,1,0,0,gRNA_CDK9_targ_1251_2403
HDR,0.0,100.0,1050,1049,760,0,760,0,0,289,760,0,0,471,0,0,289,0,gRNA_CDK9_targ_1251_2403
Reference,0.0,100.0,1050,1049,1,0,1,0,1,0,1,0,0,0,0,1,0,0,gRNA_CDK9_targ_1251_2404
HDR,0.0,100.0,1050,1049,760,0,760,0,0,289,760,0,0,471,0,0,289,0,gRNA_CDK9_targ_1251_2404
Reference,0.0,100.0,1050,1049,1,0,1,0,1,0,1,0,0,0,0,1,0,0,gRNA_CDK9_targ_1251_2405
HDR,0.0,100.0,1050,1049,760,0,760,0,0,289,760,0,0,471,0,0,289,0,gRNA_CDK9_targ_1251_2405
Reference,0.0,100.0,1050,1049,155,0,155,0,1,153,155,0,0,1,0,1,153,0,gRNA_CDK9_targ_1251_2406
HDR,0.0,100.0,1050,1049,757,0,757,0,0,289,757,0,0,468,0,0,289,0,gRNA_CDK9_targ_1251_2406
Reference,0.0,100.0,1050,1049,1,0,1,0,1,0,1,0,0,0,0,1,0,0,gRNA_CDK9_targ_1251_2407
HDR,0.0,100.0,1050,1049,1048,0,1048,0,0,443,898,0,150,605,0,0,293,0,gRNA_CDK9_targ_1251_2407
Reference,0.0,100.0,1050,1049,1,0,1,0,1,0,1,0,0,0,0,1,0,0,gRNA_CDK9_targ_1251_2408
HDR,0.0,100.0,1050,1049,1048,0,1048,0,0,443,1048,0,0,605,0,0,443,0,gRNA_CDK9_targ_1251_2408
Reference,0.0,100.0,1050,1049,1,0,1,0,1,0,1,0,0,0,0,1,0,0,gRNA_CDK9_targ_1251_2409
HDR,0.0,100.0,1050,1049,1044,0,1044,0,0,443,1044,0,0,601,0,0,443,0,gRNA_CDK9_targ_1251_2409
Reference,,,1050,1049,0,0,0,0,0,0,0,0,0,0,0,0,0,0,gRNA_CDK9_targ_1251_2410
HDR,0.0,100.0,1050,1049,1048,0,1048,0,0,443,1048,0,0,605,0,0,443,0,gRNA_CDK9_targ_1251_2410
Reference,,,1050,1049,0,0,0,0,0,0,0,0,0,0,0,0,0,0,gRNA_CDK9_targ_1251_2411
HDR,0.0,100.0,1050,1049,1044,0,1044,0,0,443,1044,0,0,601,0,0,443,0,gRNA_CDK9_targ_1251_2411
Reference,,,1050,1049,0,0,0,0,0,0,0,0,0,0,0,0,0,0,gRNA_CDK9_targ_1251_2412
HDR,0.0,100.0,1050,1049,1045,0,1045,0,1,443,895,0,150,601,0,1,293,0,gRNA_CDK9_targ_1251_2412
Reference,0.0,100.0,1050,1049,1,0,1,0,1,0,1,0,0,0,0,1,0,0,gRNA_CDK9_targ_1251_2413
HDR,0.0,100.0,1050,1049,1048,0,1048,0,0,443,1048,0,0,605,0,0,443,0,gRNA_CDK9_targ_1251_2413
Reference,0.0,100.0,1050,1049,1,0,1,0,1,0,1,0,0,0,0,1,0,0,gRNA_CDK9_targ_1251_2414
HDR,0.0,100.0,1050,1049,895,0,895,0,0,290,895,0,0,605,0,0,290,0,gRNA_CDK9_targ_1251_2414
Reference,0.0,100.0,1050,1049,2,0,2,0,1,0,2,0,0,1,0,1,0,0,gRNA_CDK9_targ_1251_2415
HDR,0.0,100.0,1050,1049,894,0,894,0,0,290,894,0,0,604,0,0,290,0,gRNA_CDK9_targ_1251_2415
Reference,0.0,100.0,1050,1049,1,0,1,0,1,0,1,0,0,0,0,1,0,0,gRNA_CDK9_targ_1251_2416
HDR,0.0,100.0,1050,1049,895,0,895,0,0,290,895,0,0,605,0,0,290,0,gRNA_CDK9_targ_1251_2416
Reference,0.0,100.0,1050,1049,2,0,2,0,1,0,2,0,0,1,0,1,0,0,gRNA_CDK9_targ_1251_2417
HDR,0.0,100.0,1050,1049,894,0,894,0,0,290,894,0,0,604,0,0,290,0,gRNA_CDK9_targ_1251_2417
Reference,0.0,100.0,1050,1049,1,0,1,0,0,0,1,0,0,1,0,0,0,0,gRNA_CDK9_targ_1251_2418
HDR,0.0,100.0,1050,1049,1047,0,1047,0,0,443,897,0,150,604,0,0,293,0,gRNA_CDK9_targ_1251_2418
Reference,,,1050,1049,0,0,0,0,0,0,0,0,0,0,0,0,0,0,gRNA_CDK9_targ_1251_2419
HDR,0.09541985,99.90458015,1050,1049,1048,1,1047,0,0,443,897,0,150,604,0,0,293,0,gRNA_CDK9_targ_1251_2419
Reference,,,1050,1049,0,0,0,0,0,0,0,0,0,0,0,0,0,0,gRNA_CDK9_targ_1251_2420
HDR,0.0,100.0,1050,1049,1048,0,1048,0,0,443,898,0,150,605,0,0,293,0,gRNA_CDK9_targ_1251_2420
Reference,,,1050,1049,0,0,0,0,0,0,0,0,0,0,0,0,0,0,gRNA_CDK9_targ_1251_2421
HDR,0.0,100.0,1050,1049,1048,0,1048,0,0,443,1048,0,0,605,0,0,443,0,gRNA_CDK9_targ_1251_2421
Reference,,,1050,1049,0,0,0,0,0,0,0,0,0,0,0,0,0,0,gRNA_CDK9_targ_1251_2422
HDR,0.0,100.0,1050,1049,1049,0,1049,0,1,443,1049,0,0,605,0,1,443,0,gRNA_CDK9_targ_1251_2422
Reference,,,1050,1049,0,0,0,0,0,0,0,0,0,0,0,0,0,0,gRNA_CDK9_targ_1251_2423
HDR,0.28625954,99.71374046,1050,1049,1048,3,1045,0,0,443,1045,0,0,602,0,0,443,0,gRNA_CDK9_targ_1251_2423
Reference,,,1050,1049,0,0,0,0,0,0,0,0,0,0,0,0,0,0,gRNA_CDK9_targ_1251_2424
HDR,0.0,100.0,1050,1049,1047,0,1047,0,0,443,1047,0,0,604,0,0,443,0,gRNA_CDK9_targ_1251_2424
Reference,,,1050,1049,0,0,0,0,0,0,0,0,0,0,0,0,0,0,gRNA_CDK9_targ_1251_2425
HDR,0.0,100.0,1050,1049,1047,0,1047,0,0,443,897,0,150,604,0,0,293,0,gRNA_CDK9_targ_1251_2425
Reference,,,1050,1049,0,0,0,0,0,0,0,0,0,0,0,0,0,0,gRNA_CDK9_targ_1251_2426
HDR,0.0,100.0,1050,1049,1047,0,1047,0,0,443,897,0,150,604,0,0,293,0,gRNA_CDK9_targ_1251_2426
Reference,,,1050,1049,0,0,0,0,0,0,0,0,0,0,0,0,0,0,gRNA_CDK9_targ_1251_2427
HDR,12.58341277,87.41658723,1050,1049,1049,132,917,0,1,443,766,0,151,473,0,1,292,0,gRNA_CDK9_targ_1251_2427
Reference,,,1050,1049,0,0,0,0,0,0,0,0,0,0,0,0,0,0,gRNA_CDK9_targ_1251_2428
HDR,42.89799809,57.10200191,1050,1049,1049,450,599,0,1,443,597,0,2,155,0,1,441,0,gRNA_CDK9_targ_1251_2428
Reference,63.82978723,36.17021277,278,278,47,30,17,0,0,0,17,0,0,17,0,0,0,0,gRNA_CDK9_targ_1252_2429
HDR,0.0,100.0,278,278,231,0,231,0,0,0,231,0,0,231,0,0,0,0,gRNA_CDK9_targ_1252_2429
Reference,88.23529412,11.76470588,278,278,34,30,4,0,0,0,4,0,0,4,0,0,0,0,gRNA_CDK9_targ_1252_2430
HDR,0.0,100.0,278,278,244,0,244,0,0,0,244,0,0,244,0,0,0,0,gRNA_CDK9_targ_1252_2430
Reference,88.23529412,11.76470588,278,278,34,30,4,0,0,0,4,0,0,4,0,0,0,0,gRNA_CDK9_targ_1252_2431
HDR,0.0,100.0,278,278,244,0,244,0,0,0,244,0,0,244,0,0,0,0,gRNA_CDK9_targ_1252_2431
Reference,88.23529412,11.76470588,278,278,34,30,4,0,0,0,4,0,0,4,0,0,0,0,gRNA_CDK9_targ_1252_2432
HDR,0.0,100.0,278,278,244,0,244,0,0,0,244,0,0,244,0,0,0,0,gRNA_CDK9_targ_1252_2432
Reference,11.0701107,88.9298893,278,278,271,30,241,0,0,0,241,0,0,241,0,0,0,0,gRNA_CDK9_targ_1252_2433
HDR,0.0,100.0,278,278,7,0,7,0,0,0,7,0,0,7,0,0,0,0,gRNA_CDK9_targ_1252_2433
Reference,88.23529412,11.76470588,278,278,34,30,4,0,0,0,4,0,0,4,0,0,0,0,gRNA_CDK9_targ_1252_2434
HDR,0.0,100.0,278,278,231,0,231,0,0,0,231,0,0,231,0,0,0,0,gRNA_CDK9_targ_1252_2434
Reference,88.23529412,11.76470588,278,278,34,30,4,0,0,0,4,0,0,4,0,0,0,0,gRNA_CDK9_targ_1252_2435
HDR,0.0,100.0,278,278,231,0,231,0,0,0,231,0,0,231,0,0,0,0,gRNA_CDK9_targ_1252_2435
Reference,88.23529412,11.76470588,278,278,34,30,4,0,0,0,4,0,0,4,0,0,0,0,gRNA_CDK9_targ_1252_2436
HDR,0.0,100.0,278,278,231,0,231,0,0,0,231,0,0,231,0,0,0,0,gRNA_CDK9_targ_1252_2436
Reference,65.2173913,34.7826087,278,278,46,30,16,0,0,0,16,0,0,16,0,0,0,0,gRNA_CDK9_targ_1252_2437
HDR,0.0,100.0,278,278,6,0,6,0,0,0,6,0,0,6,0,0,0,0,gRNA_CDK9_targ_1252_2437
Reference,88.23529412,11.76470588,278,278,34,30,4,0,0,0,4,0,0,4,0,0,0,0,gRNA_CDK9_targ_1252_2438
HDR,0.0,100.0,278,278,244,0,244,0,0,0,244,0,0,244,0,0,0,0,gRNA_CDK9_targ_1252_2438
Reference,88.23529412,11.76470588,278,278,34,30,4,0,0,0,4,0,0,4,0,0,0,0,gRNA_CDK9_targ_1252_2439
HDR,0.0,100.0,278,278,244,0,244,0,0,0,244,0,0,244,0,0,0,0,gRNA_CDK9_targ_1252_2439
Reference,88.23529412,11.76470588,278,278,34,30,4,0,0,0,4,0,0,4,0,0,0,0,gRNA_CDK9_targ_1252_2440
HDR,0.0,100.0,278,278,7,0,7,0,0,0,7,0,0,7,0,0,0,0,gRNA_CDK9_targ_1252_2440
Reference,88.23529412,11.76470588,278,278,34,30,4,0,0,0,4,0,0,4,0,0,0,0,gRNA_CDK9_targ_1252_2441
HDR,0.0,100.0,278,278,244,0,244,0,0,0,244,0,0,244,0,0,0,0,gRNA_CDK9_targ_1252_2441
Reference,88.23529412,11.76470588,278,278,34,30,4,0,0,0,4,0,0,4,0,0,0,0,gRNA_CDK9_targ_1252_2442
HDR,0.0,100.0,278,278,7,0,7,0,0,0,7,0,0,7,0,0,0,0,gRNA_CDK9_targ_1252_2442
Reference,88.23529412,11.76470588,278,278,34,30,4,0,0,0,4,0,0,4,0,0,0,0,gRNA_CDK9_targ_1252_2443
HDR,0.0,100.0,278,278,7,0,7,0,0,0,7,0,0,7,0,0,0,0,gRNA_CDK9_targ_1252_2443
Reference,88.23529412,11.76470588,278,278,34,30,4,0,0,0,4,0,0,4,0,0,0,0,gRNA_CDK9_targ_1252_2444
HDR,0.0,100.0,278,278,244,0,244,0,0,0,244,0,0,244,0,0,0,0,gRNA_CDK9_targ_1252_2444
Reference,88.23529412,11.76470588,278,278,34,30,4,0,0,0,4,0,0,4,0,0,0,0,gRNA_CDK9_targ_1252_2445
HDR,0.0,100.0,278,278,244,0,244,0,0,0,244,0,0,244,0,0,0,0,gRNA_CDK9_targ_1252_2445
Reference,65.2173913,34.7826087,278,278,46,30,16,0,0,0,16,0,0,16,0,0,0,0,gRNA_CDK9_targ_1252_2446
HDR,0.0,100.0,278,278,232,0,232,0,0,0,232,0,0,232,0,0,0,0,gRNA_CDK9_targ_1252_2446
Reference,88.23529412,11.76470588,278,278,34,30,4,0,0,0,4,0,0,4,0,0,0,0,gRNA_CDK9_targ_1252_2447
HDR,0.0,100.0,278,278,244,0,244,0,0,0,244,0,0,244,0,0,0,0,gRNA_CDK9_targ_1252_2447
Reference,65.2173913,34.7826087,278,278,46,30,16,0,0,0,16,0,0,16,0,0,0,0,gRNA_CDK9_targ_1252_2448
HDR,0.0,100.0,278,278,232,0,232,0,0,0,232,0,0,232,0,0,0,0,gRNA_CDK9_targ_1252_2448
Reference,65.2173913,34.7826087,278,278,46,30,16,0,0,0,16,0,0,16,0,0,0,0,gRNA_CDK9_targ_1252_2449
HDR,0.0,100.0,278,278,232,0,232,0,0,0,232,0,0,232,0,0,0,0,gRNA_CDK9_targ_1252_2449
Reference,88.23529412,11.76470588,278,278,34,30,4,0,0,0,4,0,0,4,0,0,0,0,gRNA_CDK9_targ_1252_2450
HDR,4.91803279,95.08196721,278,278,244,12,232,0,0,0,232,0,0,232,0,0,0,0,gRNA_CDK9_targ_1252_2450
Reference,88.23529412,11.76470588,278,278,34,30,4,0,0,0,4,0,0,4,0,0,0,0,gRNA_CDK9_targ_1252_2451
HDR,0.0,100.0,278,278,244,0,244,0,0,0,244,0,0,244,0,0,0,0,gRNA_CDK9_targ_1252_2451
Reference,88.23529412,11.76470588,278,278,34,30,4,0,0,0,4,0,0,4,0,0,0,0,gRNA_CDK9_targ_1252_2452
HDR,0.0,100.0,278,278,244,0,244,0,0,0,244,0,0,244,0,0,0,0,gRNA_CDK9_targ_1252_2452
Reference,88.23529412,11.76470588,278,278,34,30,4,0,0,0,4,0,0,4,0,0,0,0,gRNA_CDK9_targ_1252_2453
HDR,0.0,100.0,278,278,244,0,244,0,0,0,244,0,0,244,0,0,0,0,gRNA_CDK9_targ_1252_2453
Reference,88.23529412,11.76470588,278,278,34,30,4,0,0,0,4,0,0,4,0,0,0,0,gRNA_CDK9_targ_1252_2454
HDR,88.1147541,11.8852459,278,278,244,215,29,0,0,0,29,0,0,29,0,0,0,0,gRNA_CDK9_targ_1252_2454
Reference,88.23529412,11.76470588,278,278,34,30,4,0,0,0,4,0,0,4,0,0,0,0,gRNA_CDK9_targ_1252_2455
HDR,0.0,100.0,278,278,232,0,232,0,0,0,232,0,0,232,0,0,0,0,gRNA_CDK9_targ_1252_2455
Reference,88.23529412,11.76470588,278,278,34,30,4,0,0,0,4,0,0,4,0,0,0,0,gRNA_CDK9_targ_1252_2456
HDR,0.0,100.0,278,278,232,0,232,0,0,0,232,0,0,232,0,0,0,0,gRNA_CDK9_targ_1252_2456
Reference,88.23529412,11.76470588,278,278,34,30,4,0,0,0,4,0,0,4,0,0,0,0,gRNA_CDK9_targ_1252_2457
HDR,0.0,100.0,278,278,232,0,232,0,0,0,232,0,0,232,0,0,0,0,gRNA_CDK9_targ_1252_2457
Reference,88.23529412,11.76470588,278,278,34,30,4,0,0,0,4,0,0,4,0,0,0,0,gRNA_CDK9_targ_1252_2458
HDR,0.0,100.0,278,278,244,0,244,0,0,0,244,0,0,244,0,0,0,0,gRNA_CDK9_targ_1252_2458
Reference,88.23529412,11.76470588,278,278,34,30,4,0,0,0,4,0,0,4,0,0,0,0,gRNA_CDK9_targ_1252_2459
HDR,2.45901639,97.54098361,278,278,244,6,238,0,0,0,238,0,0,238,0,0,0,0,gRNA_CDK9_targ_1252_2459
Reference,62.87482151,37.12517849,2459,2459,2101,1321,780,0,1,2,778,0,2,777,0,1,0,0,gRNA_CDK9_targ_1253_2460
HDR,19.29824561,80.70175439,2459,2459,171,33,138,0,0,0,138,0,0,138,0,0,0,0,gRNA_CDK9_targ_1253_2460
Reference,69.96822034,30.03177966,2459,2459,1888,1321,567,0,0,2,565,0,2,565,0,0,0,0,gRNA_CDK9_targ_1253_2461
HDR,50.31446541,49.68553459,2459,2459,477,240,237,0,1,0,237,0,0,236,0,1,0,0,gRNA_CDK9_targ_1253_2461
Reference,59.344115,40.655885,2459,2459,2226,1321,905,0,0,2,903,0,2,903,0,0,0,0,gRNA_CDK9_targ_1253_2462
HDR,0.0,100.0,2459,2459,141,0,141,0,1,0,141,0,0,140,0,1,0,0,gRNA_CDK9_targ_1253_2462
Reference,67.84797124,32.15202876,2459,2459,1947,1321,626,0,0,92,624,0,2,534,0,0,90,0,gRNA_CDK9_targ_1253_2463
HDR,0.0,100.0,2459,2459,228,0,228,0,0,0,228,0,0,228,0,0,0,0,gRNA_CDK9_targ_1253_2463
Reference,60.20966272,39.79033728,2459,2459,2194,1321,873,0,0,2,871,0,2,871,0,0,0,0,gRNA_CDK9_targ_1253_2464
HDR,0.72463768,99.27536232,2459,2459,138,1,137,0,0,0,137,0,0,137,0,0,0,0,gRNA_CDK9_targ_1253_2464
Reference,69.8572184,30.1427816,2459,2459,1891,1321,570,0,0,2,568,0,2,568,0,0,0,0,gRNA_CDK9_targ_1253_2465
HDR,1.42857143,98.57142857,2459,2459,140,2,138,0,1,0,138,0,0,137,0,1,0,0,gRNA_CDK9_targ_1253_2465
Reference,59.31746744,40.68253256,2459,2459,2227,1321,906,0,0,92,904,0,2,814,0,0,90,0,gRNA_CDK9_targ_1253_2466
HDR,86.42857143,13.57142857,2459,2459,140,121,19,0,0,0,19,0,0,19,0,0,0,0,gRNA_CDK9_targ_1253_2466
Reference,28.18930041,71.81069959,3321,3321,972,274,698,0,2,0,698,0,0,696,0,2,0,0,gRNA_CDK9_targ_1255_2467
HDR,20.9995616,79.0004384,3321,3321,2281,479,1802,0,0,1,1802,0,0,1801,0,0,1,0,gRNA_CDK9_targ_1255_2467
Reference,32.93753227,67.06246773,4174,4174,1937,638,1299,0,18,60,1299,0,0,1221,0,18,60,0,gRNA_CDK9_targ_1256_2468
HDR,0.12026458,99.87973542,4174,4174,1663,2,1661,0,0,1,1661,0,0,1660,0,0,1,0,gRNA_CDK9_targ_1256_2468
Reference,78.7654321,21.2345679,4174,4174,810,638,172,0,18,0,172,0,0,154,0,18,0,0,gRNA_CDK9_targ_1256_2469
HDR,31.09193692,68.90806308,4174,4174,3361,1045,2316,0,1,61,2256,0,60,2254,0,1,1,0,gRNA_CDK9_targ_1256_2469
Reference,78.66831073,21.33168927,4174,4174,811,638,173,0,18,0,173,0,0,155,0,18,0,0,gRNA_CDK9_targ_1256_2470
HDR,68.59060403,31.40939597,4174,4174,2235,1533,702,0,1,1,701,0,1,700,0,1,0,0,gRNA_CDK9_targ_1256_2470
Reference,33.16708229,66.83291771,3814,3814,1604,532,1072,0,1,1,1070,1,1,1070,0,0,0,0,gRNA_CDK9_targ_1257_2471
HDR,0.0,100.0,3814,3814,1739,0,1739,0,0,0,1739,0,0,1739,0,0,0,0,gRNA_CDK9_targ_1257_2471
Reference,97.08029197,2.91970803,3814,3814,548,532,16,0,0,1,15,0,1,15,0,0,0,0,gRNA_CDK9_targ_1257_2472
HDR,25.41287496,74.58712504,3814,3814,2967,754,2213,0,0,0,2213,0,0,2213,0,0,0,0,gRNA_CDK9_targ_1257_2472
Reference,63.33333333,36.66666667,3814,3814,840,532,308,0,1,1,306,1,1,306,0,0,0,0,gRNA_CDK9_targ_1257_2473
HDR,77.36961451,22.63038549,3814,3814,2205,1706,499,0,0,0,499,0,0,499,0,0,0,0,gRNA_CDK9_targ_1257_2473
Reference,1.44329897,98.55670103,2225,2225,485,7,478,0,0,2,478,0,0,476,0,0,2,0,gRNA_CDK9_targ_1259_2474
HDR,87.8667724,12.1332276,2225,2225,1261,1108,153,0,0,0,153,0,0,153,0,0,0,0,gRNA_CDK9_targ_1259_2474
Reference,25.0,75.0,4038,3951,4,1,3,0,1,0,3,0,0,2,0,1,0,0,gRNA_CDK9_targ_1260_2475
HDR,37.67595088,62.32404912,4038,3951,3339,1258,2081,0,1,0,2080,1,0,2080,0,0,0,0,gRNA_CDK9_targ_1260_2475
Reference,34.51492537,65.48507463,3110,3108,536,185,351,0,7,0,344,7,0,344,0,0,0,0,gRNA_CDK9_targ_1262_2476
HDR,3.20366133,96.79633867,3110,3108,2185,70,2115,0,0,91,2029,0,86,2024,0,0,5,0,gRNA_CDK9_targ_1262_2476
Reference,1.11420613,98.88579387,4550,4549,359,4,355,0,6,323,33,4,318,26,0,2,5,0,gRNA_CDK9_targ_1263_2477
HDR,0.0,100.0,4550,4549,3208,0,3208,0,12,1,3207,0,1,3195,0,12,0,0,gRNA_CDK9_targ_1263_2477
Reference,44.44444444,55.55555556,4550,4549,9,4,5,0,1,1,4,0,1,3,0,1,0,0,gRNA_CDK9_targ_1263_2478
HDR,1.0460251,98.9539749,4550,4549,2390,25,2365,0,12,1,2365,0,0,2352,0,12,1,0,gRNA_CDK9_targ_1263_2478
Reference,0.50377834,99.49622166,4550,4549,794,4,790,0,1,788,14,0,776,1,0,1,12,0,gRNA_CDK9_targ_1263_2479
HDR,45.63591022,54.36408978,4550,4549,3208,1464,1744,0,12,1,1731,12,1,1731,0,0,0,0,gRNA_CDK9_targ_1263_2479
Reference,12.95180723,87.04819277,3964,3964,1328,172,1156,0,66,357,747,63,346,733,0,3,11,0,gRNA_CDK9_targ_1264_2480
HDR,0.0,100.0,3964,3964,2181,0,2181,0,0,0,2181,0,0,2181,0,0,0,0,gRNA_CDK9_targ_1264_2480
Reference,39.35926773,60.64073227,3964,3964,437,172,265,0,1,256,17,1,247,8,0,0,9,0,gRNA_CDK9_targ_1264_2481
HDR,21.15613826,78.84386174,3964,3964,3356,710,2646,0,0,0,2646,0,0,2646,0,0,0,0,gRNA_CDK9_targ_1264_2481
Reference,31.73431734,68.26568266,3964,3964,542,172,370,0,1,359,23,1,346,10,0,0,13,0,gRNA_CDK9_targ_1264_2482
HDR,67.75541208,32.24458792,3964,3964,2633,1784,849,0,0,0,849,0,0,849,0,0,0,0,gRNA_CDK9_targ_1264_2482
Reference,69.25531915,30.74468085,5669,5669,940,651,289,0,98,176,19,97,173,15,0,1,3,0,gRNA_CDK9_targ_1265_2483
HDR,79.07949791,20.92050209,5669,5669,4541,3591,950,0,0,1,949,0,1,949,0,0,0,0,gRNA_CDK9_targ_1265_2483
Reference,7.11864407,92.88135593,6766,6766,885,63,822,0,18,0,822,0,0,804,0,18,0,0,gRNA_CDK9_targ_1266_2484
HDR,76.63533835,23.36466165,6766,6766,5320,4077,1243,0,0,2,1241,0,2,1241,0,0,0,0,gRNA_CDK9_targ_1266_2484
Reference,12.5,87.5,182,182,16,2,14,0,1,0,13,1,0,13,0,0,0,0,gRNA_CDK9_targ_1267_2485
HDR,0.0,100.0,182,182,164,0,164,0,1,0,164,0,0,163,0,1,0,0,gRNA_CDK9_targ_1267_2485
Reference,66.66666667,33.33333333,182,182,3,2,1,0,1,0,1,0,0,0,0,1,0,0,gRNA_CDK9_targ_1267_2486
HDR,0.0,100.0,182,182,177,0,177,0,0,0,177,0,0,177,0,0,0,0,gRNA_CDK9_targ_1267_2486
Reference,11.76470588,88.23529412,182,182,17,2,15,0,2,0,14,1,0,13,0,1,0,0,gRNA_CDK9_targ_1267_2487
HDR,0.0,100.0,182,182,148,0,148,0,0,0,148,0,0,148,0,0,0,0,gRNA_CDK9_targ_1267_2487
Reference,66.66666667,33.33333333,182,182,3,2,1,0,1,0,0,1,0,0,0,0,0,0,gRNA_CDK9_targ_1267_2488
HDR,0.0,100.0,182,182,164,0,164,0,0,0,164,0,0,164,0,0,0,0,gRNA_CDK9_targ_1267_2488
Reference,11.76470588,88.23529412,182,182,17,2,15,0,1,1,14,1,0,13,0,0,1,0,gRNA_CDK9_targ_1267_2489
HDR,0.0,100.0,182,182,164,0,164,0,0,0,164,0,0,164,0,0,0,0,gRNA_CDK9_targ_1267_2489
Reference,50.0,50.0,182,182,4,2,2,0,2,0,1,1,0,0,0,1,0,0,gRNA_CDK9_targ_1267_2490
HDR,0.0,100.0,182,182,164,0,164,0,0,0,164,0,0,164,0,0,0,0,gRNA_CDK9_targ_1267_2490
Reference,11.11111111,88.88888889,182,182,18,2,16,0,2,1,15,1,0,13,0,1,1,0,gRNA_CDK9_targ_1267_2491
HDR,87.19512195,12.80487805,182,182,164,143,21,0,0,0,21,0,0,21,0,0,0,0,gRNA_CDK9_targ_1267_2491
Reference,0.0,100.0,503,503,29,0,29,0,0,1,29,0,0,28,0,0,1,0,gRNA_CDK9_targ_1268_2492
HDR,0.0,100.0,503,503,260,0,260,0,0,0,260,0,0,260,0,0,0,0,gRNA_CDK9_targ_1268_2492
Reference,0.0,100.0,503,503,1,0,1,0,0,0,1,0,0,1,0,0,0,0,gRNA_CDK9_targ_1268_2493
HDR,0.0,100.0,503,503,499,0,499,0,0,0,499,0,0,499,0,0,0,0,gRNA_CDK9_targ_1268_2493
Reference,0.0,100.0,503,503,315,0,315,0,0,1,315,0,0,314,0,0,1,0,gRNA_CDK9_targ_1268_2494
HDR,0.0,100.0,503,503,186,0,186,0,0,0,186,0,0,186,0,0,0,0,gRNA_CDK9_targ_1268_2494
Reference,0.0,100.0,503,503,2,0,2,0,0,1,2,0,0,1,0,0,1,0,gRNA_CDK9_targ_1268_2495
HDR,14.58773784,85.41226216,503,503,473,69,404,0,0,0,404,0,0,404,0,0,0,0,gRNA_CDK9_targ_1268_2495
Reference,0.0,100.0,503,503,239,0,239,0,0,1,239,0,0,238,0,0,1,0,gRNA_CDK9_targ_1268_2496
HDR,0.0,100.0,503,503,187,0,187,0,0,0,187,0,0,187,0,0,0,0,gRNA_CDK9_targ_1268_2496
Reference,0.0,100.0,503,503,2,0,2,0,0,1,2,0,0,1,0,0,1,0,gRNA_CDK9_targ_1268_2497
HDR,0.0,100.0,503,503,187,0,187,0,0,0,187,0,0,187,0,0,0,0,gRNA_CDK9_targ_1268_2497
Reference,0.0,100.0,503,503,30,0,30,0,0,1,30,0,0,29,0,0,1,0,gRNA_CDK9_targ_1268_2498
HDR,3.03030303,96.96969697,503,503,264,8,256,0,0,0,256,0,0,256,0,0,0,0,gRNA_CDK9_targ_1268_2498
Reference,1.95080577,98.04919423,3004,2994,2358,46,2312,0,316,469,2024,2,286,1527,0,314,183,0,gRNA_CDK9_targ_1269_2499
HDR,0.0,100.0,3004,2994,469,0,469,0,1,0,469,0,0,468,0,1,0,0,gRNA_CDK9_targ_1269_2499
Reference,2.70429159,97.29570841,3004,2994,1701,46,1655,0,316,186,1648,2,5,1153,0,314,181,0,gRNA_CDK9_targ_1269_2500
HDR,0.0,100.0,3004,2994,1005,0,1005,0,1,1,1005,0,0,1003,0,1,1,0,gRNA_CDK9_targ_1269_2500
Reference,2.37972064,97.62027936,3004,2994,1933,46,1887,0,317,470,1599,2,286,1100,0,315,184,0,gRNA_CDK9_targ_1269_2501
HDR,0.17361111,99.82638889,3004,2994,576,1,575,0,1,0,575,0,0,574,0,1,0,0,gRNA_CDK9_targ_1269_2501
Reference,0.85714286,99.14285714,1799,1799,1050,9,1041,0,72,0,1035,6,0,969,0,66,0,0,gRNA_CDK9_targ_1270_2502
HDR,0.14814815,99.85185185,1799,1799,675,1,674,0,0,1,674,0,0,673,0,0,1,0,gRNA_CDK9_targ_1270_2502
Reference,0.53380783,99.46619217,1799,1799,1686,9,1677,0,6,2,1671,6,0,1669,0,0,2,0,gRNA_CDK9_targ_1270_2503
HDR,6.25,93.75,1799,1799,112,7,105,0,67,0,105,0,0,38,0,67,0,0,gRNA_CDK9_targ_1270_2503
Reference,0.88845015,99.11154985,1799,1799,1013,9,1004,0,6,1,998,6,0,997,0,0,1,0,gRNA_CDK9_targ_1270_2504
HDR,0.0,100.0,1799,1799,2,0,2,0,1,0,2,0,0,1,0,1,0,0,gRNA_CDK9_targ_1270_2504
Reference,13.86255924,86.13744076,7377,7377,2532,351,2181,0,380,2,1970,210,1,1800,0,169,0,1,gRNA_CDK9_targ_1271_2505
HDR,0.02161695,99.97838305,7377,7377,4626,1,4625,0,0,1,4625,0,0,4624,0,0,1,0,gRNA_CDK9_targ_1271_2505
Reference,57.54098361,42.45901639,7377,7377,610,351,259,0,251,1,53,205,1,7,0,46,0,0,gRNA_CDK9_targ_1271_2506
HDR,16.53959857,83.46040143,7377,7377,6427,1063,5364,0,165,142,5211,153,0,5057,0,12,142,0,gRNA_CDK9_targ_1271_2506
Reference,53.10136157,46.89863843,7377,7377,661,351,310,0,256,2,100,209,1,53,0,46,0,1,gRNA_CDK9_targ_1271_2507
HDR,41.44407346,58.55592654,7377,7377,4792,1986,2806,0,0,142,2806,0,0,2664,0,0,142,0,gRNA_CDK9_targ_1271_2507
Reference,100.0,0.0,4334,4334,1,1,0,0,0,0,0,0,0,0,0,0,0,0,gRNA_CDK9_targ_1272_2508
HDR,57.14978187,42.85021813,4334,4334,4126,2358,1768,0,2,1,1765,2,1,1765,0,0,0,0,gRNA_CDK9_targ_1272_2508
Reference,29.42073171,70.57926829,7850,7849,1312,386,926,0,340,1,746,179,1,585,0,161,0,0,gRNA_CDK9_targ_1273_2509
HDR,19.50751519,80.49248481,7850,7849,6254,1220,5034,0,454,1,5034,0,0,4580,0,453,0,1,gRNA_CDK9_targ_1273_2509
Reference,12.18434343,87.81565657,7850,7849,3168,386,2782,0,796,2,2602,179,1,1985,0,616,0,1,gRNA_CDK9_targ_1273_2510
HDR,12.44323342,87.55676658,7850,7849,4404,548,3856,0,0,0,3856,0,0,3856,0,0,0,0,gRNA_CDK9_targ_1273_2510
Reference,37.73216031,62.26783969,7850,7849,1023,386,637,0,342,1,457,179,1,294,0,163,0,0,gRNA_CDK9_targ_1273_2511
HDR,91.42300195,8.57699805,7850,7849,4104,3752,352,0,0,0,352,0,0,352,0,0,0,0,gRNA_CDK9_targ_1273_2511
Reference,70.81005587,29.18994413,4961,4947,716,507,209,0,3,0,208,1,0,206,0,2,0,0,gRNA_CDK9_targ_1274_2512
HDR,25.66964286,74.33035714,4961,4947,4032,1035,2997,0,13,1,2997,0,0,2983,0,13,1,0,gRNA_CDK9_targ_1274_2512
Reference,56.88259109,43.11740891,1679,1679,494,281,213,0,2,0,213,0,0,211,0,2,0,0,gRNA_CDK9_targ_1275_2513
HDR,37.27758007,62.72241993,1679,1679,1124,419,705,0,0,0,705,0,0,705,0,0,0,0,gRNA_CDK9_targ_1275_2513
Reference,17.98941799,82.01058201,2265,2264,1701,306,1395,0,2,30,1367,0,28,1363,0,2,2,0,gRNA_CDK9_targ_1276_2514
HDR,0.77120823,99.22879177,2265,2264,389,3,386,0,0,1,386,0,0,385,0,0,1,0,gRNA_CDK9_targ_1276_2514
Reference,75.55555556,24.44444444,2265,2264,405,306,99,0,0,29,71,0,28,70,0,0,1,0,gRNA_CDK9_targ_1276_2515
HDR,37.58099352,62.41900648,2265,2264,1852,696,1156,0,12,2,1143,12,1,1142,0,0,1,0,gRNA_CDK9_targ_1276_2515
Reference,74.81662592,25.18337408,2265,2264,409,306,103,0,0,29,75,0,28,74,0,0,1,0,gRNA_CDK9_targ_1276_2516
HDR,37.70491803,62.29508197,2265,2264,549,207,342,0,0,1,342,0,0,341,0,0,1,0,gRNA_CDK9_targ_1276_2516
Reference,18.97702001,81.02297999,1393,1393,1349,256,1093,0,0,1,1092,0,1,1092,0,0,0,0,gRNA_CDK9_targ_1277_2517
HDR,0.0,100.0,1393,1393,41,0,41,0,0,0,41,0,0,41,0,0,0,0,gRNA_CDK9_targ_1277_2517
Reference,91.42857143,8.57142857,1393,1393,280,256,24,0,0,0,24,0,0,24,0,0,0,0,gRNA_CDK9_targ_1277_2518
HDR,80.42553191,19.57446809,1393,1393,940,756,184,0,0,0,184,0,0,184,0,0,0,0,gRNA_CDK9_targ_1277_2518
Reference,56.51214128,43.48785872,1393,1393,453,256,197,0,0,1,196,0,1,196,0,0,0,0,gRNA_CDK9_targ_1277_2519
HDR,0.0,100.0,1393,1393,44,0,44,0,0,0,44,0,0,44,0,0,0,0,gRNA_CDK9_targ_1277_2519
Reference,0.0,100.0,509,508,508,0,508,0,0,439,77,0,431,69,0,0,8,0,gRNA_CDK9_targ_1278_2520
HDR,,,509,508,0,0,0,0,0,0,0,0,0,0,0,0,0,0,gRNA_CDK9_targ_1278_2520
Reference,0.0,100.0,509,508,353,0,353,0,0,350,10,0,343,3,0,0,7,0,gRNA_CDK9_targ_1278_2521
HDR,5.88235294,94.11764706,509,508,51,3,48,0,0,0,48,0,0,48,0,0,0,0,gRNA_CDK9_targ_1278_2521
Reference,0.0,100.0,509,508,15,0,15,0,0,0,15,0,0,15,0,0,0,0,gRNA_CDK9_targ_1278_2522
HDR,0.0,100.0,509,508,13,0,13,0,0,0,13,0,0,13,0,0,0,0,gRNA_CDK9_targ_1278_2522
Reference,0.0,100.0,509,508,33,0,33,0,0,0,33,0,0,33,0,0,0,0,gRNA_CDK9_targ_1278_2523
HDR,0.0,100.0,509,508,36,0,36,0,0,0,36,0,0,36,0,0,0,0,gRNA_CDK9_targ_1278_2523
Reference,0.0,100.0,509,508,457,0,457,0,0,439,26,0,431,18,0,0,8,0,gRNA_CDK9_targ_1278_2524
HDR,,,509,508,0,0,0,0,0,0,0,0,0,0,0,0,0,0,gRNA_CDK9_targ_1278_2524
Reference,0.0,100.0,509,508,495,0,495,0,0,439,64,0,431,56,0,0,8,0,gRNA_CDK9_targ_1278_2525
HDR,,,509,508,0,0,0,0,0,0,0,0,0,0,0,0,0,0,gRNA_CDK9_targ_1278_2525
Reference,0.0,100.0,509,508,472,0,472,0,0,439,41,0,431,33,0,0,8,0,gRNA_CDK9_targ_1278_2526
HDR,,,509,508,0,0,0,0,0,0,0,0,0,0,0,0,0,0,gRNA_CDK9_targ_1278_2526
Reference,0.0,100.0,509,508,362,0,362,0,0,350,19,0,343,12,0,0,7,0,gRNA_CDK9_targ_1278_2527
HDR,0.0,100.0,509,508,51,0,51,0,0,0,51,0,0,51,0,0,0,0,gRNA_CDK9_targ_1278_2527
Reference,0.0,100.0,509,508,364,0,364,0,0,350,21,0,343,14,0,0,7,0,gRNA_CDK9_targ_1278_2528
HDR,0.0,100.0,509,508,33,0,33,0,0,0,33,0,0,33,0,0,0,0,gRNA_CDK9_targ_1278_2528
Reference,0.0,100.0,509,508,28,0,28,0,0,0,28,0,0,28,0,0,0,0,gRNA_CDK9_targ_1278_2529
HDR,5.71428571,94.28571429,509,508,35,2,33,0,0,0,33,0,0,33,0,0,0,0,gRNA_CDK9_targ_1278_2529
Reference,0.0,100.0,509,508,457,0,457,0,0,439,26,0,431,18,0,0,8,0,gRNA_CDK9_targ_1278_2530
HDR,0.0,100.0,509,508,7,0,7,0,0,0,7,0,0,7,0,0,0,0,gRNA_CDK9_targ_1278_2530
Reference,0.0,100.0,509,508,475,0,475,0,0,439,44,0,431,36,0,0,8,0,gRNA_CDK9_targ_1278_2531
HDR,0.0,100.0,509,508,32,0,32,0,0,0,32,0,0,32,0,0,0,0,gRNA_CDK9_targ_1278_2531
Reference,0.0,100.0,509,508,473,0,473,0,0,439,42,0,431,34,0,0,8,0,gRNA_CDK9_targ_1278_2532
HDR,0.0,100.0,509,508,8,0,8,0,0,0,8,0,0,8,0,0,0,0,gRNA_CDK9_targ_1278_2532
Reference,0.0,100.0,509,508,364,0,364,0,0,350,21,0,343,14,0,0,7,0,gRNA_CDK9_targ_1278_2533
HDR,13.51351351,86.48648649,509,508,37,5,32,0,0,0,32,0,0,32,0,0,0,0,gRNA_CDK9_targ_1278_2533
Reference,0.0,100.0,509,508,471,0,471,0,0,439,40,0,431,32,0,0,8,0,gRNA_CDK9_targ_1278_2534
HDR,0.0,100.0,509,508,32,0,32,0,0,0,32,0,0,32,0,0,0,0,gRNA_CDK9_targ_1278_2534
Reference,15.58185404,84.41814596,8020,7719,2028,316,1712,0,358,551,1697,2,13,1130,0,29,211,327,gRNA_CDK9_targ_1279_2535
HDR,0.05713197,99.94286803,8020,7719,5251,3,5248,0,0,73,5179,0,69,5175,0,0,4,0,gRNA_CDK9_targ_1279_2535
Reference,46.26647145,53.73352855,8020,7719,683,316,367,0,332,343,354,0,13,20,0,4,2,328,gRNA_CDK9_targ_1279_2536
HDR,2.98728187,97.01271813,8020,7719,6762,202,6560,0,25,282,6265,24,271,6253,0,1,11,0,gRNA_CDK9_targ_1279_2536
Reference,46.26647145,53.73352855,8020,7719,683,316,367,0,332,343,354,0,13,20,0,4,2,328,gRNA_CDK9_targ_1279_2537
HDR,47.3052787,52.6947213,8020,7719,5418,2563,2855,0,0,73,2785,0,70,2782,0,0,3,0,gRNA_CDK9_targ_1279_2537
Reference,20.12278308,79.87721692,2420,2199,1466,295,1171,0,2,3,1170,1,0,1166,0,1,3,0,gRNA_CDK9_targ_1280_2538
HDR,0.41208791,99.58791209,2420,2199,728,3,725,0,0,0,725,0,0,725,0,0,0,0,gRNA_CDK9_targ_1280_2538
Reference,92.47648903,7.52351097,2420,2199,319,295,24,0,2,2,23,1,0,20,0,1,2,0,gRNA_CDK9_targ_1280_2539
HDR,57.56741882,42.43258118,2420,2199,1817,1046,771,0,0,1,770,0,1,770,0,0,0,0,gRNA_CDK9_targ_1280_2539
Reference,77.83641161,22.16358839,2420,2199,379,295,84,0,2,2,83,1,0,80,0,1,2,0,gRNA_CDK9_targ_1280_2540
HDR,95.20547945,4.79452055,2420,2199,730,695,35,0,0,0,35,0,0,35,0,0,0,0,gRNA_CDK9_targ_1280_2540
Reference,2.12765957,97.87234043,1104,1104,94,2,92,0,1,0,92,0,0,91,0,1,0,0,gRNA_CDK9_targ_1281_2541
HDR,4.96031746,95.03968254,1104,1104,1008,50,958,0,36,0,922,36,0,922,0,0,0,0,gRNA_CDK9_targ_1281_2541
Reference,1.63934426,98.36065574,447,188,183,3,180,0,1,31,150,1,29,148,0,0,2,0,gRNA_CDK9_targ_1282_2542
HDR,0.0,100.0,447,188,5,0,5,0,0,0,5,0,0,5,0,0,0,0,gRNA_CDK9_targ_1282_2542
Reference,20.0,80.0,447,189,15,3,12,0,1,11,0,1,11,0,0,0,0,0,gRNA_CDK9_targ_1282_2543
HDR,0.0,100.0,447,189,154,0,154,0,0,0,154,0,0,154,0,0,0,0,gRNA_CDK9_targ_1282_2543
Reference,8.57142857,91.42857143,447,188,35,3,32,0,1,31,2,1,29,0,0,0,2,0,gRNA_CDK9_targ_1282_2544
HDR,40.0,60.0,447,188,5,2,3,0,0,0,3,0,0,3,0,0,0,0,gRNA_CDK9_targ_1282_2544
Reference,0.0,100.0,673,673,4,0,4,0,2,0,2,2,0,2,0,0,0,0,gRNA_CDK9_targ_1283_2545
HDR,0.0,100.0,673,673,668,0,668,0,0,44,627,0,41,624,0,0,3,0,gRNA_CDK9_targ_1283_2545
Reference,0.0,100.0,673,673,2,0,2,0,2,0,0,2,0,0,0,0,0,0,gRNA_CDK9_targ_1283_2546
HDR,0.29895366,99.70104634,673,673,669,2,667,0,0,44,626,0,41,623,0,0,3,0,gRNA_CDK9_targ_1283_2546
Reference,0.0,100.0,673,673,2,0,2,0,2,0,0,2,0,0,0,0,0,0,gRNA_CDK9_targ_1283_2547
HDR,25.1497006,74.8502994,673,673,668,168,500,0,0,44,459,0,41,456,0,0,3,0,gRNA_CDK9_targ_1283_2547
Reference,43.43065693,56.56934307,1539,1539,274,119,155,0,41,2,151,2,2,112,0,39,0,0,gRNA_CDK9_targ_1284_2548
HDR,0.0,100.0,1539,1539,1127,0,1127,0,1,1,1127,0,0,1125,0,1,1,0,gRNA_CDK9_targ_1284_2548
Reference,42.04946996,57.95053004,1539,1539,283,119,164,0,78,2,126,36,2,84,0,42,0,0,gRNA_CDK9_targ_1284_2549
HDR,0.0,100.0,1539,1539,980,0,980,0,0,1,980,0,0,979,0,0,1,0,gRNA_CDK9_targ_1284_2549
Reference,11.88811189,88.11188811,1539,1539,1001,119,882,0,79,93,845,37,0,710,0,42,93,0,gRNA_CDK9_targ_1284_2550
HDR,0.0,100.0,1539,1539,533,0,533,0,1,1,533,0,0,531,0,1,1,0,gRNA_CDK9_targ_1284_2550
Reference,39.7993311,60.2006689,1539,1539,299,119,180,0,79,96,141,37,2,5,0,42,94,0,gRNA_CDK9_targ_1284_2551
HDR,0.0,100.0,1539,1539,1053,0,1053,0,1,1,1053,0,0,1051,0,1,1,0,gRNA_CDK9_targ_1284_2551
Reference,29.16666667,70.83333333,1539,1539,408,119,289,0,79,95,250,37,2,115,0,42,93,0,gRNA_CDK9_targ_1284_2552
HDR,0.0,100.0,1539,1539,533,0,533,0,1,1,532,0,1,531,0,1,0,0,gRNA_CDK9_targ_1284_2552
Reference,24.74012474,75.25987526,1539,1539,481,119,362,0,79,95,323,37,2,188,0,42,93,0,gRNA_CDK9_targ_1284_2553
HDR,0.0,100.0,1539,1539,458,0,458,0,1,1,457,0,1,456,0,1,0,0,gRNA_CDK9_targ_1284_2553
Reference,29.09535452,70.90464548,1539,1539,409,119,290,0,79,96,251,37,2,115,0,42,94,0,gRNA_CDK9_targ_1284_2554
HDR,0.10548523,99.89451477,1539,1539,948,1,947,0,1,1,946,0,1,945,0,1,0,0,gRNA_CDK9_targ_1284_2554
Reference,9.34995548,90.65004452,1340,1340,1123,105,1018,0,15,26,1018,0,0,977,0,15,26,0,gRNA_CDK9_targ_1285_2555
HDR,0.0,100.0,1340,1340,216,0,216,0,0,0,216,0,0,216,0,0,0,0,gRNA_CDK9_targ_1285_2555
Reference,94.59459459,5.40540541,1340,1340,111,105,6,0,0,0,6,0,0,6,0,0,0,0,gRNA_CDK9_targ_1285_2556
HDR,44.6835443,55.3164557,1340,1340,790,353,437,0,15,27,401,14,22,395,0,1,5,0,gRNA_CDK9_targ_1285_2556
Reference,19.09090909,80.90909091,1340,1340,550,105,445,0,0,0,445,0,0,445,0,0,0,0,gRNA_CDK9_targ_1285_2557
HDR,94.47004608,5.52995392,1340,1340,217,205,12,0,0,1,12,0,0,11,0,0,1,0,gRNA_CDK9_targ_1285_2557
Reference,1.45631068,98.54368932,3274,3273,206,3,203,0,2,0,201,2,0,201,0,0,0,0,gRNA_CDK9_targ_1286_2558
HDR,18.27531646,81.72468354,3274,3273,2528,462,2066,0,1,1,2065,0,1,2064,0,1,0,0,gRNA_CDK9_targ_1286_2558
Reference,0.09313878,99.90686122,3274,3273,3221,3,3218,0,3,1,3216,2,0,3214,0,1,1,0,gRNA_CDK9_targ_1286_2559
HDR,0.0,100.0,3274,3273,45,0,45,0,0,0,45,0,0,45,0,0,0,0,gRNA_CDK9_targ_1286_2559
Reference,0.40376851,99.59623149,3274,3273,743,3,740,0,2,0,738,2,0,738,0,0,0,0,gRNA_CDK9_targ_1286_2560
HDR,0.0,100.0,3274,3273,50,0,50,0,0,0,50,0,0,50,0,0,0,0,gRNA_CDK9_targ_1286_2560
Reference,0.62761506,99.37238494,2639,2639,1434,9,1425,0,0,216,1210,0,215,1209,0,0,1,0,gRNA_CDK9_targ_1287_2561
HDR,6.23960067,93.76039933,2639,2639,1202,75,1127,0,0,2,1125,0,2,1125,0,0,0,0,gRNA_CDK9_targ_1287_2561
Reference,0.3611557,99.6388443,2639,2639,2492,9,2483,0,0,215,2269,0,214,2268,0,0,1,0,gRNA_CDK9_targ_1287_2562
HDR,0.0,100.0,2639,2639,141,0,141,0,0,0,141,0,0,141,0,0,0,0,gRNA_CDK9_targ_1287_2562
Reference,1.97368421,98.02631579,2639,2639,456,9,447,0,0,215,234,0,213,232,0,0,2,0,gRNA_CDK9_targ_1287_2563
HDR,43.85093168,56.14906832,2639,2639,1610,706,904,0,0,0,904,0,0,904,0,0,0,0,gRNA_CDK9_targ_1287_2563
Reference,0.6263048,99.3736952,2639,2639,1437,9,1428,0,0,217,1213,0,215,1211,0,0,2,0,gRNA_CDK9_targ_1287_2564
HDR,0.0,100.0,2639,2639,144,0,144,0,0,2,142,0,2,142,0,0,0,0,gRNA_CDK9_targ_1287_2564
Reference,1.63339383,98.36660617,2639,2639,551,9,542,0,0,217,327,0,215,325,0,0,2,0,gRNA_CDK9_targ_1287_2565
HDR,56.69050051,43.30949949,2639,2639,979,555,424,0,0,2,422,0,2,422,0,0,0,0,gRNA_CDK9_targ_1287_2565
Reference,1.33729569,98.66270431,2639,2639,673,9,664,0,0,4,663,0,1,660,0,0,3,0,gRNA_CDK9_targ_1287_2566
HDR,0.0,100.0,2639,2639,2,0,2,0,0,0,2,0,0,2,0,0,0,0,gRNA_CDK9_targ_1287_2566
Reference,0.59249506,99.40750494,2639,2639,1519,9,1510,0,0,216,1295,0,215,1294,0,0,1,0,gRNA_CDK9_targ_1287_2567
HDR,0.11560694,99.88439306,2639,2639,865,1,864,0,0,0,864,0,0,864,0,0,0,0,gRNA_CDK9_targ_1287_2567
Reference,39.08980089,60.91019911,2986,2986,2461,962,1499,0,0,220,1285,0,214,1279,0,0,6,0,gRNA_CDK9_targ_1288_2568
HDR,49.4140625,50.5859375,2986,2986,512,253,259,0,0,0,259,0,0,259,0,0,0,0,gRNA_CDK9_targ_1288_2568
Reference,65.48672566,34.51327434,2986,2986,1469,962,507,0,0,219,293,0,214,288,0,0,5,0,gRNA_CDK9_targ_1288_2569
HDR,60.63257066,39.36742934,2986,2986,1486,901,585,0,0,2,583,0,2,583,0,0,0,0,gRNA_CDK9_targ_1288_2569
Reference,77.51813054,22.48186946,2986,2986,1241,962,279,0,0,219,65,0,214,60,0,0,5,0,gRNA_CDK9_targ_1288_2570
HDR,95.43726236,4.56273764,2986,2986,263,251,12,0,0,0,12,0,0,12,0,0,0,0,gRNA_CDK9_targ_1288_2570
Reference,18.79194631,81.20805369,4638,4638,447,84,363,0,220,0,362,1,0,143,0,219,0,0,gRNA_CDK9_targ_1289_2571
HDR,21.42335766,78.57664234,4638,4638,2740,587,2153,0,3,2,2151,2,0,2148,0,1,2,0,gRNA_CDK9_targ_1289_2571
Reference,64.78431373,35.21568627,8160,8097,1275,826,449,0,0,2,447,0,2,447,0,0,0,0,gRNA_CDK9_targ_1290_2572
HDR,15.53539608,84.46460392,8160,8097,6173,959,5214,0,204,3,5214,0,0,5007,0,204,3,0,gRNA_CDK9_targ_1290_2572
Reference,22.08398134,77.91601866,3689,3688,643,142,501,0,0,0,501,0,0,501,0,0,0,0,gRNA_CDK9_targ_1291_2573
HDR,4.79891855,95.20108145,3689,3688,2959,142,2817,0,2,2,2817,0,0,2813,0,2,2,0,gRNA_CDK9_targ_1291_2573
Reference,45.80645161,54.19354839,3689,3688,310,142,168,0,0,0,168,0,0,168,0,0,0,0,gRNA_CDK9_targ_1291_2574
HDR,8.91846922,91.08153078,3689,3688,3005,268,2737,0,2,2,2737,0,0,2733,0,2,2,0,gRNA_CDK9_targ_1291_2574
Reference,38.69209809,61.30790191,3689,3688,367,142,225,0,0,0,225,0,0,225,0,0,0,0,gRNA_CDK9_targ_1291_2575
HDR,12.4180752,87.5819248,3689,3688,2899,360,2539,0,2,2,2538,1,0,2535,0,1,2,0,gRNA_CDK9_targ_1291_2575
Reference,77.5752051,22.4247949,2216,2119,1097,851,246,0,191,1,77,168,1,54,0,23,0,0,gRNA_CDK9_targ_1292_2576
HDR,73.03149606,26.96850394,2216,2119,1016,742,274,0,0,0,274,0,0,274,0,0,0,0,gRNA_CDK9_targ_1292_2576
Reference,35.74144487,64.25855513,1780,1780,263,94,169,0,0,163,9,0,160,6,0,0,3,0,gRNA_CDK9_targ_1293_2577
HDR,9.69023034,90.30976966,1780,1780,1259,122,1137,0,0,1,1137,0,0,1136,0,0,1,0,gRNA_CDK9_targ_1293_2577
Reference,96.2962963,3.7037037,1931,1931,81,78,3,0,0,2,1,0,2,1,0,0,0,0,gRNA_CDK9_targ_1294_2578
HDR,34.78818999,65.21181001,1931,1931,1558,542,1016,0,4,0,1013,3,0,1012,0,1,0,0,gRNA_CDK9_targ_1294_2578
Reference,98.15976579,1.84023421,3991,3991,2391,2347,44,0,1,1,42,1,1,42,0,0,0,0,gRNA_CDK9_targ_1295_2579
HDR,97.4533107,2.5466893,3991,3991,1178,1148,30,0,0,0,30,0,0,30,0,0,0,0,gRNA_CDK9_targ_1295_2579
Reference,97.5,2.5,2893,2892,1400,1365,35,0,0,0,35,0,0,35,0,0,0,0,gRNA_CDK9_targ_1296_2580
HDR,84.69871361,15.30128639,2893,2892,1477,1251,226,0,0,1,225,0,1,225,0,0,0,0,gRNA_CDK9_targ_1296_2580
Reference,96.77419355,3.22580645,2205,2205,558,540,18,0,0,0,18,0,0,18,0,0,0,0,gRNA_CDK9_targ_1297_2581
HDR,97.94238683,2.05761317,2205,2205,1458,1428,30,0,0,0,30,0,0,30,0,0,0,0,gRNA_CDK9_targ_1297_2581
Reference,97.27326615,2.72673385,3271,3271,1687,1641,46,0,1,1,44,1,1,44,0,0,0,0,gRNA_CDK9_targ_1298_2582
HDR,97.57536042,2.42463958,3271,3271,1526,1489,37,0,0,1,36,0,1,36,0,0,0,0,gRNA_CDK9_targ_1298_2582
Reference,54.96062992,45.03937008,3596,3596,635,349,286,0,242,0,223,63,0,44,0,179,0,0,gRNA_CDK9_targ_1299_2583
HDR,79.11683533,20.88316467,3596,3596,2174,1720,454,0,0,1,454,0,0,453,0,0,1,0,gRNA_CDK9_targ_1299_2583
Reference,82.93333333,17.06666667,6078,6078,1500,1244,256,0,3,3,250,3,3,250,0,0,0,0,gRNA_CDK9_targ_1300_2584
HDR,97.2038835,2.7961165,6078,6078,2575,2503,72,0,0,0,72,0,0,72,0,0,0,0,gRNA_CDK9_targ_1300_2584
Reference,96.8164794,3.1835206,2105,2105,534,517,17,0,0,0,17,0,0,17,0,0,0,0,gRNA_CDK9_targ_1301_2585
HDR,97.19208679,2.80791321,2105,2105,1567,1523,44,0,0,1,43,0,1,43,0,0,0,0,gRNA_CDK9_targ_1301_2585
Reference,0.0,100.0,2155,2155,1,0,1,0,1,0,0,1,0,0,0,0,0,0,gRNA_CDK9_targ_1302_2586
HDR,71.9962157,28.0037843,2155,2155,2114,1522,592,0,0,2,591,0,1,590,0,0,1,0,gRNA_CDK9_targ_1302_2586
Reference,96.84147795,3.15852205,4206,4206,1678,1625,53,0,0,0,53,0,0,53,0,0,0,0,gRNA_CDK9_targ_1303_2587
HDR,97.94553273,2.05446727,4206,4206,2093,2050,43,0,0,3,40,0,3,40,0,0,0,0,gRNA_CDK9_targ_1303_2587
Reference,25.35211268,74.64788732,421,306,142,36,106,0,2,96,12,0,94,8,0,2,2,0,gRNA_CDK9_targ_1304_2588
HDR,96.82539683,3.17460317,421,306,126,122,4,0,0,0,4,0,0,4,0,0,0,0,gRNA_CDK9_targ_1304_2588
Reference,6.08365019,93.91634981,2444,2356,526,32,494,0,1,1,493,0,1,492,0,1,0,0,gRNA_CDK9_targ_1305_2589
HDR,0.50858233,99.49141767,2444,2356,1573,8,1565,0,0,0,1565,0,0,1565,0,0,0,0,gRNA_CDK9_targ_1305_2589
Reference,94.66666667,5.33333333,762,761,75,71,4,0,0,0,4,0,0,4,0,0,0,0,gRNA_CDK9_targ_1306_2590
HDR,4.04040404,95.95959596,762,761,495,20,475,0,0,0,475,0,0,475,0,0,0,0,gRNA_CDK9_targ_1306_2590
Reference,2.72727273,97.27272727,3035,2747,110,3,107,0,103,1,107,0,0,3,0,103,1,0,gRNA_CDK9_targ_1307_2591
HDR,74.91830065,25.08169935,3035,2747,2448,1834,614,0,97,2,526,86,1,516,1,10,0,0,gRNA_CDK9_targ_1307_2591
Reference,14.28571429,85.71428571,2579,2579,7,1,6,0,1,0,6,0,0,5,0,1,0,0,gRNA_CDK9_targ_1308_2592
HDR,7.58426966,92.41573034,2579,2579,2492,189,2303,0,2,1,2300,2,1,2300,0,0,0,0,gRNA_CDK9_targ_1308_2592
Reference,8.61111111,91.38888889,1210,1210,360,31,329,0,326,0,10,319,0,3,0,7,0,0,gRNA_CDK9_targ_1310_2593
HDR,0.82840237,99.17159763,1210,1210,845,7,838,0,1,1,838,0,0,836,0,1,1,0,gRNA_CDK9_targ_1310_2593
Reference,73.80952381,26.19047619,1210,1210,42,31,11,0,1,0,11,0,0,10,0,1,0,0,gRNA_CDK9_targ_1310_2594
HDR,0.0,100.0,1210,1210,840,0,840,0,0,1,840,0,0,839,0,0,1,0,gRNA_CDK9_targ_1310_2594
Reference,86.11111111,13.88888889,1210,1210,36,31,5,0,1,0,4,1,0,4,0,0,0,0,gRNA_CDK9_targ_1310_2595
HDR,87.039239,12.960761,1210,1210,841,732,109,0,1,1,107,1,1,107,0,0,0,0,gRNA_CDK9_targ_1310_2595
Reference,,,183,179,0,0,0,0,0,0,0,0,0,0,0,0,0,0,gRNA_CDK9_targ_1311_2596
HDR,0.0,100.0,183,179,176,0,176,0,3,0,176,0,0,173,0,3,0,0,gRNA_CDK9_targ_1311_2596
Reference,,,183,179,0,0,0,0,0,0,0,0,0,0,0,0,0,0,gRNA_CDK9_targ_1311_2597
HDR,0.0,100.0,183,179,179,0,179,0,3,0,179,0,0,176,0,3,0,0,gRNA_CDK9_targ_1311_2597
Reference,,,183,179,0,0,0,0,0,0,0,0,0,0,0,0,0,0,gRNA_CDK9_targ_1311_2598
HDR,76.53631285,23.46368715,183,179,179,137,42,0,3,0,41,1,0,39,0,2,0,0,gRNA_CDK9_targ_1311_2598
Reference,26.58959538,73.41040462,2518,2518,519,138,381,0,35,0,346,35,0,346,0,0,0,0,gRNA_CDK9_targ_1312_2599
HDR,25.51275638,74.48724362,2518,2518,1999,510,1489,0,255,9,1247,234,8,1225,0,21,1,0,gRNA_CDK9_targ_1312_2599
Reference,73.52222765,26.47777235,7349,7348,2047,1505,542,0,340,121,243,297,2,81,0,43,119,0,gRNA_CDK9_targ_1313_2600
HDR,97.05130725,2.94869275,7349,7348,5087,4937,150,0,0,3,148,0,2,147,0,0,1,0,gRNA_CDK9_targ_1313_2600
Reference,95.94594595,4.05405405,1520,1520,74,71,3,0,0,1,3,0,0,2,0,0,1,0,gRNA_CDK9_targ_1314_2601
HDR,95.72649573,4.27350427,1520,1520,1404,1344,60,0,0,0,60,0,0,60,0,0,0,0,gRNA_CDK9_targ_1314_2601
Reference,48.32,51.68,6325,6325,625,302,323,0,308,1,22,300,1,14,0,8,0,0,gRNA_CDK9_targ_1318_2602
HDR,35.84996393,64.15003607,6325,6325,4159,1491,2668,0,0,3,2666,0,2,2665,0,0,1,0,gRNA_CDK9_targ_1318_2602
Reference,15.24105754,84.75894246,1637,1637,643,98,545,0,0,2,545,0,0,543,0,0,2,0,gRNA_CDK9_targ_1319_2603
HDR,0.10152284,99.89847716,1637,1637,985,1,984,0,1,0,983,1,0,983,0,0,0,0,gRNA_CDK9_targ_1319_2603
Reference,23.61445783,76.38554217,1637,1637,415,98,317,0,0,1,317,0,0,316,0,0,1,0,gRNA_CDK9_targ_1319_2604
HDR,8.44686649,91.55313351,1637,1637,1101,93,1008,0,1,1,1007,1,0,1006,0,0,1,0,gRNA_CDK9_targ_1319_2604
Reference,19.91869919,80.08130081,1637,1637,492,98,394,0,0,1,394,0,0,393,0,0,1,0,gRNA_CDK9_targ_1319_2605
HDR,69.93927126,30.06072874,1637,1637,988,691,297,0,1,0,296,1,0,296,0,0,0,0,gRNA_CDK9_targ_1319_2605
Reference,89.30041152,10.69958848,2706,2678,243,217,26,0,1,1,24,1,1,24,0,0,0,0,gRNA_CDK9_targ_1320_2606
HDR,16.04559404,83.95440596,2706,2678,2281,366,1915,0,0,1,1915,0,0,1914,0,0,1,0,gRNA_CDK9_targ_1320_2606
Reference,0.80321285,99.19678715,3656,3656,747,6,741,0,0,1,741,0,0,740,0,0,1,0,gRNA_CDK9_targ_1321_2607
HDR,26.31192661,73.68807339,3656,3656,2725,717,2008,0,0,1,2008,0,0,2007,0,0,1,0,gRNA_CDK9_targ_1321_2607
Reference,97.14285714,2.85714286,932,932,70,68,2,0,0,0,2,0,0,2,0,0,0,0,gRNA_CDK9_targ_1323_2608
HDR,75.0,25.0,932,932,856,642,214,0,0,0,214,0,0,214,0,0,0,0,gRNA_CDK9_targ_1323_2608
Reference,65.24390244,34.75609756,555,553,492,321,171,0,1,0,171,0,0,170,0,1,0,0,gRNA_CDK9_targ_1324_2609
HDR,85.41666667,14.58333333,555,553,48,41,7,0,0,0,7,0,0,7,0,0,0,0,gRNA_CDK9_targ_1324_2609
Reference,37.73006135,62.26993865,1256,1256,978,369,609,0,2,1,606,2,1,606,0,0,0,0,gRNA_CDK9_targ_1325_2610
HDR,44.0433213,55.9566787,1256,1256,277,122,155,0,0,0,155,0,0,155,0,0,0,0,gRNA_CDK9_targ_1325_2610
Reference,39.25531915,60.74468085,1256,1256,940,369,571,0,2,0,569,2,0,569,0,0,0,0,gRNA_CDK9_targ_1325_2611
HDR,56.31067961,43.68932039,1256,1256,309,174,135,0,0,0,135,0,0,135,0,0,0,0,gRNA_CDK9_targ_1325_2611
Reference,46.64981037,53.35018963,1256,1256,791,369,422,0,2,1,419,2,1,419,0,0,0,0,gRNA_CDK9_targ_1325_2612
HDR,95.96774194,4.03225806,1256,1256,124,119,5,0,0,0,5,0,0,5,0,0,0,0,gRNA_CDK9_targ_1325_2612
Reference,2.92648108,97.07351892,6372,6371,4203,123,4080,0,0,616,3477,0,603,3464,0,0,13,0,gRNA_CDK9_targ_1326_2613
HDR,50.19032083,49.80967917,6372,6371,1839,923,916,0,0,0,916,0,0,916,0,0,0,0,gRNA_CDK9_targ_1326_2613
Reference,16.08391608,83.91608392,7648,7602,4290,690,3600,0,24,239,3345,21,234,3337,0,3,5,0,gRNA_CDK9_targ_1327_2614
HDR,46.74935843,53.25064157,7648,7602,2338,1093,1245,0,285,0,1243,2,0,960,0,283,0,0,gRNA_CDK9_targ_1327_2614
Reference,21.42857143,78.57142857,7648,7602,3220,690,2530,0,3,244,2295,1,234,2283,0,2,10,0,gRNA_CDK9_targ_1327_2615
HDR,33.03442291,66.96557709,7648,7602,3457,1142,2315,0,285,1,2314,0,1,2029,0,285,0,0,gRNA_CDK9_targ_1327_2615
Reference,29.15082383,70.84917617,7648,7602,2367,690,1677,0,1,244,1442,1,234,1432,0,0,10,0,gRNA_CDK9_targ_1327_2616
HDR,27.68959436,72.31040564,7648,7602,1134,314,820,0,284,0,544,276,0,536,0,8,0,0,gRNA_CDK9_targ_1327_2616
Reference,13.57070877,86.42929123,3317,3186,2977,404,2573,0,48,3,2523,48,2,2522,0,0,1,0,gRNA_CDK9_targ_1328_2617
HDR,0.0,100.0,3317,3186,207,0,207,0,0,1,207,0,0,206,0,0,1,0,gRNA_CDK9_targ_1328_2617
Reference,73.1884058,26.8115942,3317,3186,552,404,148,0,48,2,98,48,2,98,0,0,0,0,gRNA_CDK9_targ_1328_2618
HDR,0.0,100.0,3317,3186,2127,0,2127,0,0,2,2127,0,0,2125,0,0,2,0,gRNA_CDK9_targ_1328_2618
Reference,86.50963597,13.49036403,3317,3186,467,404,63,0,48,2,13,48,2,13,0,0,0,0,gRNA_CDK9_targ_1328_2619
HDR,0.0,100.0,3317,3186,2434,0,2434,0,0,2,2434,0,0,2432,0,0,2,0,gRNA_CDK9_targ_1328_2619
Reference,38.22138127,61.77861873,3317,3186,1057,404,653,0,48,2,603,48,2,603,0,0,0,0,gRNA_CDK9_targ_1328_2620
HDR,0.0,100.0,3317,3186,208,0,208,0,0,1,208,0,0,207,0,0,1,0,gRNA_CDK9_targ_1328_2620
Reference,53.79494008,46.20505992,3317,3186,751,404,347,0,48,2,297,48,2,297,0,0,0,0,gRNA_CDK9_targ_1328_2621
HDR,0.4784689,99.5215311,3317,3186,209,1,208,0,0,1,208,0,0,207,0,0,1,0,gRNA_CDK9_targ_1328_2621
Reference,73.05605787,26.94394213,3317,3186,553,404,149,0,48,2,99,48,2,99,0,0,0,0,gRNA_CDK9_targ_1328_2622
HDR,37.88870704,62.11129296,3317,3186,2444,926,1518,0,0,2,1518,0,0,1516,0,0,2,0,gRNA_CDK9_targ_1328_2622
Reference,54.52091768,45.47908232,3317,3186,741,404,337,0,48,2,287,48,2,287,0,0,0,0,gRNA_CDK9_targ_1328_2623
HDR,7.51062825,92.48937175,3317,3186,2117,159,1958,0,0,2,1957,0,1,1956,0,0,1,0,gRNA_CDK9_targ_1328_2623
Reference,0.0,100.0,193,185,1,0,1,0,0,0,1,0,0,1,0,0,0,0,gRNA_CDK9_targ_1329_2624
HDR,0.0,100.0,193,185,83,0,83,0,1,0,83,0,0,82,0,1,0,0,gRNA_CDK9_targ_1329_2624
Reference,,,193,185,0,0,0,0,0,0,0,0,0,0,0,0,0,0,gRNA_CDK9_targ_1329_2625
HDR,0.56179775,99.43820225,193,185,178,1,177,0,1,1,177,0,0,175,0,1,1,0,gRNA_CDK9_targ_1329_2625
Reference,,,193,185,0,0,0,0,0,0,0,0,0,0,0,0,0,0,gRNA_CDK9_targ_1329_2626
HDR,3.88888889,96.11111111,193,185,180,7,173,0,1,1,173,0,0,171,0,1,1,0,gRNA_CDK9_targ_1329_2626
Reference,17.43509718,82.56490282,11291,11289,7049,1229,5820,0,212,4,5816,1,3,5604,0,211,1,0,gRNA_CDK9_targ_1330_2627
HDR,12.2843701,87.7156299,11291,11289,3826,470,3356,0,0,2,3356,0,0,3354,0,0,2,0,gRNA_CDK9_targ_1330_2627
Reference,52.40938166,47.59061834,11291,11289,2345,1229,1116,0,210,3,1112,1,3,903,0,209,0,0,gRNA_CDK9_targ_1330_2628
HDR,50.58688441,49.41311559,11291,11289,7838,3965,3873,0,0,2,3873,0,0,3871,0,0,2,0,gRNA_CDK9_targ_1330_2628
Reference,41.46423752,58.53576248,11291,11289,2964,1229,1735,0,212,5,1730,1,4,1518,0,211,1,0,gRNA_CDK9_targ_1330_2629
HDR,85.78650015,14.21349985,11291,11289,3363,2885,478,0,0,2,476,0,2,476,0,0,0,0,gRNA_CDK9_targ_1330_2629
Reference,33.87015601,66.12984399,9429,9429,1987,673,1314,0,42,1,1275,38,1,1271,0,4,0,0,gRNA_CDK9_targ_1331_2630
HDR,62.05453564,37.94546436,9429,9429,7408,4597,2811,0,0,9,2805,0,6,2802,0,0,3,0,gRNA_CDK9_targ_1331_2630
Reference,11.65569796,88.34430204,9429,9429,5774,673,5101,0,12,5,5089,11,1,5084,0,1,4,0,gRNA_CDK9_targ_1331_2631
HDR,20.40153528,79.59846472,9429,9429,3387,691,2696,0,0,4,2695,0,1,2692,0,0,3,0,gRNA_CDK9_targ_1331_2631
Reference,51.68970814,48.31029186,9429,9429,1302,673,629,0,53,1,580,48,1,575,0,5,0,0,gRNA_CDK9_targ_1331_2632
HDR,87.35589438,12.64410562,9429,9429,2689,2349,340,0,0,6,335,0,5,334,0,0,1,0,gRNA_CDK9_targ_1331_2632
Reference,25.0,75.0,3114,3112,880,220,660,0,6,352,307,6,347,302,0,0,5,0,gRNA_CDK9_targ_1332_2633
HDR,30.99022005,69.00977995,3114,3112,1636,507,1129,0,0,0,1129,0,0,1129,0,0,0,0,gRNA_CDK9_targ_1332_2633
Reference,30.74534161,69.25465839,2055,2055,644,198,446,0,243,2,211,235,0,201,0,8,2,0,gRNA_CDK9_targ_1333_2634
HDR,0.0,100.0,2055,2055,1342,0,1342,0,0,0,1342,0,0,1342,0,0,0,0,gRNA_CDK9_targ_1333_2634
Reference,43.32603939,56.67396061,2055,2055,457,198,259,0,243,2,24,235,0,14,0,8,2,0,gRNA_CDK9_targ_1333_2635
HDR,9.12162162,90.87837838,2055,2055,1480,135,1345,0,0,0,1345,0,0,1345,0,0,0,0,gRNA_CDK9_targ_1333_2635
Reference,39.3638171,60.6361829,2055,2055,503,198,305,0,243,2,70,235,0,60,0,8,2,0,gRNA_CDK9_targ_1333_2636
HDR,94.94047619,5.05952381,2055,2055,1344,1276,68,0,0,0,68,0,0,68,0,0,0,0,gRNA_CDK9_targ_1333_2636
Reference,84.86140725,15.13859275,2616,2616,469,398,71,0,0,1,70,0,1,70,0,0,0,0,gRNA_CDK9_targ_1334_2637
HDR,11.88046647,88.11953353,2616,2616,1372,163,1209,0,0,1,1209,0,0,1208,0,0,1,0,gRNA_CDK9_targ_1334_2637
Reference,63.15789474,36.84210526,2910,2909,19,12,7,0,0,0,7,0,0,7,0,0,0,0,gRNA_CDK9_targ_1335_2638
HDR,15.22786217,84.77213783,2910,2909,2699,411,2288,0,0,1,2288,0,0,2287,0,0,1,0,gRNA_CDK9_targ_1335_2638
Reference,1.68674699,98.31325301,3916,3916,2490,42,2448,0,216,3,2240,207,0,2230,1,8,2,0,gRNA_CDK9_targ_1336_2639
HDR,0.0,100.0,3916,3916,1285,0,1285,0,0,0,1285,0,0,1285,0,0,0,0,gRNA_CDK9_targ_1336_2639
Reference,15.67164179,84.32835821,3916,3916,268,42,226,0,216,1,18,207,0,10,1,8,0,0,gRNA_CDK9_targ_1336_2640
HDR,22.718509,77.281491,3916,3916,3112,707,2405,0,0,2,2405,0,0,2403,0,0,2,0,gRNA_CDK9_targ_1336_2640
Reference,2.13089802,97.86910198,3916,3916,1971,42,1929,0,216,2,1721,207,0,1712,1,8,1,0,gRNA_CDK9_targ_1336_2641
HDR,0.0656168,99.9343832,3916,3916,1524,1,1523,0,0,1,1523,0,0,1522,0,0,1,0,gRNA_CDK9_targ_1336_2641
Reference,13.00309598,86.99690402,3916,3916,323,42,281,0,217,1,73,207,0,64,1,9,0,0,gRNA_CDK9_targ_1336_2642
HDR,38.65220759,61.34779241,3916,3916,1291,499,792,0,0,0,792,0,0,792,0,0,0,0,gRNA_CDK9_targ_1336_2642
Reference,2.40963855,97.59036145,3916,3916,1743,42,1701,0,217,2,1493,207,0,1483,1,9,1,0,gRNA_CDK9_targ_1336_2643
HDR,0.0,100.0,3916,3916,770,0,770,0,0,0,770,0,0,770,0,0,0,0,gRNA_CDK9_targ_1336_2643
Reference,13.1661442,86.8338558,3916,3916,319,42,277,0,217,1,69,207,0,60,1,9,0,0,gRNA_CDK9_targ_1336_2644
HDR,39.49255378,60.50744622,3916,3916,1813,716,1097,0,0,1,1097,0,0,1096,0,0,1,0,gRNA_CDK9_targ_1336_2644
Reference,2.88659794,97.11340206,3916,3916,1455,42,1413,0,217,2,1205,207,0,1195,1,9,1,0,gRNA_CDK9_targ_1336_2645
HDR,19.81409002,80.18590998,3916,3916,2044,405,1639,0,0,1,1639,0,0,1638,0,0,1,0,gRNA_CDK9_targ_1336_2645
Reference,17.22282024,82.77717976,3270,2906,929,160,769,0,374,1,500,269,0,394,0,105,1,0,gRNA_CDK9_targ_1337_2646
HDR,0.0,100.0,3270,2906,1971,0,1971,0,0,1,1971,0,0,1970,0,0,1,0,gRNA_CDK9_targ_1337_2646
Reference,19.5599022,80.4400978,3270,2906,818,160,658,0,358,1,389,269,0,299,0,89,1,0,gRNA_CDK9_targ_1337_2647
HDR,0.0,100.0,3270,2906,1769,0,1769,0,16,2,1753,15,1,1751,0,1,1,0,gRNA_CDK9_targ_1337_2647
Reference,23.02158273,76.97841727,3270,2906,695,160,535,0,196,0,382,153,0,339,0,43,0,0,gRNA_CDK9_targ_1337_2648
HDR,0.0,100.0,3270,2906,1629,0,1629,0,0,3,1627,0,2,1626,0,0,1,0,gRNA_CDK9_targ_1337_2648
Reference,29.68460111,70.31539889,3270,2906,539,160,379,0,358,1,110,269,0,20,0,89,1,0,gRNA_CDK9_targ_1337_2649
HDR,0.41395624,99.58604376,3270,2906,1691,7,1684,0,0,1,1684,0,0,1683,0,0,1,0,gRNA_CDK9_targ_1337_2649
Reference,19.37046005,80.62953995,3270,2906,826,160,666,0,374,1,397,269,0,291,0,105,1,0,gRNA_CDK9_targ_1337_2650
HDR,0.0,100.0,3270,2906,1653,0,1653,0,0,3,1651,0,2,1650,0,0,1,0,gRNA_CDK9_targ_1337_2650
Reference,16.34320735,83.65679265,3270,2906,979,160,819,0,358,0,550,269,0,461,0,89,0,0,gRNA_CDK9_targ_1337_2651
HDR,0.05724098,99.94275902,3270,2906,1747,1,1746,0,0,3,1744,0,2,1743,0,0,1,0,gRNA_CDK9_targ_1337_2651
Reference,28.88086643,71.11913357,3270,2906,554,160,394,0,374,0,125,269,0,20,0,105,0,0,gRNA_CDK9_targ_1337_2652
HDR,40.89242054,59.10757946,3270,2906,1636,669,967,0,0,2,965,0,2,965,0,0,0,0,gRNA_CDK9_targ_1337_2652
Reference,10.13538236,89.86461764,3036,3036,2733,277,2456,0,7,1,2453,3,0,2448,0,4,1,0,gRNA_CDK9_targ_1338_2653
HDR,0.0,100.0,3036,3036,286,0,286,0,0,0,286,0,0,286,0,0,0,0,gRNA_CDK9_targ_1338_2653
Reference,35.42199488,64.57800512,3036,3036,782,277,505,0,12,0,499,6,0,493,0,6,0,0,gRNA_CDK9_targ_1338_2654
HDR,14.30834213,85.69165787,3036,3036,1894,271,1623,0,0,0,1623,0,0,1623,0,0,0,0,gRNA_CDK9_targ_1338_2654
Reference,21.20980092,78.79019908,3036,3036,1306,277,1029,0,13,0,1022,7,0,1016,0,6,0,0,gRNA_CDK9_targ_1338_2655
HDR,0.0,100.0,3036,3036,1468,0,1468,0,0,1,1468,0,0,1467,0,0,1,0,gRNA_CDK9_targ_1338_2655
Reference,24.25569177,75.74430823,3036,3036,1142,277,865,0,12,2,858,6,1,851,0,6,1,0,gRNA_CDK9_targ_1338_2656
HDR,0.0,100.0,3036,3036,297,0,297,0,0,0,297,0,0,297,0,0,0,0,gRNA_CDK9_targ_1338_2656
Reference,17.68837803,82.31162197,3036,3036,1566,277,1289,0,13,1,1281,7,1,1275,0,6,0,0,gRNA_CDK9_targ_1338_2657
HDR,0.0,100.0,3036,3036,287,0,287,0,0,0,287,0,0,287,0,0,0,0,gRNA_CDK9_targ_1338_2657
Reference,27.13026445,72.86973555,3036,3036,1021,277,744,0,12,1,737,6,1,731,0,6,0,0,gRNA_CDK9_targ_1338_2658
HDR,59.97686524,40.02313476,3036,3036,1729,1037,692,0,0,1,692,0,0,691,0,0,1,0,gRNA_CDK9_targ_1338_2658
Reference,21.30769231,78.69230769,3036,3036,1300,277,1023,0,12,1,1016,6,1,1010,0,6,0,0,gRNA_CDK9_targ_1338_2659
HDR,20.22222222,79.77777778,3036,3036,1350,273,1077,0,0,0,1077,0,0,1077,0,0,0,0,gRNA_CDK9_targ_1338_2659
Reference,2.39808153,97.60191847,4841,4501,834,20,814,0,248,1,616,197,1,565,0,51,0,0,gRNA_CDK9_targ_1339_2660
HDR,15.65448113,84.34551887,4841,4501,3392,531,2861,0,1,0,2861,0,0,2860,0,1,0,0,gRNA_CDK9_targ_1339_2660
Reference,1.04986877,98.95013123,4841,4501,1905,20,1885,0,2,1,1883,1,1,1882,0,1,0,0,gRNA_CDK9_targ_1339_2661
HDR,0.04266212,99.95733788,4841,4501,2344,1,2343,0,4,270,2073,4,266,2069,0,0,4,0,gRNA_CDK9_targ_1339_2661
Reference,4.77326969,95.22673031,4841,4501,419,20,399,0,36,1,394,4,1,362,0,32,0,0,gRNA_CDK9_targ_1339_2662
HDR,43.21045264,56.78954736,4841,4501,2143,926,1217,0,3,270,949,3,265,944,0,0,5,0,gRNA_CDK9_targ_1339_2662
Reference,25.59352518,74.40647482,6268,6268,5560,1423,4137,0,305,2,3837,300,0,3830,0,5,2,0,gRNA_CDK9_targ_1340_2663
HDR,45.94202899,54.05797101,6268,6268,690,317,373,0,0,0,373,0,0,373,0,0,0,0,gRNA_CDK9_targ_1340_2663
Reference,32.01349831,67.98650169,6268,6268,4445,1423,3022,0,305,2,2721,300,1,2715,0,5,1,0,gRNA_CDK9_targ_1340_2664
HDR,28.15426997,71.84573003,6268,6268,1815,511,1304,0,0,1,1304,0,0,1303,0,0,1,0,gRNA_CDK9_targ_1340_2664
Reference,34.59761731,65.40238269,6268,6268,4113,1423,2690,0,305,2,2389,300,1,2383,0,5,1,0,gRNA_CDK9_targ_1340_2665
HDR,0.0,100.0,6268,6268,357,0,357,0,0,0,357,0,0,357,0,0,0,0,gRNA_CDK9_targ_1340_2665
Reference,85.13189448,14.86810552,4926,4926,834,710,124,0,1,0,123,1,0,123,0,0,0,0,gRNA_CDK9_targ_1342_2666
HDR,28.00403904,71.99596096,4926,4926,2971,832,2139,0,0,1,2139,0,0,2138,0,0,1,0,gRNA_CDK9_targ_1342_2666
Reference,20.97488922,79.02511078,4926,4926,3385,710,2675,0,1,0,2674,1,0,2674,0,0,0,0,gRNA_CDK9_targ_1342_2667
HDR,6.69180019,93.30819981,4926,4926,1061,71,990,0,0,1,990,0,0,989,0,0,1,0,gRNA_CDK9_targ_1342_2667
Reference,50.39034776,49.60965224,4926,4926,1409,710,699,0,1,0,698,1,0,698,0,0,0,0,gRNA_CDK9_targ_1342_2668
HDR,0.2016129,99.7983871,4926,4926,992,2,990,0,0,1,990,0,0,989,0,0,1,0,gRNA_CDK9_targ_1342_2668
Reference,49.39434724,50.60565276,1818,1816,1486,734,752,0,0,0,752,0,0,752,0,0,0,0,gRNA_CDK9_targ_1343_2669
HDR,0.0,100.0,1818,1816,241,0,241,0,0,0,241,0,0,241,0,0,0,0,gRNA_CDK9_targ_1343_2669
Reference,43.95209581,56.04790419,1818,1816,1670,734,936,0,0,0,936,0,0,936,0,0,0,0,gRNA_CDK9_targ_1343_2670
HDR,13.28671329,86.71328671,1818,1816,143,19,124,0,0,0,124,0,0,124,0,0,0,0,gRNA_CDK9_targ_1343_2670
Reference,93.02915082,6.97084918,1818,1816,789,734,55,0,0,0,55,0,0,55,0,0,0,0,gRNA_CDK9_targ_1343_2671
HDR,36.54916512,63.45083488,1818,1816,539,197,342,0,0,0,342,0,0,342,0,0,0,0,gRNA_CDK9_targ_1343_2671
Reference,48.0681074,51.9318926,1818,1816,1527,734,793,0,0,0,793,0,0,793,0,0,0,0,gRNA_CDK9_targ_1343_2672
HDR,19.79166667,80.20833333,1818,1816,96,19,77,0,0,0,77,0,0,77,0,0,0,0,gRNA_CDK9_targ_1343_2672
Reference,58.43949045,41.56050955,1818,1816,1256,734,522,0,0,0,522,0,0,522,0,0,0,0,gRNA_CDK9_targ_1343_2673
HDR,47.05882353,52.94117647,1818,1816,306,144,162,0,0,0,162,0,0,162,0,0,0,0,gRNA_CDK9_targ_1343_2673
Reference,59.3371059,40.6628941,1818,1816,1237,734,503,0,0,0,503,0,0,503,0,0,0,0,gRNA_CDK9_targ_1343_2674
HDR,25.71428571,74.28571429,1818,1816,105,27,78,0,0,0,78,0,0,78,0,0,0,0,gRNA_CDK9_targ_1343_2674
Reference,50.2739726,49.7260274,1818,1816,1460,734,726,0,0,0,726,0,0,726,0,0,0,0,gRNA_CDK9_targ_1343_2675
HDR,26.76579926,73.23420074,1818,1816,269,72,197,0,0,0,197,0,0,197,0,0,0,0,gRNA_CDK9_targ_1343_2675
Reference,70.07092199,29.92907801,2407,2407,2115,1482,633,0,2,0,631,2,0,631,0,0,0,0,gRNA_CDK9_targ_1344_2676
HDR,95.47738693,4.52261307,2407,2407,199,190,9,0,0,0,9,0,0,9,0,0,0,0,gRNA_CDK9_targ_1344_2676
Reference,68.48428835,31.51571165,2407,2407,2164,1482,682,0,2,0,680,2,0,680,0,0,0,0,gRNA_CDK9_targ_1344_2677
HDR,44.16666667,55.83333333,2407,2407,240,106,134,0,0,0,134,0,0,134,0,0,0,0,gRNA_CDK9_targ_1344_2677
Reference,75.30487805,24.69512195,2407,2407,1968,1482,486,0,2,0,484,2,0,484,0,0,0,0,gRNA_CDK9_targ_1344_2678
HDR,0.0,100.0,2407,2407,3,0,3,0,0,0,3,0,0,3,0,0,0,0,gRNA_CDK9_targ_1344_2678
Reference,1.75438596,98.24561404,1650,1650,57,1,56,0,1,9,47,0,9,46,0,1,0,0,gRNA_CDK9_targ_1345_2679
HDR,0.12578616,99.87421384,1650,1650,1590,2,1588,0,8,35,1588,0,0,1545,0,8,35,0,gRNA_CDK9_targ_1345_2679
Reference,0.29154519,99.70845481,1650,1650,343,1,342,0,9,9,333,0,9,324,0,9,0,0,gRNA_CDK9_targ_1345_2680
HDR,0.0,100.0,1650,1650,1274,0,1274,0,0,35,1274,0,0,1239,0,0,35,0,gRNA_CDK9_targ_1345_2680
Reference,2.3255814,97.6744186,1650,1650,43,1,42,0,1,9,33,0,9,32,0,1,0,0,gRNA_CDK9_targ_1345_2681
HDR,57.66481334,42.33518666,1650,1650,1259,726,533,0,0,35,500,0,33,498,0,0,2,0,gRNA_CDK9_targ_1345_2681
Reference,10.91575092,89.08424908,1949,1948,1365,149,1216,0,0,1,1216,0,0,1215,0,0,1,0,gRNA_CDK9_targ_1346_2682
HDR,0.0,100.0,1949,1948,574,0,574,0,0,0,574,0,0,574,0,0,0,0,gRNA_CDK9_targ_1346_2682
Reference,14.82587065,85.17412935,1949,1948,1005,149,856,0,0,0,856,0,0,856,0,0,0,0,gRNA_CDK9_targ_1346_2683
HDR,0.0,100.0,1949,1948,938,0,938,0,0,2,938,0,0,936,0,0,2,0,gRNA_CDK9_targ_1346_2683
Reference,20.92696629,79.07303371,1949,1948,712,149,563,0,0,0,563,0,0,563,0,0,0,0,gRNA_CDK9_targ_1346_2684
HDR,0.0,100.0,1949,1948,281,0,281,0,0,1,281,0,0,280,0,0,1,0,gRNA_CDK9_targ_1346_2684
Reference,9.50323974,90.49676026,1759,1759,1389,132,1257,0,486,0,819,438,0,771,0,48,0,0,gRNA_CDK9_targ_1347_2685
HDR,0.27247956,99.72752044,1759,1759,367,1,366,0,0,1,366,0,0,365,0,0,1,0,gRNA_CDK9_targ_1347_2685
Reference,16.98841699,83.01158301,1759,1759,777,132,645,0,486,0,207,438,0,159,0,48,0,0,gRNA_CDK9_targ_1347_2686
HDR,19.36148301,80.63851699,1759,1759,971,188,783,0,1,1,782,1,0,781,0,0,1,0,gRNA_CDK9_targ_1347_2686
Reference,20.85308057,79.14691943,1759,1759,633,132,501,0,486,0,63,438,0,15,0,48,0,0,gRNA_CDK9_targ_1347_2687
HDR,0.46511628,99.53488372,1759,1759,215,1,214,0,0,1,214,0,0,213,0,0,1,0,gRNA_CDK9_targ_1347_2687
Reference,1.71952618,98.28047382,3367,3364,2617,45,2572,0,1,6,2571,1,0,2565,0,0,6,0,gRNA_CDK9_targ_1348_2688
HDR,0.13605442,99.86394558,3367,3364,735,1,734,0,0,0,734,0,0,734,0,0,0,0,gRNA_CDK9_targ_1348_2688
Reference,3.83631714,96.16368286,3367,3364,1173,45,1128,0,1,3,1127,1,0,1124,0,0,3,0,gRNA_CDK9_targ_1348_2689
HDR,1.86491935,98.13508065,3367,3364,1984,37,1947,0,0,3,1946,0,1,1944,0,0,2,0,gRNA_CDK9_targ_1348_2689
Reference,3.19829424,96.80170576,3367,3364,1407,45,1362,0,1,4,1361,1,0,1357,0,0,4,0,gRNA_CDK9_targ_1348_2690
HDR,0.0,100.0,3367,3364,1471,0,1471,0,0,1,1471,0,0,1470,0,0,1,0,gRNA_CDK9_targ_1348_2690
Reference,3.27034884,96.72965116,3367,3364,1376,45,1331,0,1,4,1330,1,0,1326,0,0,4,0,gRNA_CDK9_targ_1348_2691
HDR,0.0,100.0,3367,3364,740,0,740,0,0,0,740,0,0,740,0,0,0,0,gRNA_CDK9_targ_1348_2691
Reference,2.38600212,97.61399788,3367,3364,1886,45,1841,0,1,6,1840,1,0,1834,0,0,6,0,gRNA_CDK9_targ_1348_2692
HDR,0.0,100.0,3367,3364,735,0,735,0,0,0,735,0,0,735,0,0,0,0,gRNA_CDK9_targ_1348_2692
Reference,3.28467153,96.71532847,3367,3364,1370,45,1325,0,1,3,1324,1,0,1321,0,0,3,0,gRNA_CDK9_targ_1348_2693
HDR,27.25409836,72.74590164,3367,3364,1952,532,1420,0,0,3,1420,0,0,1417,0,0,3,0,gRNA_CDK9_targ_1348_2693
Reference,3.18696884,96.81303116,3367,3364,1412,45,1367,0,1,4,1366,1,0,1362,0,0,4,0,gRNA_CDK9_targ_1348_2694
HDR,16.26957114,83.73042886,3367,3364,1469,239,1230,0,0,0,1230,0,0,1230,0,0,0,0,gRNA_CDK9_targ_1348_2694
Reference,41.7721519,58.2278481,635,635,632,264,368,0,0,0,368,0,0,368,0,0,0,0,gRNA_CDK9_targ_1349_2695
HDR,0.0,100.0,635,635,1,0,1,0,0,0,1,0,0,1,0,0,0,0,gRNA_CDK9_targ_1349_2695
Reference,92.30769231,7.69230769,635,635,286,264,22,0,0,0,22,0,0,22,0,0,0,0,gRNA_CDK9_targ_1349_2696
HDR,23.49570201,76.50429799,635,635,349,82,267,0,0,0,267,0,0,267,0,0,0,0,gRNA_CDK9_targ_1349_2696
Reference,71.73913043,28.26086957,635,635,368,264,104,0,0,0,104,0,0,104,0,0,0,0,gRNA_CDK9_targ_1349_2697
HDR,0.0,100.0,635,635,267,0,267,0,0,0,267,0,0,267,0,0,0,0,gRNA_CDK9_targ_1349_2697
Reference,92.30769231,7.69230769,635,635,286,264,22,0,0,0,22,0,0,22,0,0,0,0,gRNA_CDK9_targ_1349_2698
HDR,0.0,100.0,635,635,2,0,2,0,0,0,2,0,0,2,0,0,0,0,gRNA_CDK9_targ_1349_2698
Reference,71.73913043,28.26086957,635,635,368,264,104,0,0,0,104,0,0,104,0,0,0,0,gRNA_CDK9_targ_1349_2699
HDR,0.0,100.0,635,635,2,0,2,0,0,0,2,0,0,2,0,0,0,0,gRNA_CDK9_targ_1349_2699
Reference,92.30769231,7.69230769,635,635,286,264,22,0,0,0,22,0,0,22,0,0,0,0,gRNA_CDK9_targ_1349_2700
HDR,96.62921348,3.37078652,635,635,267,258,9,0,0,0,9,0,0,9,0,0,0,0,gRNA_CDK9_targ_1349_2700
Reference,71.73913043,28.26086957,635,635,368,264,104,0,0,0,104,0,0,104,0,0,0,0,gRNA_CDK9_targ_1349_2701
HDR,0.37453184,99.62546816,635,635,267,1,266,0,0,0,266,0,0,266,0,0,0,0,gRNA_CDK9_targ_1349_2701
Reference,0.0,100.0,1219,1198,334,0,334,0,0,54,280,0,54,280,0,0,0,0,gRNA_CDK9_targ_1350_2702
HDR,2.3174971,97.6825029,1219,1198,863,20,843,0,152,1,694,149,0,690,0,3,1,0,gRNA_CDK9_targ_1350_2702
Reference,0.0,100.0,1219,1198,1193,0,1193,0,152,55,1139,0,54,986,0,152,1,0,gRNA_CDK9_targ_1350_2703
HDR,0.0,100.0,1219,1198,5,0,5,0,0,0,5,0,0,5,0,0,0,0,gRNA_CDK9_targ_1350_2703
Reference,0.0,100.0,1219,1198,333,0,333,0,0,54,279,0,54,279,0,0,0,0,gRNA_CDK9_targ_1350_2704
HDR,33.33333333,66.66666667,1219,1198,3,1,2,0,0,0,2,0,0,2,0,0,0,0,gRNA_CDK9_targ_1350_2704
Reference,9.79543666,90.20456334,3400,3396,2542,249,2293,0,49,1,2247,45,1,2243,0,4,0,0,gRNA_CDK9_targ_1351_2705
HDR,0.12376238,99.87623762,3400,3396,808,1,807,0,0,3,806,0,1,804,0,0,2,0,gRNA_CDK9_targ_1351_2705
Reference,84.40677966,15.59322034,3400,3396,295,249,46,0,0,1,45,0,1,45,0,0,0,0,gRNA_CDK9_targ_1351_2706
HDR,3.42025059,96.57974941,3400,3396,2953,101,2852,0,0,3,2851,0,1,2849,0,0,2,0,gRNA_CDK9_targ_1351_2706
Reference,56.46258503,43.53741497,3400,3396,441,249,192,0,49,43,146,45,1,100,0,4,42,0,gRNA_CDK9_targ_1351_2707
HDR,18.12577065,81.87422935,3400,3396,811,147,664,0,0,3,662,0,2,661,0,0,1,0,gRNA_CDK9_targ_1351_2707
Reference,0.0,100.0,674,672,279,0,279,0,0,14,266,0,13,265,0,0,1,0,gRNA_CDK9_targ_1352_2708
HDR,0.0,100.0,674,672,392,0,392,0,0,1,392,0,0,391,0,0,1,0,gRNA_CDK9_targ_1352_2708
Reference,0.0,100.0,674,672,375,0,375,0,0,2,375,0,0,373,0,0,2,0,gRNA_CDK9_targ_1352_2709
HDR,0.0,100.0,674,672,284,0,284,0,0,1,284,0,0,283,0,0,1,0,gRNA_CDK9_targ_1352_2709
Reference,0.0,100.0,674,672,108,0,108,0,0,0,108,0,0,108,0,0,0,0,gRNA_CDK9_targ_1352_2710
HDR,0.65645514,99.34354486,674,672,457,3,454,0,0,3,454,0,0,451,0,0,3,0,gRNA_CDK9_targ_1352_2710
Reference,0.0,100.0,674,672,381,0,381,0,0,1,381,0,0,380,0,0,1,0,gRNA_CDK9_targ_1352_2711
HDR,0.3649635,99.6350365,674,672,274,1,273,0,0,2,273,0,0,271,0,0,2,0,gRNA_CDK9_targ_1352_2711
Reference,0.0,100.0,674,672,280,0,280,0,0,15,267,0,13,265,0,0,2,0,gRNA_CDK9_targ_1352_2712
HDR,0.0,100.0,674,672,284,0,284,0,0,1,284,0,0,283,0,0,1,0,gRNA_CDK9_targ_1352_2712
Reference,0.0,100.0,674,672,108,0,108,0,0,13,95,0,13,95,0,0,0,0,gRNA_CDK9_targ_1352_2713
HDR,0.34965035,99.65034965,674,672,286,1,285,0,0,2,285,0,0,283,0,0,2,0,gRNA_CDK9_targ_1352_2713
Reference,0.0,100.0,674,672,113,0,113,0,0,13,100,0,13,100,0,0,0,0,gRNA_CDK9_targ_1352_2714
HDR,97.22222222,2.77777778,674,672,108,105,3,0,0,1,3,0,0,2,0,0,1,0,gRNA_CDK9_targ_1352_2714
Reference,0.0,100.0,674,672,201,0,201,0,0,0,201,0,0,201,0,0,0,0,gRNA_CDK9_targ_1352_2715
HDR,0.0,100.0,674,672,283,0,283,0,0,1,283,0,0,282,0,0,1,0,gRNA_CDK9_targ_1352_2715
Reference,0.0,100.0,674,672,101,0,101,0,0,0,101,0,0,101,0,0,0,0,gRNA_CDK9_targ_1352_2716
HDR,,,674,672,0,0,0,0,0,0,0,0,0,0,0,0,0,0,gRNA_CDK9_targ_1352_2716
Reference,0.0,100.0,674,672,94,0,94,0,0,0,94,0,0,94,0,0,0,0,gRNA_CDK9_targ_1352_2717
HDR,90.64327485,9.35672515,674,672,171,155,16,0,0,2,14,0,2,14,0,0,0,0,gRNA_CDK9_targ_1352_2717
Reference,0.0,100.0,674,672,385,0,385,0,0,14,372,0,13,371,0,0,1,0,gRNA_CDK9_targ_1352_2718
HDR,0.0,100.0,674,672,286,0,286,0,0,1,286,0,0,285,0,0,1,0,gRNA_CDK9_targ_1352_2718
Reference,0.0,100.0,674,672,280,0,280,0,0,14,267,0,13,266,0,0,1,0,gRNA_CDK9_targ_1352_2719
HDR,0.0,100.0,674,672,391,0,391,0,0,1,391,0,0,390,0,0,1,0,gRNA_CDK9_targ_1352_2719
Reference,0.0,100.0,674,672,111,0,111,0,0,13,98,0,13,98,0,0,0,0,gRNA_CDK9_targ_1352_2720
HDR,0.0,100.0,674,672,556,0,556,0,0,3,555,0,1,553,0,0,2,0,gRNA_CDK9_targ_1352_2720
Reference,0.0,100.0,674,672,205,0,205,0,0,0,205,0,0,205,0,0,0,0,gRNA_CDK9_targ_1352_2721
HDR,0.0,100.0,674,672,449,0,449,0,0,3,449,0,0,446,0,0,3,0,gRNA_CDK9_targ_1352_2721
Reference,0.0,100.0,674,672,115,0,115,0,0,13,102,0,13,102,0,0,0,0,gRNA_CDK9_targ_1352_2722
HDR,0.0,100.0,674,672,285,0,285,0,0,2,285,0,0,283,0,0,2,0,gRNA_CDK9_targ_1352_2722
Reference,1.8067557,98.1932443,3737,3720,1273,23,1250,0,238,0,1022,228,0,1012,0,10,0,0,gRNA_CDK9_targ_1353_2723
HDR,0.0,100.0,3737,3720,2395,0,2395,0,0,0,2395,0,0,2395,0,0,0,0,gRNA_CDK9_targ_1353_2723
Reference,2.82555283,97.17444717,3737,3720,814,23,791,0,238,0,563,228,0,553,0,10,0,0,gRNA_CDK9_targ_1353_2724
HDR,0.03834356,99.96165644,3737,3720,2608,1,2607,0,0,0,2607,0,0,2607,0,0,0,0,gRNA_CDK9_targ_1353_2724
Reference,5.09977827,94.90022173,3737,3720,451,23,428,0,233,0,200,228,0,195,0,5,0,0,gRNA_CDK9_targ_1353_2725
HDR,0.03539823,99.96460177,3737,3720,2825,1,2824,0,0,0,2824,0,0,2824,0,0,0,0,gRNA_CDK9_targ_1353_2725
Reference,2.96774194,97.03225806,3737,3720,775,23,752,0,238,0,524,228,0,514,0,10,0,0,gRNA_CDK9_targ_1353_2726
HDR,0.0,100.0,3737,3720,2111,0,2111,0,0,0,2111,0,0,2111,0,0,0,0,gRNA_CDK9_targ_1353_2726
Reference,5.04385965,94.95614035,3737,3720,456,23,433,0,238,0,205,228,0,195,0,10,0,0,gRNA_CDK9_targ_1353_2727
HDR,11.69858451,88.30141549,3737,3720,2402,281,2121,0,0,0,2121,0,0,2121,0,0,0,0,gRNA_CDK9_targ_1353_2727
Reference,5.04385965,94.95614035,3737,3720,456,23,433,0,238,0,205,228,0,195,0,10,0,0,gRNA_CDK9_targ_1353_2728
HDR,1.30853994,98.69146006,3737,3720,2904,38,2866,0,0,0,2866,0,0,2866,0,0,0,0,gRNA_CDK9_targ_1353_2728
Reference,4.79166667,95.20833333,3737,3720,480,23,457,0,238,0,229,228,0,219,0,10,0,0,gRNA_CDK9_targ_1353_2729
HDR,28.33843017,71.66156983,3737,3720,2943,834,2109,0,0,0,2109,0,0,2109,0,0,0,0,gRNA_CDK9_targ_1353_2729
Reference,5.95099183,94.04900817,9513,9513,8570,510,8060,0,208,1,7862,198,0,7851,0,10,1,0,gRNA_CDK9_targ_1354_2730
HDR,0.0,100.0,9513,9513,676,0,676,0,0,1,676,0,0,675,0,0,1,0,gRNA_CDK9_targ_1354_2730
Reference,49.37076476,50.62923524,9513,9513,1033,510,523,0,208,0,325,198,0,315,0,10,0,0,gRNA_CDK9_targ_1354_2731
HDR,55.79327591,44.20672409,9513,9513,7198,4016,3182,0,0,6,3181,0,1,3176,0,0,5,0,gRNA_CDK9_targ_1354_2731
Reference,24.01129944,75.98870056,9513,9513,2124,510,1614,0,208,0,1416,198,0,1406,0,10,0,0,gRNA_CDK9_targ_1354_2732
HDR,3.13174946,96.86825054,9513,9513,926,29,897,0,0,1,897,0,0,896,0,0,1,0,gRNA_CDK9_targ_1354_2732
Reference,94.49541284,5.50458716,4313,4313,763,721,42,0,0,1,41,0,1,41,0,0,0,0,gRNA_CDK9_targ_1355_2733
HDR,0.19540791,99.80459209,4313,4313,2047,4,2043,0,0,0,2043,0,0,2043,0,0,0,0,gRNA_CDK9_targ_1355_2733
Reference,45.60404807,54.39595193,4313,4313,1581,721,860,0,0,1,859,0,1,859,0,0,0,0,gRNA_CDK9_targ_1355_2734
HDR,0.0,100.0,4313,4313,2366,0,2366,0,0,0,2366,0,0,2366,0,0,0,0,gRNA_CDK9_targ_1355_2734
Reference,45.71972099,54.28027901,4313,4313,1577,721,856,0,0,1,855,0,1,855,0,0,0,0,gRNA_CDK9_targ_1355_2735
HDR,76.93929174,23.06070826,4313,4313,2372,1825,547,0,0,0,547,0,0,547,0,0,0,0,gRNA_CDK9_targ_1355_2735
Reference,55.30973451,44.69026549,3100,3099,226,125,101,0,85,87,98,1,2,13,0,0,1,84,gRNA_CDK9_targ_1356_2736
HDR,0.0,100.0,3100,3099,2153,0,2153,0,1,0,2153,0,0,2152,0,1,0,0,gRNA_CDK9_targ_1356_2736
Reference,48.4496124,51.5503876,3100,3099,258,125,133,0,85,87,130,1,2,45,0,0,1,84,gRNA_CDK9_targ_1356_2737
HDR,0.09310987,99.90689013,3100,3099,2148,2,2146,0,1,1,2145,0,1,2144,0,1,0,0,gRNA_CDK9_targ_1356_2737
Reference,55.55555556,44.44444444,3100,3099,225,125,100,0,85,87,97,1,2,12,0,0,1,84,gRNA_CDK9_targ_1356_2738
HDR,62.36313869,37.63686131,3100,3099,2192,1367,825,0,1,0,824,1,0,824,0,0,0,0,gRNA_CDK9_targ_1356_2738
Reference,95.82089552,4.17910448,6398,6397,335,321,14,0,5,1,9,5,0,8,0,0,1,0,gRNA_CDK9_targ_1357_2739
HDR,62.67158369,37.32841631,6398,6397,4881,3059,1822,0,5,1,1817,4,1,1816,0,1,0,0,gRNA_CDK9_targ_1357_2739
Reference,92.22896585,7.77103415,9987,9986,8403,7750,653,0,0,3,650,0,3,650,0,0,0,0,gRNA_CDK9_targ_1358_2740
HDR,95.17990496,4.82009504,9987,9986,1473,1402,71,0,0,2,69,0,2,69,0,0,0,0,gRNA_CDK9_targ_1358_2740
Reference,36.8608799,63.1391201,7637,7637,841,310,531,0,122,307,184,50,297,102,0,72,10,0,gRNA_CDK9_targ_1359_2741
HDR,9.72747165,90.27252835,7637,7637,5027,489,4538,0,1,1,4537,1,0,4536,0,0,1,0,gRNA_CDK9_targ_1359_2741
Reference,1.37931034,98.62068966,145,145,145,2,143,0,0,0,143,0,0,143,0,0,0,0,gRNA_CDK9_targ_1360_2742
HDR,,,145,145,0,0,0,0,0,0,0,0,0,0,0,0,0,0,gRNA_CDK9_targ_1360_2742
Reference,0.0,100.0,2392,2392,1054,0,1054,0,0,0,1054,0,0,1054,0,0,0,0,gRNA_CDK9_targ_1361_2743
HDR,0.65359477,99.34640523,2392,2392,1224,8,1216,0,0,0,1216,0,0,1216,0,0,0,0,gRNA_CDK9_targ_1361_2743
Reference,0.0,100.0,2392,2392,1427,0,1427,0,0,0,1427,0,0,1427,0,0,0,0,gRNA_CDK9_targ_1361_2744
HDR,0.0,100.0,2392,2392,961,0,961,0,0,0,961,0,0,961,0,0,0,0,gRNA_CDK9_targ_1361_2744
Reference,0.0,100.0,2392,2392,732,0,732,0,0,0,732,0,0,732,0,0,0,0,gRNA_CDK9_targ_1361_2745
HDR,0.0,100.0,2392,2392,532,0,532,0,0,0,532,0,0,532,0,0,0,0,gRNA_CDK9_targ_1361_2745
Reference,0.0,100.0,2470,2461,1537,0,1537,0,2,0,1537,0,0,1535,0,2,0,0,gRNA_CDK9_targ_1362_2746
HDR,0.0,100.0,2470,2461,802,0,802,0,0,0,802,0,0,802,0,0,0,0,gRNA_CDK9_targ_1362_2746
Reference,0.0,100.0,2470,2461,1363,0,1363,0,2,0,1363,0,0,1361,0,2,0,0,gRNA_CDK9_targ_1362_2747
HDR,0.0,100.0,2470,2461,973,0,973,0,0,0,973,0,0,973,0,0,0,0,gRNA_CDK9_targ_1362_2747
Reference,0.0,100.0,2470,2461,1,0,1,0,1,0,1,0,0,0,0,1,0,0,gRNA_CDK9_targ_1362_2748
HDR,5.17094017,94.82905983,2470,2461,2340,121,2219,0,0,0,2219,0,0,2219,0,0,0,0,gRNA_CDK9_targ_1362_2748
Reference,0.0,100.0,2470,2461,1363,0,1363,0,2,0,1363,0,0,1361,0,2,0,0,gRNA_CDK9_targ_1362_2749
HDR,0.0,100.0,2470,2461,796,0,796,0,0,0,796,0,0,796,0,0,0,0,gRNA_CDK9_targ_1362_2749
Reference,0.0,100.0,2470,2461,120,0,120,0,2,118,120,0,0,0,0,2,118,0,gRNA_CDK9_targ_1362_2750
HDR,0.49627792,99.50372208,2470,2461,806,4,802,0,0,0,802,0,0,802,0,0,0,0,gRNA_CDK9_targ_1362_2750
Reference,0.0,100.0,2470,2461,2,0,2,0,2,0,2,0,0,0,0,2,0,0,gRNA_CDK9_targ_1362_2751
HDR,16.93877551,83.06122449,2470,2461,980,166,814,0,0,0,814,0,0,814,0,0,0,0,gRNA_CDK9_targ_1362_2751
Reference,0.0,100.0,2470,2461,1471,0,1471,0,2,118,1471,0,0,1351,0,2,118,0,gRNA_CDK9_targ_1362_2752
HDR,8.26530612,91.73469388,2470,2461,980,81,899,0,0,0,899,0,0,899,0,0,0,0,gRNA_CDK9_targ_1362_2752
Reference,0.1953125,99.8046875,1405,1405,1024,2,1022,0,119,1,908,114,0,903,0,4,0,1,gRNA_CDK9_targ_1363_2753
HDR,0.0,100.0,1405,1405,380,0,380,0,0,0,380,0,0,380,0,0,0,0,gRNA_CDK9_targ_1363_2753
Reference,0.50377834,99.49622166,1405,1405,397,2,395,0,119,1,281,114,0,276,0,4,0,1,gRNA_CDK9_targ_1363_2754
HDR,0.0,100.0,1405,1405,1000,0,1000,0,0,0,1000,0,0,1000,0,0,0,0,gRNA_CDK9_targ_1363_2754
Reference,1.65289256,98.34710744,1405,1405,121,2,119,0,119,1,5,114,0,0,0,4,0,1,gRNA_CDK9_targ_1363_2755
HDR,3.27613105,96.72386895,1405,1405,1282,42,1240,0,0,0,1240,0,0,1240,0,0,0,0,gRNA_CDK9_targ_1363_2755
Reference,1.00502513,98.99497487,1405,1405,199,2,197,0,119,1,83,114,0,78,0,4,0,1,gRNA_CDK9_targ_1363_2756
HDR,0.0,100.0,1405,1405,176,0,176,0,0,0,176,0,0,176,0,0,0,0,gRNA_CDK9_targ_1363_2756
Reference,1.62601626,98.37398374,1405,1405,123,2,121,0,119,1,7,114,0,2,0,4,0,1,gRNA_CDK9_targ_1363_2757
HDR,0.26246719,99.73753281,1405,1405,381,1,380,0,0,0,380,0,0,380,0,0,0,0,gRNA_CDK9_targ_1363_2757
Reference,1.63934426,98.36065574,1405,1405,122,2,120,0,119,1,6,114,0,1,0,4,0,1,gRNA_CDK9_targ_1363_2758
HDR,56.0515873,43.9484127,1405,1405,1008,565,443,0,0,0,443,0,0,443,0,0,0,0,gRNA_CDK9_targ_1363_2758
Reference,1.04166667,98.95833333,1405,1405,192,2,190,0,119,1,76,114,0,71,0,4,0,1,gRNA_CDK9_targ_1363_2759
HDR,14.35684647,85.64315353,1405,1405,1205,173,1032,0,0,0,1032,0,0,1032,0,0,0,0,gRNA_CDK9_targ_1363_2759
Reference,49.45652174,50.54347826,1450,1450,368,182,186,0,0,0,186,0,0,186,0,0,0,0,gRNA_CDK9_targ_1364_2760
HDR,12.02590194,87.97409806,1450,1450,1081,130,951,0,0,2,951,0,0,949,0,0,2,0,gRNA_CDK9_targ_1364_2760
Reference,13.018598,86.981402,1450,1450,1398,182,1216,0,0,2,1216,0,0,1214,0,0,2,0,gRNA_CDK9_targ_1364_2761
HDR,0.0,100.0,1450,1450,1,0,1,0,0,0,1,0,0,1,0,0,0,0,gRNA_CDK9_targ_1364_2761
Reference,48.53333333,51.46666667,1450,1450,375,182,193,0,0,0,193,0,0,193,0,0,0,0,gRNA_CDK9_targ_1364_2762
HDR,4.09302326,95.90697674,1450,1450,1075,44,1031,0,0,2,1031,0,0,1029,0,0,2,0,gRNA_CDK9_targ_1364_2762
Reference,49.32249322,50.67750678,1450,1450,369,182,187,0,0,0,187,0,0,187,0,0,0,0,gRNA_CDK9_targ_1364_2763
HDR,0.0,100.0,1450,1450,1,0,1,0,0,0,1,0,0,1,0,0,0,0,gRNA_CDK9_targ_1364_2763
Reference,76.15062762,23.84937238,1450,1450,239,182,57,0,0,0,57,0,0,57,0,0,0,0,gRNA_CDK9_targ_1364_2764
HDR,96.08465608,3.91534392,1450,1450,945,908,37,0,0,2,35,0,2,35,0,0,0,0,gRNA_CDK9_targ_1364_2764
Reference,48.53333333,51.46666667,1450,1450,375,182,193,0,0,0,193,0,0,193,0,0,0,0,gRNA_CDK9_targ_1364_2765
HDR,0.0,100.0,1450,1450,1,0,1,0,0,0,1,0,0,1,0,0,0,0,gRNA_CDK9_targ_1364_2765
Reference,36.03960396,63.96039604,1450,1450,505,182,323,0,0,0,323,0,0,323,0,0,0,0,gRNA_CDK9_targ_1364_2766
HDR,0.10582011,99.89417989,1450,1450,945,1,944,0,0,2,944,0,0,942,0,0,2,0,gRNA_CDK9_targ_1364_2766
Reference,0.14224751,99.85775249,1955,1892,703,1,702,0,5,299,404,3,295,398,0,2,4,0,gRNA_CDK9_targ_1365_2767
HDR,1.68634064,98.31365936,1955,1892,1186,20,1166,0,6,4,1158,6,2,1156,0,0,2,0,gRNA_CDK9_targ_1365_2767
Reference,0.13386881,99.86613119,1955,1892,747,1,746,0,11,302,448,3,295,433,0,8,7,0,gRNA_CDK9_targ_1365_2768
HDR,0.0,100.0,1955,1892,1144,0,1144,0,0,2,1144,0,0,1142,0,0,2,0,gRNA_CDK9_targ_1365_2768
Reference,0.15082956,99.84917044,1955,1892,663,1,662,0,11,303,364,3,295,348,0,8,8,0,gRNA_CDK9_targ_1365_2769
HDR,0.08143322,99.91856678,1955,1892,1228,1,1227,0,0,1,1227,0,0,1226,0,0,1,0,gRNA_CDK9_targ_1365_2769
Reference,0.14204545,99.85795455,1955,1892,704,1,703,0,5,300,405,3,295,398,0,2,5,0,gRNA_CDK9_targ_1365_2770
HDR,11.27622378,88.72377622,1955,1892,1144,129,1015,0,0,2,1014,0,1,1013,0,0,1,0,gRNA_CDK9_targ_1365_2770
Reference,0.2016129,99.7983871,1955,1892,496,1,495,0,5,300,197,3,295,190,0,2,5,0,gRNA_CDK9_targ_1365_2771
HDR,0.88321884,99.11678116,1955,1892,1019,9,1010,0,0,1,1010,0,0,1009,0,0,1,0,gRNA_CDK9_targ_1365_2771
Reference,0.18867925,99.81132075,1955,1892,530,1,529,0,11,302,231,3,295,216,0,8,7,0,gRNA_CDK9_targ_1365_2772
HDR,0.09891197,99.90108803,1955,1892,1011,1,1010,0,0,1,1010,0,0,1009,0,0,1,0,gRNA_CDK9_targ_1365_2772
Reference,0.13550136,99.86449864,1955,1892,738,1,737,0,11,302,439,3,295,424,0,8,7,0,gRNA_CDK9_targ_1365_2773
HDR,84.57538995,15.42461005,1955,1892,1154,976,178,0,0,2,177,0,1,176,0,0,1,0,gRNA_CDK9_targ_1365_2773
Reference,6.22641509,93.77358491,975,975,530,33,497,0,1,0,496,1,0,496,0,0,0,0,gRNA_CDK9_targ_1366_2774
HDR,0.0,100.0,975,975,442,0,442,0,0,158,442,0,0,284,0,0,158,0,gRNA_CDK9_targ_1366_2774
Reference,0.0,100.0,1809,1555,27,0,27,0,23,4,23,0,0,4,4,19,0,0,gRNA_CDK9_targ_1367_2775
HDR,0.0,100.0,1809,1555,1196,0,1196,0,1,2,1196,0,0,1193,0,1,2,0,gRNA_CDK9_targ_1367_2775
Reference,0.0,100.0,1809,1555,24,0,24,0,23,4,20,0,0,1,4,19,0,0,gRNA_CDK9_targ_1367_2776
HDR,0.0,100.0,1809,1555,852,0,852,0,1,3,852,0,0,848,0,1,3,0,gRNA_CDK9_targ_1367_2776
Reference,0.0,100.0,1809,1555,371,0,371,0,23,4,367,0,0,348,4,19,0,0,gRNA_CDK9_targ_1367_2777
HDR,0.0,100.0,1809,1555,851,0,851,0,1,3,851,0,0,847,0,1,3,0,gRNA_CDK9_targ_1367_2777
Reference,0.0,100.0,1809,1555,27,0,27,0,23,4,23,0,0,4,4,19,0,0,gRNA_CDK9_targ_1367_2778
HDR,0.0,100.0,1809,1555,1197,0,1197,0,1,3,1197,0,0,1193,0,1,3,0,gRNA_CDK9_targ_1367_2778
Reference,0.0,100.0,1809,1555,26,0,26,0,23,4,22,0,0,3,4,19,0,0,gRNA_CDK9_targ_1367_2779
HDR,0.0,100.0,1809,1555,852,0,852,0,1,3,852,0,0,848,0,1,3,0,gRNA_CDK9_targ_1367_2779
Reference,0.0,100.0,1809,1555,370,0,370,0,23,4,366,0,0,347,4,19,0,0,gRNA_CDK9_targ_1367_2780
HDR,0.0,100.0,1809,1555,852,0,852,0,1,3,851,0,1,848,0,1,2,0,gRNA_CDK9_targ_1367_2780
Reference,0.0,100.0,1809,1555,26,0,26,0,23,4,22,0,0,3,4,19,0,0,gRNA_CDK9_targ_1367_2781
HDR,96.24853458,3.75146542,1809,1555,853,821,32,0,1,3,29,0,3,28,0,1,0,0,gRNA_CDK9_targ_1367_2781
Reference,82.75862069,17.24137931,116,116,29,24,5,0,0,0,5,0,0,5,0,0,0,0,gRNA_CDK9_targ_1368_2782
HDR,1.51515152,98.48484848,116,116,66,1,65,0,0,0,65,0,0,65,0,0,0,0,gRNA_CDK9_targ_1368_2782
Reference,77.41935484,22.58064516,116,116,31,24,7,0,0,0,7,0,0,7,0,0,0,0,gRNA_CDK9_targ_1368_2783
HDR,0.0,100.0,116,116,62,0,62,0,0,0,62,0,0,62,0,0,0,0,gRNA_CDK9_targ_1368_2783
Reference,77.41935484,22.58064516,116,116,31,24,7,0,0,0,7,0,0,7,0,0,0,0,gRNA_CDK9_targ_1368_2784
HDR,0.0,100.0,116,116,64,0,64,0,0,0,64,0,0,64,0,0,0,0,gRNA_CDK9_targ_1368_2784
Reference,51.06382979,48.93617021,116,116,47,24,23,0,0,19,23,0,0,4,0,0,19,0,gRNA_CDK9_targ_1368_2785
HDR,3.27868852,96.72131148,116,116,61,2,59,0,0,0,59,0,0,59,0,0,0,0,gRNA_CDK9_targ_1368_2785
Reference,85.71428571,14.28571429,116,116,28,24,4,0,0,0,4,0,0,4,0,0,0,0,gRNA_CDK9_targ_1368_2786
HDR,3.17460317,96.82539683,116,116,63,2,61,0,0,0,61,0,0,61,0,0,0,0,gRNA_CDK9_targ_1368_2786
Reference,82.75862069,17.24137931,116,116,29,24,5,0,0,0,5,0,0,5,0,0,0,0,gRNA_CDK9_targ_1368_2787
HDR,1.66666667,98.33333333,116,116,60,1,59,0,0,0,59,0,0,59,0,0,0,0,gRNA_CDK9_targ_1368_2787
Reference,50.0,50.0,116,116,48,24,24,0,0,19,24,0,0,5,0,0,19,0,gRNA_CDK9_targ_1368_2788
HDR,68.18181818,31.81818182,116,116,66,45,21,0,0,0,21,0,0,21,0,0,0,0,gRNA_CDK9_targ_1368_2788
Reference,0.12953368,99.87046632,1170,1170,772,1,771,0,0,0,771,0,0,771,0,0,0,0,gRNA_CDK9_targ_1369_2789
HDR,0.0,100.0,1170,1170,398,0,398,0,0,0,398,0,0,398,0,0,0,0,gRNA_CDK9_targ_1369_2789
Reference,97.0,3.0,961,961,100,97,3,0,0,0,3,0,0,3,0,0,0,0,gRNA_CDK9_targ_1370_2790
HDR,17.60204082,82.39795918,961,961,392,69,323,0,0,0,323,0,0,323,0,0,0,0,gRNA_CDK9_targ_1370_2790
Reference,13.79800853,86.20199147,961,961,703,97,606,0,0,0,606,0,0,606,0,0,0,0,gRNA_CDK9_targ_1370_2791
HDR,0.0,100.0,961,961,256,0,256,0,0,0,256,0,0,256,0,0,0,0,gRNA_CDK9_targ_1370_2791
Reference,17.13780919,82.86219081,961,961,566,97,469,0,0,0,469,0,0,469,0,0,0,0,gRNA_CDK9_targ_1370_2792
HDR,1.94552529,98.05447471,961,961,257,5,252,0,0,0,252,0,0,252,0,0,0,0,gRNA_CDK9_targ_1370_2792
Reference,85.64356436,14.35643564,1045,1043,404,346,58,0,2,0,58,0,0,56,0,2,0,0,gRNA_CDK9_targ_1371_2793
HDR,0.0,100.0,1045,1043,474,0,474,0,0,1,474,0,0,473,0,0,1,0,gRNA_CDK9_targ_1371_2793
Reference,84.59657702,15.40342298,1045,1043,409,346,63,0,0,0,63,0,0,63,0,0,0,0,gRNA_CDK9_targ_1371_2794
HDR,0.21008403,99.78991597,1045,1043,476,1,475,0,2,1,473,2,0,472,0,0,1,0,gRNA_CDK9_targ_1371_2794
Reference,84.18491484,15.81508516,1045,1043,411,346,65,0,0,0,65,0,0,65,0,0,0,0,gRNA_CDK9_targ_1371_2795
HDR,57.56302521,42.43697479,1045,1043,476,274,202,0,0,1,201,0,1,201,0,0,0,0,gRNA_CDK9_targ_1371_2795
Reference,79.59183673,20.40816327,1700,1700,147,117,30,0,0,0,30,0,0,30,0,0,0,0,gRNA_CDK9_targ_1372_2796
HDR,0.06447453,99.93552547,1700,1700,1551,1,1550,0,0,1,1550,0,0,1549,0,0,1,0,gRNA_CDK9_targ_1372_2796
Reference,31.88010899,68.11989101,1700,1700,367,117,250,0,0,0,250,0,0,250,0,0,0,0,gRNA_CDK9_targ_1372_2797
HDR,0.0,100.0,1700,1700,1325,0,1325,0,0,1,1325,0,0,1324,0,0,1,0,gRNA_CDK9_targ_1372_2797
Reference,15.35433071,84.64566929,1700,1700,762,117,645,0,0,1,645,0,0,644,0,0,1,0,gRNA_CDK9_targ_1372_2798
HDR,0.0,100.0,1700,1700,938,0,938,0,0,0,938,0,0,938,0,0,0,0,gRNA_CDK9_targ_1372_2798
Reference,79.05405405,20.94594595,1700,1700,148,117,31,0,0,0,31,0,0,31,0,0,0,0,gRNA_CDK9_targ_1372_2799
HDR,17.29323308,82.70676692,1700,1700,1330,230,1100,0,0,1,1099,0,1,1099,0,0,0,0,gRNA_CDK9_targ_1372_2799
Reference,79.05405405,20.94594595,1700,1700,148,117,31,0,0,0,31,0,0,31,0,0,0,0,gRNA_CDK9_targ_1372_2800
HDR,23.05229456,76.94770544,1700,1700,937,216,721,0,0,0,721,0,0,721,0,0,0,0,gRNA_CDK9_targ_1372_2800
Reference,78.0,22.0,1700,1700,150,117,33,0,0,0,33,0,0,33,0,0,0,0,gRNA_CDK9_targ_1372_2801
HDR,0.13927577,99.86072423,1700,1700,718,1,717,0,0,0,717,0,0,717,0,0,0,0,gRNA_CDK9_targ_1372_2801
Reference,78.52348993,21.47651007,1700,1700,149,117,32,0,0,0,32,0,0,32,0,0,0,0,gRNA_CDK9_targ_1372_2802
HDR,37.35483871,62.64516129,1700,1700,1550,579,971,0,0,1,971,0,0,970,0,0,1,0,gRNA_CDK9_targ_1372_2802
Reference,2.03142967,97.96857033,3980,3739,2609,53,2556,0,4,389,2166,2,388,2163,0,2,1,0,gRNA_CDK9_targ_1373_2803
HDR,0.0,100.0,3980,3739,1126,0,1126,0,0,0,1126,0,0,1126,0,0,0,0,gRNA_CDK9_targ_1373_2803
Reference,15.72700297,84.27299703,3980,3739,337,53,284,0,3,162,120,2,162,119,0,1,0,0,gRNA_CDK9_targ_1373_2804
HDR,0.85200379,99.14799621,3980,3739,3169,27,3142,0,1,1,3141,1,0,3140,0,0,1,0,gRNA_CDK9_targ_1373_2804
Reference,9.2173913,90.7826087,3980,3739,575,53,522,0,0,162,360,0,162,360,0,0,0,0,gRNA_CDK9_targ_1373_2805
HDR,0.03762227,99.96237773,3980,3739,2658,1,2657,0,0,1,2657,0,0,2656,0,0,1,0,gRNA_CDK9_targ_1373_2805
Reference,11.72566372,88.27433628,3980,3739,452,53,399,0,3,388,9,2,388,8,0,1,0,0,gRNA_CDK9_targ_1373_2806
HDR,31.71936759,68.28063241,3980,3739,1012,321,691,0,0,0,691,0,0,691,0,0,0,0,gRNA_CDK9_targ_1373_2806
Reference,7.04787234,92.95212766,3980,3739,752,53,699,0,4,388,309,2,388,307,0,2,0,0,gRNA_CDK9_targ_1373_2807
HDR,14.19676214,85.80323786,3980,3739,803,114,689,0,0,0,689,0,0,689,0,0,0,0,gRNA_CDK9_targ_1373_2807
Reference,23.76681614,76.23318386,3980,3739,223,53,170,0,3,162,6,2,162,5,0,1,0,0,gRNA_CDK9_targ_1373_2808
HDR,46.65955935,53.34044065,3980,3739,2814,1313,1501,0,0,1,1500,0,1,1500,0,0,0,0,gRNA_CDK9_targ_1373_2808
Reference,11.04166667,88.95833333,3980,3739,480,53,427,0,4,388,37,2,388,35,0,2,0,0,gRNA_CDK9_targ_1373_2809
HDR,22.07705193,77.92294807,3980,3739,2985,659,2326,0,0,1,2326,0,0,2325,0,0,1,0,gRNA_CDK9_targ_1373_2809
Reference,52.37226277,47.62773723,2154,2033,548,287,261,0,216,1,259,1,1,44,0,215,0,0,gRNA_CDK9_targ_1374_2810
HDR,0.0,100.0,2154,2033,1438,0,1438,0,0,2,1438,0,0,1436,0,0,2,0,gRNA_CDK9_targ_1374_2810
Reference,96.63299663,3.36700337,2154,2033,297,287,10,0,1,0,9,1,0,9,0,0,0,0,gRNA_CDK9_targ_1374_2811
HDR,1.42011834,98.57988166,2154,2033,1690,24,1666,0,216,0,1517,149,0,1450,0,67,0,0,gRNA_CDK9_targ_1374_2811
Reference,19.1460974,80.8539026,2154,2033,1499,287,1212,0,217,0,1211,1,0,995,0,216,0,0,gRNA_CDK9_targ_1374_2812
HDR,0.0,100.0,2154,2033,491,0,491,0,0,2,491,0,0,489,0,0,2,0,gRNA_CDK9_targ_1374_2812
Reference,95.98662207,4.01337793,2154,2033,299,287,12,0,1,1,10,1,1,10,0,0,0,0,gRNA_CDK9_targ_1374_2813
HDR,0.06930007,99.93069993,2154,2033,1443,1,1442,0,1,2,1442,0,0,1439,0,1,2,0,gRNA_CDK9_targ_1374_2813
Reference,48.39797639,51.60202361,2154,2033,593,287,306,0,217,41,264,1,41,48,0,216,0,0,gRNA_CDK9_targ_1374_2814
HDR,0.0,100.0,2154,2033,491,0,491,0,0,2,491,0,0,489,0,0,2,0,gRNA_CDK9_targ_1374_2814
Reference,95.34883721,4.65116279,2154,2033,301,287,14,0,1,1,12,1,1,12,0,0,0,0,gRNA_CDK9_targ_1374_2815
HDR,0.0,100.0,2154,2033,492,0,492,0,0,2,492,0,0,490,0,0,2,0,gRNA_CDK9_targ_1374_2815
Reference,48.72665535,51.27334465,2154,2033,589,287,302,0,216,41,260,1,41,45,0,215,0,0,gRNA_CDK9_targ_1374_2816
HDR,0.06954103,99.93045897,2154,2033,1438,1,1437,0,0,2,1437,0,0,1435,0,0,2,0,gRNA_CDK9_targ_1374_2816
Reference,1.66240409,98.33759591,2457,2311,782,13,769,0,1,2,768,0,1,766,0,1,1,0,gRNA_CDK9_targ_1375_2817
HDR,0.0,100.0,2457,2311,1320,0,1320,0,0,0,1320,0,0,1320,0,0,0,0,gRNA_CDK9_targ_1375_2817
Reference,0.65097646,99.34902354,2457,2311,1997,13,1984,0,0,2,1982,0,2,1982,0,0,0,0,gRNA_CDK9_targ_1375_2818
HDR,0.0,100.0,2457,2311,103,0,103,0,1,0,102,1,0,102,0,0,0,0,gRNA_CDK9_targ_1375_2818
Reference,28.88888889,71.11111111,2457,2311,45,13,32,0,0,2,30,0,2,30,0,0,0,0,gRNA_CDK9_targ_1375_2819
HDR,1.45808019,98.54191981,2457,2311,1646,24,1622,0,0,0,1622,0,0,1622,0,0,0,0,gRNA_CDK9_targ_1375_2819
Reference,1.66240409,98.33759591,2457,2311,782,13,769,0,0,3,767,0,2,766,0,0,1,0,gRNA_CDK9_targ_1375_2820
HDR,28.15533981,71.84466019,2457,2311,103,29,74,0,0,0,74,0,0,74,0,0,0,0,gRNA_CDK9_targ_1375_2820
Reference,2.33393178,97.66606822,2457,2311,557,13,544,0,1,210,337,0,207,333,0,1,3,0,gRNA_CDK9_targ_1375_2821
HDR,60.83591331,39.16408669,2457,2311,1292,786,506,0,0,0,506,0,0,506,0,0,0,0,gRNA_CDK9_targ_1375_2821
Reference,3.04449649,96.95550351,2457,2311,427,13,414,0,0,3,412,0,2,411,0,0,1,0,gRNA_CDK9_targ_1375_2822
HDR,1.33333333,98.66666667,2457,2311,75,1,74,0,0,0,74,0,0,74,0,0,0,0,gRNA_CDK9_targ_1375_2822
Reference,1.31445905,98.68554095,2457,2311,989,13,976,0,1,210,769,0,207,765,0,1,3,0,gRNA_CDK9_targ_1375_2823
HDR,0.0805153,99.9194847,2457,2311,1242,1,1241,0,0,0,1241,0,0,1241,0,0,0,0,gRNA_CDK9_targ_1375_2823
Reference,0.24271845,99.75728155,1126,1126,412,1,411,0,0,0,411,0,0,411,0,0,0,0,gRNA_CDK9_targ_1376_2824
HDR,0.0,100.0,1126,1126,705,0,705,0,0,0,705,0,0,705,0,0,0,0,gRNA_CDK9_targ_1376_2824
Reference,25.0,75.0,1126,1126,4,1,3,0,0,0,3,0,0,3,0,0,0,0,gRNA_CDK9_targ_1376_2825
HDR,3.13620072,96.86379928,1126,1126,1116,35,1081,0,0,0,1081,0,0,1081,0,0,0,0,gRNA_CDK9_targ_1376_2825
Reference,33.33333333,66.66666667,1126,1126,3,1,2,0,0,0,2,0,0,2,0,0,0,0,gRNA_CDK9_targ_1376_2826
HDR,0.0,100.0,1126,1126,713,0,713,0,0,0,713,0,0,713,0,0,0,0,gRNA_CDK9_targ_1376_2826
Reference,25.7156048,74.2843952,2927,2657,2166,557,1609,0,26,1,1606,3,0,1582,0,23,1,0,gRNA_CDK9_targ_1377_2827
HDR,0.0,100.0,2927,2657,201,0,201,0,0,0,201,0,0,201,0,0,0,0,gRNA_CDK9_targ_1377_2827
Reference,30.73951435,69.26048565,2927,2657,1812,557,1255,0,25,0,1252,3,0,1230,0,22,0,0,gRNA_CDK9_targ_1377_2828
HDR,0.0,100.0,2927,2657,829,0,829,0,0,1,828,0,1,828,0,0,0,0,gRNA_CDK9_targ_1377_2828
Reference,95.21367521,4.78632479,2927,2657,585,557,28,0,4,0,27,1,0,24,0,3,0,0,gRNA_CDK9_targ_1377_2829
HDR,34.35225619,65.64774381,2927,2657,2061,708,1353,0,19,1,1352,0,1,1333,0,19,0,0,gRNA_CDK9_targ_1377_2829
Reference,34.17177914,65.82822086,2927,2657,1630,557,1073,0,26,0,1070,3,0,1047,0,23,0,0,gRNA_CDK9_targ_1377_2830
HDR,0.0,100.0,2927,2657,7,0,7,0,0,0,7,0,0,7,0,0,0,0,gRNA_CDK9_targ_1377_2830
Reference,93.77104377,6.22895623,2927,2657,594,557,37,0,7,0,34,3,0,30,0,4,0,0,gRNA_CDK9_targ_1377_2831
HDR,38.85480573,61.14519427,2927,2657,489,190,299,0,0,0,299,0,0,299,0,0,0,0,gRNA_CDK9_targ_1377_2831
Reference,93.77104377,6.22895623,2927,2657,594,557,37,0,6,0,34,3,0,31,0,3,0,0,gRNA_CDK9_targ_1377_2832
HDR,96.75090253,3.24909747,2927,2657,831,804,27,0,0,1,26,0,1,26,0,0,0,0,gRNA_CDK9_targ_1377_2832
Reference,41.5052161,58.4947839,2927,2657,1342,557,785,0,26,0,782,3,0,759,0,23,0,0,gRNA_CDK9_targ_1377_2833
HDR,0.19512195,99.80487805,2927,2657,1025,2,1023,0,0,0,1023,0,0,1023,0,0,0,0,gRNA_CDK9_targ_1377_2833
Reference,23.92065344,76.07934656,1312,1312,857,205,652,0,0,0,652,0,0,652,0,0,0,0,gRNA_CDK9_targ_1378_2834
HDR,0.0,100.0,1312,1312,453,0,453,0,0,0,453,0,0,453,0,0,0,0,gRNA_CDK9_targ_1378_2834
Reference,95.34883721,4.65116279,1312,1312,215,205,10,0,0,0,10,0,0,10,0,0,0,0,gRNA_CDK9_targ_1378_2835
HDR,75.56962025,24.43037975,1312,1312,790,597,193,0,0,0,193,0,0,193,0,0,0,0,gRNA_CDK9_targ_1378_2835
Reference,86.4978903,13.5021097,1312,1312,237,205,32,0,0,0,32,0,0,32,0,0,0,0,gRNA_CDK9_targ_1378_2836
HDR,1.75824176,98.24175824,1312,1312,455,8,447,0,0,0,447,0,0,447,0,0,0,0,gRNA_CDK9_targ_1378_2836
Reference,56.32867133,43.67132867,10437,10436,2860,1611,1249,0,64,0,1247,2,0,1185,0,62,0,0,gRNA_CDK9_targ_1379_2837
HDR,67.92714925,32.07285075,10437,10436,6479,4401,2078,0,11,3,2069,7,2,2064,0,4,1,0,gRNA_CDK9_targ_1379_2837
Reference,21.70281557,78.29718443,10437,10436,7423,1611,5812,0,26,0,5810,2,0,5786,0,24,0,0,gRNA_CDK9_targ_1379_2838
HDR,20.24771136,79.75228864,10437,10436,1857,376,1481,0,61,1,1481,0,0,1419,0,61,1,0,gRNA_CDK9_targ_1379_2838
Reference,45.25280899,54.74719101,10437,10436,3560,1611,1949,0,76,0,1947,2,0,1873,0,74,0,0,gRNA_CDK9_targ_1379_2839
HDR,71.36886102,28.63113898,10437,10436,1914,1366,548,0,0,3,545,0,3,545,0,0,0,0,gRNA_CDK9_targ_1379_2839
Reference,14.95619524,85.04380476,2050,2050,1598,239,1359,0,539,0,880,479,0,820,0,60,0,0,gRNA_CDK9_targ_1383_2840
HDR,80.08948546,19.91051454,2050,2050,447,358,89,0,0,0,89,0,0,89,0,0,0,0,gRNA_CDK9_targ_1383_2840
Reference,1.14213198,98.85786802,2001,2001,788,9,779,0,0,0,779,0,0,779,0,0,0,0,gRNA_CDK9_targ_1384_2841
HDR,5.37190083,94.62809917,2001,2001,1210,65,1145,0,0,0,1145,0,0,1145,0,0,0,0,gRNA_CDK9_targ_1384_2841
Reference,1.41065831,98.58934169,2001,2001,638,9,629,0,0,0,629,0,0,629,0,0,0,0,gRNA_CDK9_targ_1384_2842
HDR,0.0,100.0,2001,2001,1361,0,1361,0,0,0,1361,0,0,1361,0,0,0,0,gRNA_CDK9_targ_1384_2842
Reference,3.61445783,96.38554217,2001,2001,249,9,240,0,0,0,240,0,0,240,0,0,0,0,gRNA_CDK9_targ_1384_2843
HDR,0.97560976,99.02439024,2001,2001,820,8,812,0,0,0,812,0,0,812,0,0,0,0,gRNA_CDK9_targ_1384_2843
Reference,0.0,100.0,622,622,138,0,138,0,0,0,138,0,0,138,0,0,0,0,gRNA_CDK9_targ_1385_2844
HDR,0.0,100.0,622,622,399,0,399,0,0,0,399,0,0,399,0,0,0,0,gRNA_CDK9_targ_1385_2844
Reference,,,622,622,0,0,0,0,0,0,0,0,0,0,0,0,0,0,gRNA_CDK9_targ_1385_2845
HDR,4.27509294,95.72490706,622,622,538,23,515,0,0,0,515,0,0,515,0,0,0,0,gRNA_CDK9_targ_1385_2845
Reference,0.0,100.0,622,622,1,0,1,0,0,0,1,0,0,1,0,0,0,0,gRNA_CDK9_targ_1385_2846
HDR,20.69825436,79.30174564,622,622,401,83,318,0,0,0,318,0,0,318,0,0,0,0,gRNA_CDK9_targ_1385_2846
Reference,12.71367521,87.28632479,1210,1210,936,119,817,0,81,3,749,68,0,733,0,13,3,0,gRNA_CDK9_targ_1386_2847
HDR,0.0,100.0,1210,1210,242,0,242,0,0,0,242,0,0,242,0,0,0,0,gRNA_CDK9_targ_1386_2847
Reference,96.74796748,3.25203252,1210,1210,123,119,4,0,0,0,4,0,0,4,0,0,0,0,gRNA_CDK9_targ_1386_2848
HDR,62.56410256,37.43589744,1210,1210,780,488,292,0,1,3,288,1,3,288,0,0,0,0,gRNA_CDK9_targ_1386_2848
Reference,27.6744186,72.3255814,1210,1210,430,119,311,0,80,0,243,68,0,231,0,12,0,0,gRNA_CDK9_targ_1386_2849
HDR,86.13138686,13.86861314,1210,1210,274,236,38,0,0,0,38,0,0,38,0,0,0,0,gRNA_CDK9_targ_1386_2849
Reference,100.0,0.0,597,597,4,4,0,0,0,0,0,0,0,0,0,0,0,0,gRNA_CDK9_targ_1387_2850
HDR,90.5697446,9.4302554,597,597,509,461,48,0,0,0,48,0,0,48,0,0,0,0,gRNA_CDK9_targ_1387_2850
Reference,16.66666667,83.33333333,3518,3518,540,90,450,0,0,1,450,0,0,449,0,0,1,0,gRNA_CDK9_targ_1388_2851
HDR,25.86325967,74.13674033,3518,3518,2896,749,2147,0,0,2,2146,0,1,2145,0,0,1,0,gRNA_CDK9_targ_1388_2851
Reference,36.49068323,63.50931677,2421,2420,644,235,409,0,0,0,409,0,0,409,0,0,0,0,gRNA_CDK9_targ_1389_2852
HDR,18.04651163,81.95348837,2421,2420,1075,194,881,0,0,0,881,0,0,881,0,0,0,0,gRNA_CDK9_targ_1389_2852
Reference,53.53075171,46.46924829,2421,2420,439,235,204,0,0,0,204,0,0,204,0,0,0,0,gRNA_CDK9_targ_1389_2853
HDR,23.52941176,76.47058824,2421,2420,1615,380,1235,0,0,0,1235,0,0,1235,0,0,0,0,gRNA_CDK9_targ_1389_2853
Reference,91.796875,8.203125,2421,2420,256,235,21,0,0,0,21,0,0,21,0,0,0,0,gRNA_CDK9_targ_1389_2854
HDR,32.08860759,67.91139241,2421,2420,1580,507,1073,0,0,0,1073,0,0,1073,0,0,0,0,gRNA_CDK9_targ_1389_2854
Reference,23.78804961,76.21195039,1922,1922,887,211,676,0,0,0,676,0,0,676,0,0,0,0,gRNA_CDK9_targ_1390_2855
HDR,96.38671875,3.61328125,1922,1922,1024,987,37,0,0,0,37,0,0,37,0,0,0,0,gRNA_CDK9_targ_1390_2855
Reference,0.0,100.0,892,892,111,0,111,0,15,0,97,14,0,96,0,1,0,0,gRNA_CDK9_targ_1391_2856
HDR,97.63231198,2.36768802,892,892,718,701,17,0,0,0,17,0,0,17,0,0,0,0,gRNA_CDK9_targ_1391_2856
Reference,91.30434783,8.69565217,3541,3540,253,231,22,0,1,10,16,1,5,11,0,0,5,0,gRNA_CDK9_targ_1392_2857
HDR,45.36283762,54.63716238,3541,3540,3073,1394,1679,0,0,190,1678,0,1,1489,0,0,189,0,gRNA_CDK9_targ_1392_2857
Reference,43.87969925,56.12030075,3943,3930,3325,1459,1866,0,587,2,1537,328,1,1277,0,259,1,0,gRNA_CDK9_targ_1393_2858
HDR,0.33726813,99.66273187,3943,3930,593,2,591,0,1,1,590,1,0,589,0,0,1,0,gRNA_CDK9_targ_1393_2858
Reference,78.48305541,21.51694459,3943,3934,1859,1459,400,0,332,2,71,328,1,66,0,4,1,0,gRNA_CDK9_targ_1393_2859
HDR,63.37633202,36.62366798,3943,3934,1783,1130,653,0,6,1,648,5,0,646,0,1,1,0,gRNA_CDK9_targ_1393_2859
Reference,67.95528645,32.04471355,3943,3929,2147,1459,688,0,588,2,359,328,1,98,0,260,1,0,gRNA_CDK9_targ_1393_2860
HDR,19.15966387,80.84033613,3943,3929,595,114,481,0,0,1,481,0,0,480,0,0,1,0,gRNA_CDK9_targ_1393_2860
Reference,0.32751092,99.67248908,1332,1332,916,3,913,0,0,90,872,0,41,823,0,0,49,0,gRNA_CDK9_targ_1394_2861
HDR,0.0,100.0,1332,1332,412,0,412,0,0,0,412,0,0,412,0,0,0,0,gRNA_CDK9_targ_1394_2861
Reference,6.52173913,93.47826087,1332,1332,46,3,43,0,0,43,3,0,40,0,0,0,3,0,gRNA_CDK9_targ_1394_2862
HDR,0.0,100.0,1332,1332,1044,0,1044,0,0,47,1044,0,0,997,0,0,47,0,gRNA_CDK9_targ_1394_2862
Reference,0.3033367,99.6966633,1332,1332,989,3,986,0,0,43,946,0,40,943,0,0,3,0,gRNA_CDK9_targ_1394_2863
HDR,0.0,100.0,1332,1332,341,0,341,0,0,47,341,0,0,294,0,0,47,0,gRNA_CDK9_targ_1394_2863
Reference,1.06007067,98.93992933,1332,1332,283,3,280,0,0,44,239,0,41,236,0,0,3,0,gRNA_CDK9_targ_1394_2864
HDR,0.0,100.0,1332,1332,412,0,412,0,0,0,412,0,0,412,0,0,0,0,gRNA_CDK9_targ_1394_2864
Reference,0.51724138,99.48275862,1332,1332,580,3,577,0,0,44,536,0,41,533,0,0,3,0,gRNA_CDK9_targ_1394_2865
HDR,0.0,100.0,1332,1332,1,0,1,0,0,0,1,0,0,1,0,0,0,0,gRNA_CDK9_targ_1394_2865
Reference,1.04166667,98.95833333,1332,1332,288,3,285,0,0,44,244,0,41,241,0,0,3,0,gRNA_CDK9_targ_1394_2866
HDR,78.94736842,21.05263158,1332,1332,342,270,72,0,0,47,27,0,45,25,0,0,2,0,gRNA_CDK9_targ_1394_2866
Reference,0.51813472,99.48186528,1332,1332,579,3,576,0,0,44,535,0,41,532,0,0,3,0,gRNA_CDK9_targ_1394_2867
HDR,0.0,100.0,1332,1332,750,0,750,0,0,47,750,0,0,703,0,0,47,0,gRNA_CDK9_targ_1394_2867
Reference,25.88597843,74.11402157,1598,1598,649,168,481,0,52,1,446,35,0,428,0,17,1,0,gRNA_CDK9_targ_1395_2868
HDR,8.18278427,91.81721573,1598,1598,941,77,864,0,0,1,864,0,0,863,0,0,1,0,gRNA_CDK9_targ_1395_2868
Reference,49.55156951,50.44843049,2869,2865,892,442,450,0,118,31,318,101,31,301,0,17,0,0,gRNA_CDK9_targ_1397_2869
HDR,23.13333333,76.86666667,2869,2865,1500,347,1153,0,0,2,1153,0,0,1151,0,0,2,0,gRNA_CDK9_targ_1397_2869
Reference,24.29118774,75.70881226,1581,1581,1305,317,988,0,19,2,987,0,1,967,0,19,1,0,gRNA_CDK9_targ_1398_2870
HDR,57.03703704,42.96296296,1581,1581,270,154,116,0,1,0,115,1,0,115,0,0,0,0,gRNA_CDK9_targ_1398_2870
Reference,97.89842382,2.10157618,1025,1025,571,559,12,0,1,0,12,0,0,11,0,1,0,0,gRNA_CDK9_targ_1399_2871
HDR,98.56321839,1.43678161,1025,1025,348,343,5,0,0,0,5,0,0,5,0,0,0,0,gRNA_CDK9_targ_1399_2871
Reference,77.95786062,22.04213938,1267,1267,617,481,136,0,0,1,135,0,1,135,0,0,0,0,gRNA_CDK9_targ_1400_2872
HDR,98.75886525,1.24113475,1267,1267,564,557,7,0,0,0,7,0,0,7,0,0,0,0,gRNA_CDK9_targ_1400_2872
Reference,79.23497268,20.76502732,2446,2446,366,290,76,0,0,0,76,0,0,76,0,0,0,0,gRNA_CDK9_targ_1401_2873
HDR,73.0116649,26.9883351,2446,2446,1886,1377,509,0,0,0,509,0,0,509,0,0,0,0,gRNA_CDK9_targ_1401_2873
Reference,71.59863946,28.40136054,2876,2719,588,421,167,0,0,0,167,0,0,167,0,0,0,0,gRNA_CDK9_targ_1402_2874
HDR,22.69874477,77.30125523,2876,2719,1912,434,1478,0,141,0,1477,1,0,1337,0,140,0,0,gRNA_CDK9_targ_1402_2874
Reference,25.0,75.0,1138,1138,4,1,3,0,0,0,3,0,0,3,0,0,0,0,gRNA_CDK9_targ_1403_2875
HDR,56.18811881,43.81188119,1138,1138,808,454,354,0,0,0,354,0,0,354,0,0,0,0,gRNA_CDK9_targ_1403_2875
Reference,0.0,100.0,1243,1241,646,0,646,0,0,208,442,0,204,438,0,0,4,0,gRNA_CDK9_targ_1404_2876
HDR,26.09427609,73.90572391,1243,1241,594,155,439,0,0,0,439,0,0,439,0,0,0,0,gRNA_CDK9_targ_1404_2876
Reference,0.41493776,99.58506224,601,601,241,1,240,0,200,0,169,71,0,40,0,129,0,0,gRNA_CDK9_targ_1405_2877
HDR,0.0,100.0,601,601,357,0,357,0,0,0,357,0,0,357,0,0,0,0,gRNA_CDK9_targ_1405_2877
Reference,0.4950495,99.5049505,601,601,202,1,201,0,201,0,130,71,0,0,0,130,0,0,gRNA_CDK9_targ_1405_2878
HDR,0.0,100.0,601,601,385,0,385,0,0,0,385,0,0,385,0,0,0,0,gRNA_CDK9_targ_1405_2878
Reference,0.49261084,99.50738916,601,601,203,1,202,0,201,0,131,71,0,1,0,130,0,0,gRNA_CDK9_targ_1405_2879
HDR,46.9273743,53.0726257,601,601,358,168,190,0,0,0,190,0,0,190,0,0,0,0,gRNA_CDK9_targ_1405_2879
Reference,18.42105263,81.57894737,1800,1800,38,7,31,0,0,0,31,0,0,31,0,0,0,0,gRNA_CDK9_targ_1406_2880
HDR,3.63864492,96.36135508,1800,1800,1594,58,1536,0,1,1,1536,0,0,1534,0,1,1,0,gRNA_CDK9_targ_1406_2880
Reference,7.21649485,92.78350515,1800,1800,97,7,90,0,0,0,90,0,0,90,0,0,0,0,gRNA_CDK9_targ_1406_2881
HDR,0.0,100.0,1800,1800,1700,0,1700,0,1,1,1700,0,0,1698,0,1,1,0,gRNA_CDK9_targ_1406_2881
Reference,17.94871795,82.05128205,1800,1800,39,7,32,0,0,0,32,0,0,32,0,0,0,0,gRNA_CDK9_targ_1406_2882
HDR,59.95302408,40.04697592,1800,1800,1703,1021,682,0,1,1,681,1,0,680,0,0,1,0,gRNA_CDK9_targ_1406_2882
Reference,4.76190476,95.23809524,755,755,42,2,40,0,0,2,38,0,2,38,0,0,0,0,gRNA_CDK9_targ_1407_2883
HDR,0.0,100.0,755,755,683,0,683,0,24,1,683,0,0,658,0,24,1,0,gRNA_CDK9_targ_1407_2883
Reference,5.95001983,94.04998017,2640,2640,2521,150,2371,0,8,17,2371,0,0,2346,0,8,17,0,gRNA_CDK9_targ_1408_2884
HDR,0.0,100.0,2640,2640,117,0,117,0,0,0,117,0,0,117,0,0,0,0,gRNA_CDK9_targ_1408_2884
Reference,94.93670886,5.06329114,2640,2640,158,150,8,0,0,0,8,0,0,8,0,0,0,0,gRNA_CDK9_targ_1408_2885
HDR,0.0,100.0,2640,2640,2481,0,2481,0,8,17,2475,6,0,2456,0,2,17,0,gRNA_CDK9_targ_1408_2885
Reference,49.5049505,50.4950495,2640,2640,303,150,153,0,7,16,153,0,0,130,0,7,16,0,gRNA_CDK9_targ_1408_2886
HDR,0.0,100.0,2640,2640,2125,0,2125,0,0,1,2125,0,0,2124,0,0,1,0,gRNA_CDK9_targ_1408_2886
Reference,94.33962264,5.66037736,2640,2640,159,150,9,0,0,0,9,0,0,9,0,0,0,0,gRNA_CDK9_targ_1408_2887
HDR,0.0,100.0,2640,2640,118,0,118,0,0,0,118,0,0,118,0,0,0,0,gRNA_CDK9_targ_1408_2887
Reference,29.18287938,70.81712062,2640,2640,514,150,364,0,8,16,364,0,0,340,0,8,16,0,gRNA_CDK9_targ_1408_2888
HDR,0.0,100.0,2640,2640,117,0,117,0,0,0,117,0,0,117,0,0,0,0,gRNA_CDK9_targ_1408_2888
Reference,95.54140127,4.45859873,2640,2640,157,150,7,0,0,0,7,0,0,7,0,0,0,0,gRNA_CDK9_targ_1408_2889
HDR,60.78011144,39.21988856,2640,2640,2333,1418,915,0,1,1,914,1,0,913,0,0,1,0,gRNA_CDK9_targ_1408_2889
Reference,48.85993485,51.14006515,2640,2640,307,150,157,0,7,16,157,0,0,134,0,7,16,0,gRNA_CDK9_targ_1408_2890
HDR,5.32015066,94.67984934,2640,2640,2124,113,2011,0,0,1,2011,0,0,2010,0,0,1,0,gRNA_CDK9_targ_1408_2890
Reference,18.29446064,81.70553936,2219,2219,1372,251,1121,0,0,0,1121,0,0,1121,0,0,0,0,gRNA_CDK9_targ_1409_2891
HDR,29.64329643,70.35670357,2219,2219,813,241,572,0,0,0,572,0,0,572,0,0,0,0,gRNA_CDK9_targ_1409_2891
Reference,44.90161002,55.09838998,2219,2219,559,251,308,0,0,0,308,0,0,308,0,0,0,0,gRNA_CDK9_targ_1409_2892
HDR,41.34988363,58.65011637,2219,2219,1289,533,756,0,0,0,756,0,0,756,0,0,0,0,gRNA_CDK9_targ_1409_2892
Reference,38.03030303,61.96969697,2219,2219,660,251,409,0,0,0,409,0,0,409,0,0,0,0,gRNA_CDK9_targ_1409_2893
HDR,89.51175407,10.48824593,2219,2219,553,495,58,0,0,0,58,0,0,58,0,0,0,0,gRNA_CDK9_targ_1409_2893
Reference,83.33333333,16.66666667,112,112,6,5,1,0,1,0,0,1,0,0,0,0,0,0,gRNA_CDK9_targ_1410_2894
HDR,0.0,100.0,112,112,106,0,106,0,0,0,106,0,0,106,0,0,0,0,gRNA_CDK9_targ_1410_2894
Reference,83.33333333,16.66666667,112,112,6,5,1,0,1,0,0,1,0,0,0,0,0,0,gRNA_CDK9_targ_1410_2895
HDR,0.0,100.0,112,112,105,0,105,0,0,0,105,0,0,105,0,0,0,0,gRNA_CDK9_targ_1410_2895
Reference,71.42857143,28.57142857,112,112,7,5,2,0,1,0,1,1,0,1,0,0,0,0,gRNA_CDK9_targ_1410_2896
HDR,0.0,100.0,112,112,105,0,105,0,0,0,105,0,0,105,0,0,0,0,gRNA_CDK9_targ_1410_2896
Reference,83.33333333,16.66666667,112,112,6,5,1,0,1,0,0,1,0,0,0,0,0,0,gRNA_CDK9_targ_1410_2897
HDR,0.0,100.0,112,112,106,0,106,0,0,0,106,0,0,106,0,0,0,0,gRNA_CDK9_targ_1410_2897
Reference,83.33333333,16.66666667,112,112,6,5,1,0,1,0,0,1,0,0,0,0,0,0,gRNA_CDK9_targ_1410_2898
HDR,0.0,100.0,112,112,105,0,105,0,0,0,105,0,0,105,0,0,0,0,gRNA_CDK9_targ_1410_2898
Reference,71.42857143,28.57142857,112,112,7,5,2,0,1,0,1,1,0,1,0,0,0,0,gRNA_CDK9_targ_1410_2899
HDR,0.0,100.0,112,112,105,0,105,0,0,0,105,0,0,105,0,0,0,0,gRNA_CDK9_targ_1410_2899
Reference,83.33333333,16.66666667,112,112,6,5,1,0,1,0,0,1,0,0,0,0,0,0,gRNA_CDK9_targ_1410_2900
HDR,99.04761905,0.95238095,112,112,105,104,1,0,0,0,1,0,0,1,0,0,0,0,gRNA_CDK9_targ_1410_2900
Reference,100.0,0.0,5,5,3,3,0,0,0,0,0,0,0,0,0,0,0,0,gRNA_CDK9_targ_1411_2901
HDR,0.0,100.0,5,5,2,0,2,0,0,0,2,0,0,2,0,0,0,0,gRNA_CDK9_targ_1411_2901
Reference,75.0,25.0,5,5,4,3,1,0,0,0,1,0,0,1,0,0,0,0,gRNA_CDK9_targ_1411_2902
HDR,0.0,100.0,5,5,1,0,1,0,0,0,1,0,0,1,0,0,0,0,gRNA_CDK9_targ_1411_2902
Reference,100.0,0.0,5,5,3,3,0,0,0,0,0,0,0,0,0,0,0,0,gRNA_CDK9_targ_1411_2903
HDR,0.0,100.0,5,5,2,0,2,0,0,0,2,0,0,2,0,0,0,0,gRNA_CDK9_targ_1411_2903
Reference,75.0,25.0,5,5,4,3,1,0,0,0,1,0,0,1,0,0,0,0,gRNA_CDK9_targ_1411_2904
HDR,0.0,100.0,5,5,1,0,1,0,0,0,1,0,0,1,0,0,0,0,gRNA_CDK9_targ_1411_2904
Reference,100.0,0.0,5,5,3,3,0,0,0,0,0,0,0,0,0,0,0,0,gRNA_CDK9_targ_1411_2905
HDR,0.0,100.0,5,5,1,0,1,0,0,0,1,0,0,1,0,0,0,0,gRNA_CDK9_targ_1411_2905
Reference,100.0,0.0,5,5,3,3,0,0,0,0,0,0,0,0,0,0,0,0,gRNA_CDK9_targ_1411_2906
HDR,0.0,100.0,5,5,2,0,2,0,0,0,2,0,0,2,0,0,0,0,gRNA_CDK9_targ_1411_2906
Reference,100.0,0.0,5,5,3,3,0,0,0,0,0,0,0,0,0,0,0,0,gRNA_CDK9_targ_1411_2907
HDR,0.0,100.0,5,5,1,0,1,0,0,0,1,0,0,1,0,0,0,0,gRNA_CDK9_targ_1411_2907
Reference,100.0,0.0,5,5,3,3,0,0,0,0,0,0,0,0,0,0,0,0,gRNA_CDK9_targ_1411_2908
HDR,0.0,100.0,5,5,1,0,1,0,0,0,1,0,0,1,0,0,0,0,gRNA_CDK9_targ_1411_2908
Reference,100.0,0.0,5,5,3,3,0,0,0,0,0,0,0,0,0,0,0,0,gRNA_CDK9_targ_1411_2909
HDR,,,5,5,0,0,0,0,0,0,0,0,0,0,0,0,0,0,gRNA_CDK9_targ_1411_2909
Reference,100.0,0.0,5,5,3,3,0,0,0,0,0,0,0,0,0,0,0,0,gRNA_CDK9_targ_1411_2910
HDR,0.0,100.0,5,5,1,0,1,0,0,0,1,0,0,1,0,0,0,0,gRNA_CDK9_targ_1411_2910
Reference,100.0,0.0,5,5,3,3,0,0,0,0,0,0,0,0,0,0,0,0,gRNA_CDK9_targ_1411_2911
HDR,50.0,50.0,5,5,2,1,1,0,0,0,1,0,0,1,0,0,0,0,gRNA_CDK9_targ_1411_2911
Reference,100.0,0.0,5,5,3,3,0,0,0,0,0,0,0,0,0,0,0,0,gRNA_CDK9_targ_1411_2912
HDR,0.0,100.0,5,5,2,0,2,0,0,0,2,0,0,2,0,0,0,0,gRNA_CDK9_targ_1411_2912
Reference,100.0,0.0,5,5,3,3,0,0,0,0,0,0,0,0,0,0,0,0,gRNA_CDK9_targ_1411_2913
HDR,50.0,50.0,5,5,2,1,1,0,0,0,1,0,0,1,0,0,0,0,gRNA_CDK9_targ_1411_2913
Reference,100.0,0.0,5,5,3,3,0,0,0,0,0,0,0,0,0,0,0,0,gRNA_CDK9_targ_1411_2914
HDR,0.0,100.0,5,5,2,0,2,0,0,0,2,0,0,2,0,0,0,0,gRNA_CDK9_targ_1411_2914
Reference,100.0,0.0,5,5,3,3,0,0,0,0,0,0,0,0,0,0,0,0,gRNA_CDK9_targ_1411_2915
HDR,0.0,100.0,5,5,2,0,2,0,0,0,2,0,0,2,0,0,0,0,gRNA_CDK9_targ_1411_2915
Reference,36.70886076,63.29113924,561,558,474,174,300,0,0,0,300,0,0,300,0,0,0,0,gRNA_CDK9_targ_1412_2916
HDR,0.0,100.0,561,558,80,0,80,0,0,0,80,0,0,80,0,0,0,0,gRNA_CDK9_targ_1412_2916
Reference,98.86363636,1.13636364,561,558,176,174,2,0,0,0,2,0,0,2,0,0,0,0,gRNA_CDK9_targ_1412_2917
HDR,0.0,100.0,561,558,379,0,379,0,0,1,379,0,0,378,0,0,1,0,gRNA_CDK9_targ_1412_2917
Reference,98.30508475,1.69491525,561,558,177,174,3,0,0,0,3,0,0,3,0,0,0,0,gRNA_CDK9_targ_1412_2918
HDR,0.0,100.0,561,558,377,0,377,0,0,1,377,0,0,376,0,0,1,0,gRNA_CDK9_targ_1412_2918
Reference,96.66666667,3.33333333,561,558,180,174,6,0,0,0,6,0,0,6,0,0,0,0,gRNA_CDK9_targ_1412_2919
HDR,0.0,100.0,561,558,376,0,376,0,0,1,376,0,0,375,0,0,1,0,gRNA_CDK9_targ_1412_2919
Reference,98.30508475,1.69491525,561,558,177,174,3,0,0,0,3,0,0,3,0,0,0,0,gRNA_CDK9_targ_1412_2920
HDR,0.0,100.0,561,558,81,0,81,0,0,0,81,0,0,81,0,0,0,0,gRNA_CDK9_targ_1412_2920
Reference,96.66666667,3.33333333,561,558,180,174,6,0,0,2,4,0,2,4,0,0,0,0,gRNA_CDK9_targ_1412_2921
HDR,0.0,100.0,561,558,82,0,82,0,0,1,82,0,0,81,0,0,1,0,gRNA_CDK9_targ_1412_2921
Reference,95.6043956,4.3956044,561,558,182,174,8,0,0,2,6,0,2,6,0,0,0,0,gRNA_CDK9_targ_1412_2922
HDR,0.0,100.0,561,558,82,0,82,0,0,1,82,0,0,81,0,0,1,0,gRNA_CDK9_targ_1412_2922
Reference,98.86363636,1.13636364,561,558,176,174,2,0,0,0,2,0,0,2,0,0,0,0,gRNA_CDK9_targ_1412_2923
HDR,1.05540897,98.94459103,561,558,379,4,375,0,0,1,374,0,1,374,0,0,0,0,gRNA_CDK9_targ_1412_2923
Reference,97.75280899,2.24719101,561,558,178,174,4,0,0,2,2,0,2,2,0,0,0,0,gRNA_CDK9_targ_1412_2924
HDR,0.26595745,99.73404255,561,558,376,1,375,0,0,1,374,0,1,374,0,0,0,0,gRNA_CDK9_targ_1412_2924
Reference,98.86363636,1.13636364,561,558,176,174,2,0,0,0,2,0,0,2,0,0,0,0,gRNA_CDK9_targ_1412_2925
HDR,0.0,100.0,561,558,375,0,375,0,0,1,374,0,1,374,0,0,0,0,gRNA_CDK9_targ_1412_2925
Reference,97.20670391,2.79329609,561,558,179,174,5,0,0,2,3,0,2,3,0,0,0,0,gRNA_CDK9_targ_1412_2926
HDR,0.0,100.0,561,558,377,0,377,0,0,1,377,0,0,376,0,0,1,0,gRNA_CDK9_targ_1412_2926
Reference,95.6043956,4.3956044,561,558,182,174,8,0,0,2,6,0,2,6,0,0,0,0,gRNA_CDK9_targ_1412_2927
HDR,0.0,100.0,561,558,375,0,375,0,0,1,375,0,0,374,0,0,1,0,gRNA_CDK9_targ_1412_2927
Reference,95.08196721,4.91803279,561,558,183,174,9,0,0,2,7,0,2,7,0,0,0,0,gRNA_CDK9_targ_1412_2928
HDR,0.0,100.0,561,558,374,0,374,0,0,1,373,0,1,373,0,0,0,0,gRNA_CDK9_targ_1412_2928
Reference,97.75280899,2.24719101,561,558,178,174,4,0,0,2,2,0,2,2,0,0,0,0,gRNA_CDK9_targ_1412_2929
HDR,74.21052632,25.78947368,561,558,380,282,98,0,0,1,97,0,1,97,0,0,0,0,gRNA_CDK9_targ_1412_2929
Reference,97.75280899,2.24719101,561,558,178,174,4,0,0,2,2,0,2,2,0,0,0,0,gRNA_CDK9_targ_1412_2930
HDR,20.8,79.2,561,558,375,78,297,0,0,1,297,0,0,296,0,0,1,0,gRNA_CDK9_targ_1412_2930
Reference,37.98836243,62.01163757,1358,1358,1203,457,746,0,0,0,746,0,0,746,0,0,0,0,gRNA_CDK9_targ_1413_2931
HDR,1.36986301,98.63013699,1358,1358,73,1,72,0,0,0,72,0,0,72,0,0,0,0,gRNA_CDK9_targ_1413_2931
Reference,35.09984639,64.90015361,1358,1358,1302,457,845,0,0,0,845,0,0,845,0,0,0,0,gRNA_CDK9_targ_1413_2932
HDR,33.33333333,66.66666667,1358,1358,3,1,2,0,0,0,2,0,0,2,0,0,0,0,gRNA_CDK9_targ_1413_2932
Reference,37.03403566,62.96596434,1358,1358,1234,457,777,0,0,0,777,0,0,777,0,0,0,0,gRNA_CDK9_targ_1413_2933
HDR,0.0,100.0,1358,1358,2,0,2,0,0,0,2,0,0,2,0,0,0,0,gRNA_CDK9_targ_1413_2933
Reference,12.91120455,87.08879545,4888,4825,4043,522,3521,0,118,5,3520,0,1,3398,0,118,4,0,gRNA_CDK9_targ_1414_2934
HDR,38.26979472,61.73020528,4888,4825,682,261,421,0,1,3,418,0,3,417,0,1,0,0,gRNA_CDK9_targ_1414_2934
Reference,85.71428571,14.28571429,831,831,21,18,3,0,0,0,3,0,0,3,0,0,0,0,gRNA_CDK9_targ_1416_2935
HDR,4.7146402,95.2853598,831,831,806,38,768,0,1,1,767,0,1,766,0,1,0,0,gRNA_CDK9_targ_1416_2935
Reference,94.88054608,5.11945392,299,298,293,278,15,0,0,0,15,0,0,15,0,0,0,0,gRNA_CDK9_targ_1417_2936
HDR,20.0,80.0,299,298,5,1,4,0,0,0,4,0,0,4,0,0,0,0,gRNA_CDK9_targ_1417_2936
Reference,95.53264605,4.46735395,299,298,291,278,13,0,0,0,13,0,0,13,0,0,0,0,gRNA_CDK9_targ_1417_2937
HDR,50.0,50.0,299,298,6,3,3,0,0,0,3,0,0,3,0,0,0,0,gRNA_CDK9_targ_1417_2937
Reference,95.86206897,4.13793103,299,298,290,278,12,0,0,0,12,0,0,12,0,0,0,0,gRNA_CDK9_targ_1417_2938
HDR,75.0,25.0,299,298,4,3,1,0,0,0,1,0,0,1,0,0,0,0,gRNA_CDK9_targ_1417_2938
Reference,0.0,100.0,82,81,1,0,1,0,0,1,0,0,1,0,0,0,0,0,gRNA_CDK9_targ_1418_2939
HDR,77.02702703,22.97297297,82,81,74,57,17,0,0,0,17,0,0,17,0,0,0,0,gRNA_CDK9_targ_1418_2939
Reference,0.0,100.0,82,81,80,0,80,0,0,0,80,0,0,80,0,0,0,0,gRNA_CDK9_targ_1418_2940
HDR,,,82,81,0,0,0,0,0,0,0,0,0,0,0,0,0,0,gRNA_CDK9_targ_1418_2940
Reference,0.0,100.0,82,81,7,0,7,0,0,1,6,0,1,6,0,0,0,0,gRNA_CDK9_targ_1418_2941
HDR,,,82,81,0,0,0,0,0,0,0,0,0,0,0,0,0,0,gRNA_CDK9_targ_1418_2941
Reference,1.95121951,98.04878049,205,205,205,4,201,0,0,0,201,0,0,201,0,0,0,0,gRNA_CDK9_targ_1419_2942
HDR,,,205,205,0,0,0,0,0,0,0,0,0,0,0,0,0,0,gRNA_CDK9_targ_1419_2942
Reference,50.0,50.0,205,205,8,4,4,0,0,0,4,0,0,4,0,0,0,0,gRNA_CDK9_targ_1419_2943
HDR,0.0,100.0,205,205,197,0,197,0,0,0,197,0,0,197,0,0,0,0,gRNA_CDK9_targ_1419_2943
Reference,50.0,50.0,205,205,8,4,4,0,0,0,4,0,0,4,0,0,0,0,gRNA_CDK9_targ_1419_2944
HDR,,,205,205,0,0,0,0,0,0,0,0,0,0,0,0,0,0,gRNA_CDK9_targ_1419_2944
Reference,7.59493671,92.40506329,1218,1218,79,6,73,0,1,0,72,1,0,72,0,0,0,0,gRNA_CDK9_targ_1420_2945
HDR,21.14125351,78.85874649,1218,1218,1069,226,843,0,0,1,842,0,1,842,0,0,0,0,gRNA_CDK9_targ_1420_2945
Reference,1.80722892,98.19277108,1218,1218,332,6,326,0,0,0,326,0,0,326,0,0,0,0,gRNA_CDK9_targ_1420_2946
HDR,6.81044268,93.18955732,1218,1218,881,60,821,0,0,1,820,0,1,820,0,0,0,0,gRNA_CDK9_targ_1420_2946
Reference,7.14285714,92.85714286,1218,1218,84,6,78,0,1,0,77,1,0,77,0,0,0,0,gRNA_CDK9_targ_1420_2947
HDR,83.65853659,16.34146341,1218,1218,820,686,134,0,0,1,133,0,1,133,0,0,0,0,gRNA_CDK9_targ_1420_2947
Reference,33.46613546,66.53386454,3450,3450,502,168,334,0,0,158,334,0,0,176,0,0,158,0,gRNA_CDK9_targ_1421_2948
HDR,64.68682505,35.31317495,3450,3450,2778,1797,981,0,0,1,980,0,1,980,0,0,0,0,gRNA_CDK9_targ_1421_2948
Reference,0.11695906,99.88304094,3404,3404,2565,3,2562,0,202,2,2372,190,0,2358,0,12,2,0,gRNA_CDK9_targ_1422_2949
HDR,0.0,100.0,3404,3404,706,0,706,0,0,0,706,0,0,706,0,0,0,0,gRNA_CDK9_targ_1422_2949
Reference,100.0,0.0,3404,3404,3,3,0,0,0,0,0,0,0,0,0,0,0,0,gRNA_CDK9_targ_1422_2950
HDR,55.72454584,44.27545416,3404,3404,2367,1319,1048,0,2,1,1045,2,1,1045,0,0,0,0,gRNA_CDK9_targ_1422_2950
Reference,0.28985507,99.71014493,3404,3404,1035,3,1032,0,202,1,842,190,0,829,0,12,1,0,gRNA_CDK9_targ_1422_2951
HDR,63.99521531,36.00478469,3404,3404,836,535,301,0,0,0,301,0,0,301,0,0,0,0,gRNA_CDK9_targ_1422_2951
Reference,11.06690778,88.93309222,2912,2912,2765,306,2459,0,360,1,2170,289,0,2098,0,71,1,0,gRNA_CDK9_targ_1423_2952
HDR,0.0,100.0,2912,2912,143,0,143,0,0,0,143,0,0,143,0,0,0,0,gRNA_CDK9_targ_1423_2952
Reference,44.9339207,55.0660793,2912,2912,681,306,375,0,356,1,86,289,0,18,0,67,1,0,gRNA_CDK9_targ_1423_2953
HDR,21.16853933,78.83146067,2912,2912,2225,471,1754,0,0,0,1754,0,0,1754,0,0,0,0,gRNA_CDK9_targ_1423_2953
Reference,35.78947368,64.21052632,2912,2912,855,306,549,0,1,1,548,1,0,547,0,0,1,0,gRNA_CDK9_targ_1423_2954
HDR,0.23668639,99.76331361,2912,2912,1690,4,1686,0,3,0,1684,2,0,1683,0,1,0,0,gRNA_CDK9_targ_1423_2954
Reference,44.60641399,55.39358601,2912,2912,686,306,380,0,360,1,91,289,0,19,0,71,1,0,gRNA_CDK9_targ_1423_2955
HDR,39.31034483,60.68965517,2912,2912,145,57,88,0,0,0,88,0,0,88,0,0,0,0,gRNA_CDK9_targ_1423_2955
Reference,26.28865979,73.71134021,2912,2912,1164,306,858,0,357,1,569,289,0,500,0,68,1,0,gRNA_CDK9_targ_1423_2956
HDR,0.0,100.0,2912,2912,88,0,88,0,0,0,88,0,0,88,0,0,0,0,gRNA_CDK9_targ_1423_2956
Reference,94.73684211,5.26315789,2912,2912,323,306,17,0,2,1,15,2,0,14,0,0,1,0,gRNA_CDK9_targ_1423_2957
HDR,91.42011834,8.57988166,2912,2912,1690,1545,145,0,4,0,142,3,0,141,0,1,0,0,gRNA_CDK9_targ_1423_2957
Reference,26.33390706,73.66609294,2912,2912,1162,306,856,0,356,1,567,289,0,499,0,67,1,0,gRNA_CDK9_targ_1423_2958
HDR,4.65784934,95.34215066,2912,2912,1739,81,1658,0,0,0,1658,0,0,1658,0,0,0,0,gRNA_CDK9_targ_1423_2958
Reference,34.50099141,65.49900859,4586,4586,3026,1044,1982,0,0,0,1982,0,0,1982,0,0,0,0,gRNA_CDK9_targ_1424_2959
HDR,0.06451613,99.93548387,4586,4586,1550,1,1549,0,0,0,1549,0,0,1549,0,0,0,0,gRNA_CDK9_targ_1424_2959
Reference,23.87923147,76.12076853,4586,4586,4372,1044,3328,0,0,2,3327,0,1,3326,0,0,1,0,gRNA_CDK9_targ_1424_2960
HDR,10.47619048,89.52380952,4586,4586,210,22,188,0,0,1,188,0,0,187,0,0,1,0,gRNA_CDK9_targ_1424_2960
Reference,94.73684211,5.26315789,4586,4586,1102,1044,58,0,0,1,57,0,1,57,0,0,0,0,gRNA_CDK9_targ_1424_2961
HDR,44.95641345,55.04358655,4586,4586,3212,1444,1768,0,0,1,1768,0,0,1767,0,0,1,0,gRNA_CDK9_targ_1424_2961
Reference,35.41383989,64.58616011,4586,4586,2948,1044,1904,0,0,2,1903,0,1,1902,0,0,1,0,gRNA_CDK9_targ_1424_2962
HDR,0.0,100.0,4586,4586,126,0,126,0,0,1,126,0,0,125,0,0,1,0,gRNA_CDK9_targ_1424_2962
Reference,76.1487965,23.8512035,4586,4586,1371,1044,327,0,0,1,326,0,1,326,0,0,0,0,gRNA_CDK9_targ_1424_2963
HDR,72.06165703,27.93834297,4586,4586,1557,1122,435,0,0,1,435,0,0,434,0,0,1,0,gRNA_CDK9_targ_1424_2963
Reference,77.27609178,22.72390822,4586,4586,1351,1044,307,0,0,2,306,0,1,305,0,0,1,0,gRNA_CDK9_targ_1424_2964
HDR,32.46073298,67.53926702,4586,4586,191,62,129,0,0,1,128,0,1,128,0,0,0,0,gRNA_CDK9_targ_1424_2964
Reference,35.22267206,64.77732794,4586,4586,2964,1044,1920,0,0,2,1919,0,1,1918,0,0,1,0,gRNA_CDK9_targ_1424_2965
HDR,7.37755735,92.62244265,4586,4586,1613,119,1494,0,0,1,1493,0,1,1493,0,0,0,0,gRNA_CDK9_targ_1424_2965
Reference,44.12290104,55.87709896,3945,3945,2799,1235,1564,0,108,3,1564,0,0,1453,0,108,3,0,gRNA_CDK9_targ_1425_2966
HDR,45.82814446,54.17185554,3945,3945,803,368,435,0,0,0,435,0,0,435,0,0,0,0,gRNA_CDK9_targ_1425_2966
Reference,40.0,60.0,1924,1209,440,176,264,0,1,2,261,1,2,261,0,0,0,0,gRNA_CDK9_targ_1426_2967
HDR,26.04166667,73.95833333,1924,1209,768,200,568,0,0,0,568,0,0,568,0,0,0,0,gRNA_CDK9_targ_1426_2967
Reference,37.17693837,62.82306163,3472,3472,3018,1122,1896,0,130,2,1784,111,1,1764,0,19,1,0,gRNA_CDK9_targ_1427_2968
HDR,0.0,100.0,3472,3472,447,0,447,0,0,1,447,0,0,446,0,0,1,0,gRNA_CDK9_targ_1427_2968
Reference,73.38129496,26.61870504,3472,3472,1529,1122,407,0,0,0,407,0,0,407,0,0,0,0,gRNA_CDK9_targ_1427_2969
HDR,63.65159129,36.34840871,3472,3472,1791,1140,651,0,1,1,651,0,0,649,0,1,1,0,gRNA_CDK9_targ_1427_2969
Reference,66.74598453,33.25401547,3472,3472,1681,1122,559,0,129,2,447,111,1,428,0,18,1,0,gRNA_CDK9_targ_1427_2970
HDR,95.13274336,4.86725664,3472,3472,452,430,22,0,0,1,21,0,1,21,0,0,0,0,gRNA_CDK9_targ_1427_2970
Reference,82.78145695,17.21854305,3770,3770,302,250,52,0,0,0,52,0,0,52,0,0,0,0,gRNA_CDK9_targ_1428_2971
HDR,12.95321637,87.04678363,3770,3770,3420,443,2977,0,186,6,2974,0,3,2785,0,186,3,0,gRNA_CDK9_targ_1428_2971
Reference,32.42542153,67.57457847,3770,3770,771,250,521,0,0,0,521,0,0,521,0,0,0,0,gRNA_CDK9_targ_1428_2972
HDR,0.84260195,99.15739805,3770,3770,2967,25,2942,0,186,6,2939,0,3,2750,0,186,3,0,gRNA_CDK9_targ_1428_2972
Reference,77.16049383,22.83950617,3770,3770,324,250,74,0,0,0,74,0,0,74,0,0,0,0,gRNA_CDK9_targ_1428_2973
HDR,82.08854343,17.91145657,3770,3770,2959,2429,530,0,186,6,345,180,5,338,0,6,1,0,gRNA_CDK9_targ_1428_2973
Reference,95.65217391,4.34782609,1108,1108,115,110,5,0,0,2,4,0,1,3,0,0,1,0,gRNA_CDK9_targ_1429_2974
HDR,29.91573034,70.08426966,1108,1108,712,213,499,0,0,0,499,0,0,499,0,0,0,0,gRNA_CDK9_targ_1429_2974
Reference,0.74294205,99.25705795,1212,1212,673,5,668,0,0,0,668,0,0,668,0,0,0,0,gRNA_CDK9_targ_1430_2975
HDR,0.0,100.0,1212,1212,367,0,367,0,0,1,367,0,0,366,0,0,1,0,gRNA_CDK9_targ_1430_2975
Reference,1.90839695,98.09160305,1212,1212,262,5,257,0,0,0,257,0,0,257,0,0,0,0,gRNA_CDK9_targ_1430_2976
HDR,0.0,100.0,1212,1212,905,0,905,0,0,1,905,0,0,904,0,0,1,0,gRNA_CDK9_targ_1430_2976
Reference,100.0,0.0,1212,1212,5,5,0,0,0,0,0,0,0,0,0,0,0,0,gRNA_CDK9_targ_1430_2977
HDR,10.70539419,89.29460581,1212,1212,1205,129,1076,0,0,44,1033,0,43,1032,0,0,1,0,gRNA_CDK9_targ_1430_2977
Reference,1.63934426,98.36065574,1212,1212,305,5,300,0,0,43,300,0,0,257,0,0,43,0,gRNA_CDK9_targ_1430_2978
HDR,0.0,100.0,1212,1212,371,0,371,0,0,1,371,0,0,370,0,0,1,0,gRNA_CDK9_targ_1430_2978
Reference,71.42857143,28.57142857,1212,1212,7,5,2,0,0,0,2,0,0,2,0,0,0,0,gRNA_CDK9_targ_1430_2979
HDR,0.18552876,99.81447124,1212,1212,539,1,538,0,0,44,495,0,43,494,0,0,1,0,gRNA_CDK9_targ_1430_2979
Reference,71.42857143,28.57142857,1212,1212,7,5,2,0,0,0,2,0,0,2,0,0,0,0,gRNA_CDK9_targ_1430_2980
HDR,55.36842105,44.63157895,1212,1212,950,526,424,0,0,45,380,0,44,379,0,0,1,0,gRNA_CDK9_targ_1430_2980
Reference,3.5971223,96.4028777,1212,1212,139,5,134,0,0,0,134,0,0,134,0,0,0,0,gRNA_CDK9_targ_1430_2981
HDR,39.36052922,60.63947078,1212,1212,907,357,550,0,0,1,549,0,1,549,0,0,0,0,gRNA_CDK9_targ_1430_2981
Reference,72.909699,27.090301,2173,2172,1495,1090,405,0,186,2,224,179,2,217,0,7,0,0,gRNA_CDK9_targ_1431_2982
HDR,9.2495637,90.7504363,2173,2172,573,53,520,0,0,3,520,0,0,517,0,0,3,0,gRNA_CDK9_targ_1431_2982
Reference,76.54494382,23.45505618,2173,2172,1424,1090,334,0,186,2,153,179,2,146,0,7,0,0,gRNA_CDK9_targ_1431_2983
HDR,16.31016043,83.68983957,2173,2172,748,122,626,0,0,105,626,0,0,521,0,0,105,0,gRNA_CDK9_targ_1431_2983
Reference,72.56990679,27.43009321,2173,2172,1502,1090,412,0,186,1,232,179,1,225,0,7,0,0,gRNA_CDK9_targ_1431_2984
HDR,0.80128205,99.19871795,2173,2172,624,5,619,0,0,105,619,0,0,514,0,0,105,0,gRNA_CDK9_targ_1431_2984
Reference,79.5620438,20.4379562,2173,2172,1370,1090,280,0,186,2,99,179,2,92,0,7,0,0,gRNA_CDK9_targ_1431_2985
HDR,0.1610306,99.8389694,2173,2172,621,1,620,0,0,105,617,0,3,515,0,0,102,0,gRNA_CDK9_targ_1431_2985
Reference,73.05630027,26.94369973,2173,2172,1492,1090,402,0,186,2,221,179,2,214,0,7,0,0,gRNA_CDK9_targ_1431_2986
HDR,0.0,100.0,2173,2172,620,0,620,0,0,104,617,0,3,516,0,0,101,0,gRNA_CDK9_targ_1431_2986
Reference,76.81465821,23.18534179,2173,2172,1419,1090,329,0,186,2,148,179,2,141,0,7,0,0,gRNA_CDK9_targ_1431_2987
HDR,0.0,100.0,2173,2172,623,0,623,0,0,105,620,0,3,518,0,0,102,0,gRNA_CDK9_targ_1431_2987
Reference,70.41343669,29.58656331,2173,2172,1548,1090,458,0,186,2,277,179,2,270,0,7,0,0,gRNA_CDK9_targ_1431_2988
HDR,80.6763285,19.3236715,2173,2172,621,501,120,0,0,104,117,0,3,16,0,0,101,0,gRNA_CDK9_targ_1431_2988
Reference,97.09543568,2.90456432,246,246,241,234,7,0,0,0,7,0,0,7,0,0,0,0,gRNA_CDK9_targ_1432_2989
HDR,100.0,0.0,246,246,1,1,0,0,0,0,0,0,0,0,0,0,0,0,gRNA_CDK9_targ_1432_2989
Reference,100.0,0.0,73,73,4,4,0,0,0,0,0,0,0,0,0,0,0,0,gRNA_CDK9_targ_1433_2990
HDR,,,73,73,0,0,0,0,0,0,0,0,0,0,0,0,0,0,gRNA_CDK9_targ_1433_2990
Reference,95.15570934,4.84429066,1321,1321,578,550,28,0,0,0,28,0,0,28,0,0,0,0,gRNA_CDK9_targ_1434_2991
HDR,97.55395683,2.44604317,1321,1321,695,678,17,0,0,0,17,0,0,17,0,0,0,0,gRNA_CDK9_targ_1434_2991
Reference,96.96969697,3.03030303,1035,988,132,128,4,0,0,0,4,0,0,4,0,0,0,0,gRNA_CDK9_targ_1438_2992
HDR,80.42071197,19.57928803,1035,988,618,497,121,0,0,1,120,0,1,120,0,0,0,0,gRNA_CDK9_targ_1438_2992
Reference,90.0,10.0,737,737,40,36,4,0,0,0,4,0,0,4,0,0,0,0,gRNA_CDK9_targ_1439_2993
HDR,97.64243615,2.35756385,737,737,509,497,12,0,0,1,11,0,1,11,0,0,0,0,gRNA_CDK9_targ_1439_2993
Reference,94.11764706,5.88235294,693,693,17,16,1,0,1,0,1,0,0,0,0,1,0,0,gRNA_CDK9_targ_1440_2994
HDR,96.49122807,3.50877193,693,693,570,550,20,0,0,1,19,0,1,19,0,0,0,0,gRNA_CDK9_targ_1440_2994
Reference,40.16806723,59.83193277,674,673,595,239,356,0,0,1,355,0,1,355,0,0,0,0,gRNA_CDK9_targ_1441_2995
HDR,0.0,100.0,674,673,78,0,78,0,0,0,78,0,0,78,0,0,0,0,gRNA_CDK9_targ_1441_2995
Reference,54.69107551,45.30892449,674,673,437,239,198,0,0,1,197,0,1,197,0,0,0,0,gRNA_CDK9_targ_1441_2996
HDR,0.86206897,99.13793103,674,673,232,2,230,0,0,0,230,0,0,230,0,0,0,0,gRNA_CDK9_targ_1441_2996
Reference,73.7654321,26.2345679,674,673,324,239,85,0,0,1,84,0,1,84,0,0,0,0,gRNA_CDK9_targ_1441_2997
HDR,6.62824207,93.37175793,674,673,347,23,324,0,0,0,324,0,0,324,0,0,0,0,gRNA_CDK9_targ_1441_2997
Reference,65.84022039,34.15977961,674,673,363,239,124,0,0,1,123,0,1,123,0,0,0,0,gRNA_CDK9_targ_1441_2998
HDR,0.0,100.0,674,673,3,0,3,0,0,0,3,0,0,3,0,0,0,0,gRNA_CDK9_targ_1441_2998
Reference,96.37096774,3.62903226,674,673,248,239,9,0,0,1,8,0,1,8,0,0,0,0,gRNA_CDK9_targ_1441_2999
HDR,,,674,673,0,0,0,0,0,0,0,0,0,0,0,0,0,0,gRNA_CDK9_targ_1441_2999
Reference,74.22360248,25.77639752,674,673,322,239,83,0,0,1,82,0,1,82,0,0,0,0,gRNA_CDK9_targ_1441_3000
HDR,98.68995633,1.31004367,674,673,229,226,3,0,0,0,3,0,0,3,0,0,0,0,gRNA_CDK9_targ_1441_3000
Reference,54.19501134,45.80498866,674,673,441,239,202,0,0,1,201,0,1,201,0,0,0,0,gRNA_CDK9_targ_1441_3001
HDR,0.0,100.0,674,673,228,0,228,0,0,0,228,0,0,228,0,0,0,0,gRNA_CDK9_targ_1441_3001
Reference,95.27027027,4.72972973,355,355,148,141,7,0,0,0,7,0,0,7,0,0,0,0,gRNA_CDK9_targ_1442_3002
HDR,0.0,100.0,355,355,207,0,207,0,0,1,206,0,1,206,0,0,0,0,gRNA_CDK9_targ_1442_3002
Reference,40.05681818,59.94318182,355,355,352,141,211,0,0,0,211,0,0,211,0,0,0,0,gRNA_CDK9_targ_1442_3003
HDR,,,355,355,0,0,0,0,0,0,0,0,0,0,0,0,0,0,gRNA_CDK9_targ_1442_3003
Reference,95.27027027,4.72972973,355,355,148,141,7,0,0,0,7,0,0,7,0,0,0,0,gRNA_CDK9_targ_1442_3004
HDR,0.0,100.0,355,355,207,0,207,0,0,1,206,0,1,206,0,0,0,0,gRNA_CDK9_targ_1442_3004
Reference,94.63087248,5.36912752,355,355,149,141,8,0,0,1,8,0,0,7,0,0,1,0,gRNA_CDK9_targ_1442_3005
HDR,0.0,100.0,355,355,206,0,206,0,0,0,206,0,0,206,0,0,0,0,gRNA_CDK9_targ_1442_3005
Reference,95.27027027,4.72972973,355,355,148,141,7,0,0,0,7,0,0,7,0,0,0,0,gRNA_CDK9_targ_1442_3006
HDR,0.0,100.0,355,355,2,0,2,0,0,1,1,0,1,1,0,0,0,0,gRNA_CDK9_targ_1442_3006
Reference,95.27027027,4.72972973,355,355,148,141,7,0,0,0,7,0,0,7,0,0,0,0,gRNA_CDK9_targ_1442_3007
HDR,0.0,100.0,355,355,207,0,207,0,0,1,206,0,1,206,0,0,0,0,gRNA_CDK9_targ_1442_3007
Reference,95.27027027,4.72972973,355,355,148,141,7,0,0,0,7,0,0,7,0,0,0,0,gRNA_CDK9_targ_1442_3008
HDR,0.0,100.0,355,355,206,0,206,0,0,0,206,0,0,206,0,0,0,0,gRNA_CDK9_targ_1442_3008
Reference,95.27027027,4.72972973,355,355,148,141,7,0,0,0,7,0,0,7,0,0,0,0,gRNA_CDK9_targ_1442_3009
HDR,0.0,100.0,355,355,2,0,2,0,0,1,1,0,1,1,0,0,0,0,gRNA_CDK9_targ_1442_3009
Reference,94.63087248,5.36912752,355,355,149,141,8,0,0,1,8,0,0,7,0,0,1,0,gRNA_CDK9_targ_1442_3010
HDR,0.0,100.0,355,355,1,0,1,0,0,0,1,0,0,1,0,0,0,0,gRNA_CDK9_targ_1442_3010
Reference,95.27027027,4.72972973,355,355,148,141,7,0,0,0,7,0,0,7,0,0,0,0,gRNA_CDK9_targ_1442_3011
HDR,0.0,100.0,355,355,206,0,206,0,0,0,206,0,0,206,0,0,0,0,gRNA_CDK9_targ_1442_3011
Reference,95.27027027,4.72972973,355,355,148,141,7,0,0,0,7,0,0,7,0,0,0,0,gRNA_CDK9_targ_1442_3012
HDR,0.0,100.0,355,355,207,0,207,0,0,1,206,0,1,206,0,0,0,0,gRNA_CDK9_targ_1442_3012
Reference,95.27027027,4.72972973,355,355,148,141,7,0,0,0,7,0,0,7,0,0,0,0,gRNA_CDK9_targ_1442_3013
HDR,0.0,100.0,355,355,206,0,206,0,0,0,206,0,0,206,0,0,0,0,gRNA_CDK9_targ_1442_3013
Reference,95.27027027,4.72972973,355,355,148,141,7,0,0,0,7,0,0,7,0,0,0,0,gRNA_CDK9_targ_1442_3014
HDR,99.02912621,0.97087379,355,355,206,204,2,0,0,0,2,0,0,2,0,0,0,0,gRNA_CDK9_targ_1442_3014
Reference,95.27027027,4.72972973,355,355,148,141,7,0,0,0,7,0,0,7,0,0,0,0,gRNA_CDK9_targ_1442_3015
HDR,0.0,100.0,355,355,206,0,206,0,0,0,206,0,0,206,0,0,0,0,gRNA_CDK9_targ_1442_3015
Reference,95.27027027,4.72972973,355,355,148,141,7,0,0,0,7,0,0,7,0,0,0,0,gRNA_CDK9_targ_1442_3016
HDR,0.0,100.0,355,355,206,0,206,0,0,0,206,0,0,206,0,0,0,0,gRNA_CDK9_targ_1442_3016
Reference,69.61325967,30.38674033,598,598,362,252,110,0,0,0,110,0,0,110,0,0,0,0,gRNA_CDK9_targ_1443_3017
HDR,0.0,100.0,598,598,235,0,235,0,0,0,235,0,0,235,0,0,0,0,gRNA_CDK9_targ_1443_3017
Reference,95.81749049,4.18250951,598,598,263,252,11,0,0,0,11,0,0,11,0,0,0,0,gRNA_CDK9_targ_1443_3018
HDR,40.26548673,59.73451327,598,598,226,91,135,0,0,0,135,0,0,135,0,0,0,0,gRNA_CDK9_targ_1443_3018
Reference,62.22222222,37.77777778,598,598,405,252,153,0,0,0,153,0,0,153,0,0,0,0,gRNA_CDK9_targ_1443_3019
HDR,0.0,100.0,598,598,192,0,192,0,0,0,192,0,0,192,0,0,0,0,gRNA_CDK9_targ_1443_3019
Reference,56.25,43.75,598,598,448,252,196,0,0,0,196,0,0,196,0,0,0,0,gRNA_CDK9_targ_1443_3020
HDR,0.0,100.0,598,598,148,0,148,0,0,0,148,0,0,148,0,0,0,0,gRNA_CDK9_targ_1443_3020
Reference,95.09433962,4.90566038,598,598,265,252,13,0,0,0,13,0,0,13,0,0,0,0,gRNA_CDK9_targ_1443_3021
HDR,20.0,80.0,598,598,235,47,188,0,0,0,188,0,0,188,0,0,0,0,gRNA_CDK9_targ_1443_3021
Reference,70.19498607,29.80501393,598,598,359,252,107,0,0,0,107,0,0,107,0,0,0,0,gRNA_CDK9_targ_1443_3022
HDR,0.0,100.0,598,598,188,0,188,0,0,0,188,0,0,188,0,0,0,0,gRNA_CDK9_targ_1443_3022
Reference,69.61325967,30.38674033,598,598,362,252,110,0,0,0,110,0,0,110,0,0,0,0,gRNA_CDK9_targ_1443_3023
HDR,0.0,100.0,598,598,148,0,148,0,0,0,148,0,0,148,0,0,0,0,gRNA_CDK9_targ_1443_3023
Reference,95.09433962,4.90566038,598,598,265,252,13,0,0,0,13,0,0,13,0,0,0,0,gRNA_CDK9_targ_1443_3024
HDR,2.08333333,97.91666667,598,598,192,4,188,0,0,0,188,0,0,188,0,0,0,0,gRNA_CDK9_targ_1443_3024
Reference,95.09433962,4.90566038,598,598,265,252,13,0,0,0,13,0,0,13,0,0,0,0,gRNA_CDK9_targ_1443_3025
HDR,0.67114094,99.32885906,598,598,149,1,148,0,0,0,148,0,0,148,0,0,0,0,gRNA_CDK9_targ_1443_3025
Reference,62.22222222,37.77777778,598,598,405,252,153,0,0,0,153,0,0,153,0,0,0,0,gRNA_CDK9_targ_1443_3026
HDR,0.0,100.0,598,598,148,0,148,0,0,0,148,0,0,148,0,0,0,0,gRNA_CDK9_targ_1443_3026
Reference,70.19498607,29.80501393,598,598,359,252,107,0,0,0,107,0,0,107,0,0,0,0,gRNA_CDK9_targ_1443_3027
HDR,15.89958159,84.10041841,598,598,239,38,201,0,0,0,201,0,0,201,0,0,0,0,gRNA_CDK9_targ_1443_3027
Reference,69.61325967,30.38674033,598,598,362,252,110,0,0,0,110,0,0,110,0,0,0,0,gRNA_CDK9_targ_1443_3028
HDR,0.0,100.0,598,598,236,0,236,0,0,0,236,0,0,236,0,0,0,0,gRNA_CDK9_targ_1443_3028
Reference,61.46341463,38.53658537,598,598,410,252,158,0,0,0,158,0,0,158,0,0,0,0,gRNA_CDK9_targ_1443_3029
HDR,0.0,100.0,598,598,188,0,188,0,0,0,188,0,0,188,0,0,0,0,gRNA_CDK9_targ_1443_3029
Reference,62.22222222,37.77777778,598,598,405,252,153,0,0,0,153,0,0,153,0,0,0,0,gRNA_CDK9_targ_1443_3030
HDR,0.0,100.0,598,598,193,0,193,0,0,0,193,0,0,193,0,0,0,0,gRNA_CDK9_targ_1443_3030
Reference,70.39106145,29.60893855,598,598,358,252,106,0,0,0,106,0,0,106,0,0,0,0,gRNA_CDK9_targ_1443_3031
HDR,20.74468085,79.25531915,598,598,188,39,149,0,0,0,149,0,0,149,0,0,0,0,gRNA_CDK9_targ_1443_3031
Reference,100.0,0.0,663,663,3,3,0,0,0,0,0,0,0,0,0,0,0,0,gRNA_CDK9_targ_1445_3032
HDR,39.39393939,60.60606061,663,663,660,260,400,0,0,0,400,0,0,400,0,0,0,0,gRNA_CDK9_targ_1445_3032
Reference,96.37096774,3.62903226,869,869,248,239,9,0,0,0,9,0,0,9,0,0,0,0,gRNA_CDK9_targ_1446_3033
HDR,40.625,59.375,869,869,416,169,247,0,0,0,247,0,0,247,0,0,0,0,gRNA_CDK9_targ_1446_3033
Reference,96.95767196,3.04232804,765,765,756,733,23,0,0,0,23,0,0,23,0,0,0,0,gRNA_CDK9_targ_1450_3034
HDR,100.0,0.0,765,765,8,8,0,0,0,0,0,0,0,0,0,0,0,0,gRNA_CDK9_targ_1450_3034
Reference,36.85368537,63.14631463,1659,1659,909,335,574,0,0,0,574,0,0,574,0,0,0,0,gRNA_CDK9_targ_1451_3035
HDR,7.80346821,92.19653179,1659,1659,692,54,638,0,0,0,638,0,0,638,0,0,0,0,gRNA_CDK9_targ_1451_3035
Reference,72.98474946,27.01525054,1659,1659,459,335,124,0,0,0,124,0,0,124,0,0,0,0,gRNA_CDK9_targ_1451_3036
HDR,37.17073171,62.82926829,1659,1659,1025,381,644,0,0,0,644,0,0,644,0,0,0,0,gRNA_CDK9_targ_1451_3036
Reference,57.75862069,42.24137931,1659,1659,580,335,245,0,0,0,245,0,0,245,0,0,0,0,gRNA_CDK9_targ_1451_3037
HDR,97.49216301,2.50783699,1659,1659,638,622,16,0,0,0,16,0,0,16,0,0,0,0,gRNA_CDK9_targ_1451_3037
Reference,81.43656716,18.56343284,1318,1318,1072,873,199,0,0,2,197,0,2,197,0,0,0,0,gRNA_CDK9_targ_1452_3038
HDR,0.0,100.0,1318,1318,242,0,242,0,0,0,242,0,0,242,0,0,0,0,gRNA_CDK9_targ_1452_3038
Reference,96.35761589,3.64238411,1318,1318,906,873,33,0,0,2,31,0,2,31,0,0,0,0,gRNA_CDK9_targ_1452_3039
HDR,39.6593674,60.3406326,1318,1318,411,163,248,0,0,0,248,0,0,248,0,0,0,0,gRNA_CDK9_targ_1452_3039
Reference,96.25137817,3.74862183,1318,1318,907,873,34,0,0,2,32,0,2,32,0,0,0,0,gRNA_CDK9_targ_1452_3040
HDR,98.7654321,1.2345679,1318,1318,243,240,3,0,0,0,3,0,0,3,0,0,0,0,gRNA_CDK9_targ_1452_3040
Reference,86.91674291,13.08325709,2455,2453,2186,1900,286,0,0,0,286,0,0,286,0,0,0,0,gRNA_CDK9_targ_1453_3041
HDR,0.0,100.0,2455,2453,264,0,264,0,0,0,264,0,0,264,0,0,0,0,gRNA_CDK9_targ_1453_3041
Reference,97.63617677,2.36382323,2455,2453,1946,1900,46,0,0,0,46,0,0,46,0,0,0,0,gRNA_CDK9_targ_1453_3042
HDR,45.21912351,54.78087649,2455,2453,502,227,275,0,0,0,275,0,0,275,0,0,0,0,gRNA_CDK9_targ_1453_3042
Reference,77.74140753,22.25859247,2455,2453,2444,1900,544,0,0,0,544,0,0,544,0,0,0,0,gRNA_CDK9_targ_1453_3043
HDR,0.0,100.0,2455,2453,1,0,1,0,0,0,1,0,0,1,0,0,0,0,gRNA_CDK9_targ_1453_3043
Reference,97.38595592,2.61404408,2455,2453,1951,1900,51,0,0,0,51,0,0,51,0,0,0,0,gRNA_CDK9_targ_1453_3044
HDR,95.47169811,4.52830189,2455,2453,265,253,12,0,0,0,12,0,0,12,0,0,0,0,gRNA_CDK9_targ_1453_3044
Reference,86.79762449,13.20237551,2455,2453,2189,1900,289,0,0,0,289,0,0,289,0,0,0,0,gRNA_CDK9_targ_1453_3045
HDR,0.0,100.0,2455,2453,2,0,2,0,0,0,2,0,0,2,0,0,0,0,gRNA_CDK9_targ_1453_3045
Reference,97.38595592,2.61404408,2455,2453,1951,1900,51,0,0,0,51,0,0,51,0,0,0,0,gRNA_CDK9_targ_1453_3046
HDR,0.0,100.0,2455,2453,4,0,4,0,0,0,4,0,0,4,0,0,0,0,gRNA_CDK9_targ_1453_3046
Reference,86.91674291,13.08325709,2455,2453,2186,1900,286,0,0,0,286,0,0,286,0,0,0,0,gRNA_CDK9_targ_1453_3047
HDR,0.0,100.0,2455,2453,264,0,264,0,0,0,264,0,0,264,0,0,0,0,gRNA_CDK9_targ_1453_3047
Reference,46.4673913,53.5326087,887,886,368,171,197,0,179,13,41,143,13,5,0,36,0,0,gRNA_CDK9_targ_1455_3048
HDR,11.06870229,88.93129771,887,886,262,29,233,0,1,1,233,0,0,232,0,0,0,1,gRNA_CDK9_targ_1455_3048
Reference,97.88199697,2.11800303,771,771,661,647,14,0,0,0,14,0,0,14,0,0,0,0,gRNA_CDK9_targ_1456_3049
HDR,97.24770642,2.75229358,771,771,109,106,3,0,0,0,3,0,0,3,0,0,0,0,gRNA_CDK9_targ_1456_3049
Reference,71.47887324,28.52112676,1734,1734,284,203,81,0,0,67,14,0,67,14,0,0,0,0,gRNA_CDK9_targ_1457_3050
HDR,45.16574586,54.83425414,1734,1734,1448,654,794,0,0,0,794,0,0,794,0,0,0,0,gRNA_CDK9_targ_1457_3050
Reference,12.47695144,87.52304856,1734,1734,1627,203,1424,0,0,67,1357,0,67,1357,0,0,0,0,gRNA_CDK9_targ_1457_3051
HDR,0.0,100.0,1734,1734,7,0,7,0,0,0,7,0,0,7,0,0,0,0,gRNA_CDK9_targ_1457_3051
Reference,70.97902098,29.02097902,1734,1734,286,203,83,0,0,67,16,0,67,16,0,0,0,0,gRNA_CDK9_targ_1457_3052
HDR,0.94339623,99.05660377,1734,1734,106,1,105,0,0,0,105,0,0,105,0,0,0,0,gRNA_CDK9_targ_1457_3052
Reference,96.4028777,3.5971223,797,797,139,134,5,0,0,0,5,0,0,5,0,0,0,0,gRNA_CDK9_targ_1458_3053
HDR,88.0,12.0,797,797,600,528,72,0,0,0,72,0,0,72,0,0,0,0,gRNA_CDK9_targ_1458_3053
Reference,92.85714286,7.14285714,2066,2066,84,78,6,0,0,0,6,0,0,6,0,0,0,0,gRNA_CDK9_targ_1463_3054
HDR,97.03476483,2.96523517,2066,2066,1956,1898,58,0,0,0,58,0,0,58,0,0,0,0,gRNA_CDK9_targ_1463_3054
Reference,43.12471448,56.87528552,2640,2639,2189,944,1245,0,0,3,1244,0,1,1242,0,0,2,0,gRNA_CDK9_targ_1464_3055
HDR,0.0,100.0,2640,2639,444,0,444,0,0,0,444,0,0,444,0,0,0,0,gRNA_CDK9_targ_1464_3055
Reference,96.52351738,3.47648262,2640,2639,978,944,34,0,0,1,33,0,1,33,0,0,0,0,gRNA_CDK9_targ_1464_3056
HDR,70.70524412,29.29475588,2640,2639,1659,1173,486,0,0,2,485,0,1,484,0,0,1,0,gRNA_CDK9_targ_1464_3056
Reference,96.32653061,3.67346939,2640,2639,980,944,36,0,0,1,35,0,1,35,0,0,0,0,gRNA_CDK9_targ_1464_3057
HDR,96.875,3.125,2640,2639,448,434,14,0,0,0,14,0,0,14,0,0,0,0,gRNA_CDK9_targ_1464_3057
Reference,2.39520958,97.60479042,650,637,167,4,163,0,0,0,163,0,0,163,0,0,0,0,gRNA_CDK9_targ_1465_3058
HDR,22.3880597,77.6119403,650,637,469,105,364,0,1,152,219,0,145,211,0,1,7,0,gRNA_CDK9_targ_1465_3058
Reference,0.0,100.0,1642,1642,232,0,232,0,2,2,231,0,1,228,0,2,1,0,gRNA_CDK9_targ_1466_3059
HDR,15.74427481,84.25572519,1642,1642,1048,165,883,0,0,0,883,0,0,883,0,0,0,0,gRNA_CDK9_targ_1466_3059
Reference,0.0,100.0,1642,1642,1177,0,1177,0,2,3,1176,0,1,1172,0,2,2,0,gRNA_CDK9_targ_1466_3060
HDR,0.0,100.0,1642,1642,295,0,295,0,0,0,295,0,0,295,0,0,0,0,gRNA_CDK9_targ_1466_3060
Reference,0.0,100.0,1642,1642,423,0,423,0,2,3,422,0,1,418,0,2,2,0,gRNA_CDK9_targ_1466_3061
HDR,70.06802721,29.93197279,1642,1642,294,206,88,0,0,0,88,0,0,88,0,0,0,0,gRNA_CDK9_targ_1466_3061
Reference,4.63157895,95.36842105,1251,1251,475,22,453,0,0,0,453,0,0,453,0,0,0,0,gRNA_CDK9_targ_1467_3062
HDR,0.21276596,99.78723404,1251,1251,470,1,469,0,0,0,469,0,0,469,0,0,0,0,gRNA_CDK9_targ_1467_3062
Reference,6.64652568,93.35347432,1251,1251,331,22,309,0,0,0,309,0,0,309,0,0,0,0,gRNA_CDK9_targ_1467_3063
HDR,33.40707965,66.59292035,1251,1251,904,302,602,0,0,0,602,0,0,602,0,0,0,0,gRNA_CDK9_targ_1467_3063
Reference,6.43274854,93.56725146,1251,1251,342,22,320,0,0,0,320,0,0,320,0,0,0,0,gRNA_CDK9_targ_1467_3064
HDR,74.73233405,25.26766595,1251,1251,467,349,118,0,0,0,118,0,0,118,0,0,0,0,gRNA_CDK9_targ_1467_3064
Reference,0.17714792,99.82285208,1454,1392,1129,2,1127,0,0,3,1127,0,0,1124,0,0,3,0,gRNA_CDK9_targ_1468_3065
HDR,0.0,100.0,1454,1392,259,0,259,0,0,0,259,0,0,259,0,0,0,0,gRNA_CDK9_targ_1468_3065
Reference,100.0,0.0,1454,1392,2,2,0,0,0,0,0,0,0,0,0,0,0,0,gRNA_CDK9_targ_1468_3066
HDR,0.0,100.0,1454,1392,1388,0,1388,0,0,3,1388,0,0,1385,0,0,3,0,gRNA_CDK9_targ_1468_3066
Reference,66.66666667,33.33333333,1454,1392,3,2,1,0,0,0,1,0,0,1,0,0,0,0,gRNA_CDK9_targ_1468_3067
HDR,0.0,100.0,1454,1392,1185,0,1185,0,0,3,1185,0,0,1182,0,0,3,0,gRNA_CDK9_targ_1468_3067
Reference,50.0,50.0,1454,1392,4,2,2,0,0,0,2,0,0,2,0,0,0,0,gRNA_CDK9_targ_1468_3068
HDR,0.0,100.0,1454,1392,263,0,263,0,0,0,263,0,0,263,0,0,0,0,gRNA_CDK9_targ_1468_3068
Reference,0.96618357,99.03381643,1454,1392,207,2,205,0,0,0,205,0,0,205,0,0,0,0,gRNA_CDK9_targ_1468_3069
HDR,0.0,100.0,1454,1392,263,0,263,0,0,0,263,0,0,263,0,0,0,0,gRNA_CDK9_targ_1468_3069
Reference,66.66666667,33.33333333,1454,1392,3,2,1,0,0,0,1,0,0,1,0,0,0,0,gRNA_CDK9_targ_1468_3070
HDR,44.99640029,55.00359971,1454,1392,1389,625,764,0,0,3,764,0,0,761,0,0,3,0,gRNA_CDK9_targ_1468_3070
Reference,66.66666667,33.33333333,1454,1392,3,2,1,0,0,0,1,0,0,1,0,0,0,0,gRNA_CDK9_targ_1468_3071
HDR,18.07432432,81.92567568,1454,1392,1184,214,970,0,0,3,970,0,0,967,0,0,3,0,gRNA_CDK9_targ_1468_3071
Reference,37.33741393,62.66258607,2176,2176,1307,488,819,0,3,0,819,0,0,816,0,3,0,0,gRNA_CDK9_targ_1469_3072
HDR,0.0,100.0,2176,2176,865,0,865,0,1,1,865,0,0,863,0,1,1,0,gRNA_CDK9_targ_1469_3072
Reference,95.3125,4.6875,2176,2176,512,488,24,0,3,0,24,0,0,21,0,3,0,0,gRNA_CDK9_targ_1469_3073
HDR,26.06863335,73.93136665,2176,2176,1661,433,1228,0,1,1,1228,0,0,1226,0,1,1,0,gRNA_CDK9_targ_1469_3073
Reference,51.20671563,48.79328437,2176,2176,953,488,465,0,0,0,465,0,0,465,0,0,0,0,gRNA_CDK9_targ_1469_3074
HDR,0.0,100.0,2176,2176,1213,0,1213,0,1,0,1213,0,0,1212,0,1,0,0,gRNA_CDK9_targ_1469_3074
Reference,94.94163424,5.05836576,2176,2176,514,488,26,0,3,0,26,0,0,23,0,3,0,0,gRNA_CDK9_targ_1469_3075
HDR,0.0,100.0,2176,2176,866,0,866,0,1,1,866,0,0,864,0,1,1,0,gRNA_CDK9_targ_1469_3075
Reference,50.72765073,49.27234927,2176,2176,962,488,474,0,3,0,474,0,0,471,0,3,0,0,gRNA_CDK9_targ_1469_3076
HDR,0.0,100.0,2176,2176,866,0,866,0,1,1,866,0,0,864,0,1,1,0,gRNA_CDK9_targ_1469_3076
Reference,95.12670565,4.87329435,2176,2176,513,488,25,0,3,0,25,0,0,22,0,3,0,0,gRNA_CDK9_targ_1469_3077
HDR,27.71381579,72.28618421,2176,2176,1216,337,879,0,1,1,879,0,0,877,0,1,1,0,gRNA_CDK9_targ_1469_3077
Reference,50.83333333,49.16666667,2176,2176,960,488,472,0,3,0,472,0,0,469,0,3,0,0,gRNA_CDK9_targ_1469_3078
HDR,66.11706513,33.88293487,2176,2176,1213,802,411,0,1,1,410,1,0,409,0,0,1,0,gRNA_CDK9_targ_1469_3078
Reference,16.85393258,83.14606742,2239,2239,2225,375,1850,0,0,1,1849,0,1,1849,0,0,0,0,gRNA_CDK9_targ_1470_3079
HDR,,,2239,2239,0,0,0,0,0,0,0,0,0,0,0,0,0,0,gRNA_CDK9_targ_1470_3079
Reference,0.0,100.0,114,114,2,0,2,0,1,0,1,1,0,1,0,0,0,0,gRNA_CDK9_targ_1473_3080
HDR,95.45454545,4.54545455,114,114,110,105,5,0,0,0,5,0,0,5,0,0,0,0,gRNA_CDK9_targ_1473_3080
Reference,0.0,100.0,1034,1034,1,0,1,0,0,0,1,0,0,1,0,0,0,0,gRNA_CDK9_targ_1474_3081
HDR,48.78286271,51.21713729,1034,1034,1027,501,526,0,0,4,526,0,0,522,0,0,4,0,gRNA_CDK9_targ_1474_3081
Reference,34.56790123,65.43209877,231,231,81,28,53,0,0,0,53,0,0,53,0,0,0,0,gRNA_CDK9_targ_1475_3082
HDR,0.0,100.0,231,231,149,0,149,0,0,0,149,0,0,149,0,0,0,0,gRNA_CDK9_targ_1475_3082
Reference,34.56790123,65.43209877,231,231,81,28,53,0,0,0,53,0,0,53,0,0,0,0,gRNA_CDK9_targ_1475_3083
HDR,0.0,100.0,231,231,150,0,150,0,0,0,150,0,0,150,0,0,0,0,gRNA_CDK9_targ_1475_3083
Reference,34.56790123,65.43209877,231,231,81,28,53,0,0,0,53,0,0,53,0,0,0,0,gRNA_CDK9_targ_1475_3084
HDR,94.63087248,5.36912752,231,231,149,141,8,0,0,0,8,0,0,8,0,0,0,0,gRNA_CDK9_targ_1475_3084
Reference,98.02631579,1.97368421,995,995,152,149,3,0,0,0,3,0,0,3,0,0,0,0,gRNA_CDK9_targ_1476_3085
HDR,64.08730159,35.91269841,995,995,504,323,181,0,0,0,181,0,0,181,0,0,0,0,gRNA_CDK9_targ_1476_3085
Reference,95.79316389,4.20683611,1168,1168,1141,1093,48,0,0,0,48,0,0,48,0,0,0,0,gRNA_CDK9_targ_1478_3086
HDR,95.0,5.0,1168,1168,20,19,1,0,0,0,1,0,0,1,0,0,0,0,gRNA_CDK9_targ_1478_3086
Reference,10.47499214,89.52500786,3946,3946,3179,333,2846,0,1,5,2842,0,4,2840,0,1,1,0,gRNA_CDK9_targ_1479_3087
HDR,0.0,100.0,3946,3946,758,0,758,0,0,0,758,0,0,758,0,0,0,0,gRNA_CDK9_targ_1479_3087
Reference,58.42105263,41.57894737,3946,3946,570,333,237,0,1,4,233,0,4,232,0,1,0,0,gRNA_CDK9_targ_1479_3088
HDR,14.54253612,85.45746388,3946,3946,3115,453,2662,0,0,3,2660,0,2,2659,0,0,1,0,gRNA_CDK9_targ_1479_3088
Reference,18.25657895,81.74342105,3946,3946,1824,333,1491,0,1,4,1487,0,4,1486,0,1,0,0,gRNA_CDK9_targ_1479_3089
HDR,0.0,100.0,3946,3946,2117,0,2117,0,0,3,2115,0,2,2114,0,0,1,0,gRNA_CDK9_targ_1479_3089
Reference,40.16887817,59.83112183,3946,3946,829,333,496,0,1,4,492,0,4,491,0,1,0,0,gRNA_CDK9_targ_1479_3090
HDR,62.5163827,37.4836173,3946,3946,763,477,286,0,0,0,286,0,0,286,0,0,0,0,gRNA_CDK9_targ_1479_3090
Reference,24.90650711,75.09349289,3946,3946,1337,333,1004,0,1,4,1000,0,4,999,0,1,0,0,gRNA_CDK9_targ_1479_3091
HDR,0.0,100.0,3946,3946,271,0,271,0,0,2,269,0,2,269,0,0,0,0,gRNA_CDK9_targ_1479_3091
Reference,53.79644588,46.20355412,3946,3946,619,333,286,0,0,4,282,0,4,282,0,0,0,0,gRNA_CDK9_targ_1479_3092
HDR,83.33333333,16.66666667,3946,3946,1914,1595,319,0,0,3,316,0,3,316,0,0,0,0,gRNA_CDK9_targ_1479_3092
Reference,21.6796875,78.3203125,3946,3946,1536,333,1203,0,1,4,1199,0,4,1198,0,1,0,0,gRNA_CDK9_targ_1479_3093
HDR,6.21610346,93.78389654,3946,3946,2397,149,2248,0,0,1,2248,0,0,2247,0,0,1,0,gRNA_CDK9_targ_1479_3093
Reference,30.70017953,69.29982047,1819,1819,1671,513,1158,0,52,1,1158,0,0,1105,0,52,1,0,gRNA_CDK9_targ_1480_3094
HDR,2.06896552,97.93103448,1819,1819,145,3,142,0,0,0,142,0,0,142,0,0,0,0,gRNA_CDK9_targ_1480_3094
Reference,58.62857143,41.37142857,1819,1819,875,513,362,0,0,0,362,0,0,362,0,0,0,0,gRNA_CDK9_targ_1480_3095
HDR,29.41919192,70.58080808,1819,1819,792,233,559,0,52,1,513,45,1,506,0,7,0,0,gRNA_CDK9_targ_1480_3095
Reference,56.06557377,43.93442623,1819,1819,915,513,402,0,0,0,402,0,0,402,0,0,0,0,gRNA_CDK9_targ_1480_3096
HDR,85.71428571,14.28571429,1819,1819,35,30,5,0,0,0,5,0,0,5,0,0,0,0,gRNA_CDK9_targ_1480_3096
Reference,12.86379511,87.13620489,2439,2439,1718,221,1497,0,0,7,1493,0,4,1490,0,0,3,0,gRNA_CDK9_targ_1481_3097
HDR,0.27972028,99.72027972,2439,2439,715,2,713,0,0,0,713,0,0,713,0,0,0,0,gRNA_CDK9_targ_1481_3097
Reference,92.85714286,7.14285714,2439,2439,238,221,17,0,0,6,13,0,4,11,0,0,2,0,gRNA_CDK9_targ_1481_3098
HDR,40.98445596,59.01554404,2439,2439,1930,791,1139,0,0,0,1139,0,0,1139,0,0,0,0,gRNA_CDK9_targ_1481_3098
Reference,43.76237624,56.23762376,2439,2439,505,221,284,0,0,7,280,0,4,277,0,0,3,0,gRNA_CDK9_targ_1481_3099
HDR,96.23430962,3.76569038,2439,2439,717,690,27,0,0,0,27,0,0,27,0,0,0,0,gRNA_CDK9_targ_1481_3099
Reference,11.58585056,88.41414944,6834,6610,5032,583,4449,0,3,15,4437,2,10,4432,0,0,4,1,gRNA_CDK9_targ_1482_3100
HDR,0.25641026,99.74358974,6834,6610,1560,4,1556,0,1,2,1555,0,1,1554,0,0,0,1,gRNA_CDK9_targ_1482_3100
Reference,95.41734861,4.58265139,6834,6609,611,583,28,0,1,2,28,0,0,26,0,0,1,1,gRNA_CDK9_targ_1482_3101
HDR,69.41368669,30.58631331,6834,6609,5509,3824,1685,0,0,3,1682,0,3,1682,0,0,0,0,gRNA_CDK9_targ_1482_3101
Reference,53.24200913,46.75799087,6834,6609,1095,583,512,0,3,13,500,2,10,497,0,0,2,1,gRNA_CDK9_targ_1482_3102
HDR,96.87699171,3.12300829,6834,6609,1569,1520,49,0,0,1,48,0,1,48,0,0,0,0,gRNA_CDK9_targ_1482_3102
Reference,91.54166667,8.45833333,7630,7630,4800,4394,406,0,0,4,402,0,4,402,0,0,0,0,gRNA_CDK9_targ_1483_3103
HDR,97.04267005,2.95732995,7630,7630,2367,2297,70,0,0,3,68,0,2,67,0,0,1,0,gRNA_CDK9_targ_1483_3103
Reference,43.71914427,56.28085573,7434,7434,7292,3188,4104,0,0,4,4103,0,1,4100,0,0,3,0,gRNA_CDK9_targ_1484_3104
HDR,0.0,100.0,7434,7434,1,0,1,0,0,0,1,0,0,1,0,0,0,0,gRNA_CDK9_targ_1484_3104
Reference,90.46538025,9.53461975,7434,7434,3524,3188,336,0,0,1,335,0,1,335,0,0,0,0,gRNA_CDK9_targ_1484_3105
HDR,97.83941606,2.16058394,7434,7434,3425,3351,74,0,0,6,68,0,6,68,0,0,0,0,gRNA_CDK9_targ_1484_3105
Reference,79.52107758,20.47892242,7434,7434,4009,3188,821,0,0,1,820,0,1,820,0,0,0,0,gRNA_CDK9_targ_1484_3106
HDR,11.11111111,88.88888889,7434,7434,9,1,8,0,0,0,8,0,0,8,0,0,0,0,gRNA_CDK9_targ_1484_3106
Reference,98.04832714,1.95167286,2545,2545,1076,1055,21,0,0,2,19,0,2,19,0,0,0,0,gRNA_CDK9_targ_1485_3107
HDR,54.91143317,45.08856683,2545,2545,1242,682,560,0,0,0,560,0,0,560,0,0,0,0,gRNA_CDK9_targ_1485_3107
Reference,53.95480226,46.04519774,3219,3219,354,191,163,0,0,16,162,0,1,147,0,0,15,0,gRNA_CDK9_targ_1486_3108
HDR,13.06818182,86.93181818,3219,3219,2640,345,2295,0,0,1,2295,0,0,2294,0,0,1,0,gRNA_CDK9_targ_1486_3108
Reference,33.80530973,66.19469027,3219,3219,565,191,374,0,0,16,373,0,1,358,0,0,15,0,gRNA_CDK9_targ_1486_3109
HDR,2.93398533,97.06601467,3219,3219,2045,60,1985,0,0,0,1985,0,0,1985,0,0,0,0,gRNA_CDK9_targ_1486_3109
Reference,65.4109589,34.5890411,3219,3219,292,191,101,0,0,16,100,0,1,85,0,0,15,0,gRNA_CDK9_targ_1486_3110
HDR,79.39677145,20.60322855,3219,3219,2354,1869,485,0,0,1,485,0,0,484,0,0,1,0,gRNA_CDK9_targ_1486_3110
Reference,61.82531894,38.17468106,2069,2069,1019,630,389,0,0,0,389,0,0,389,0,0,0,0,gRNA_CDK9_targ_1487_3111
HDR,52.00764818,47.99235182,2069,2069,1046,544,502,0,0,0,502,0,0,502,0,0,0,0,gRNA_CDK9_targ_1487_3111
Reference,64.04907975,35.95092025,2329,2329,815,522,293,0,3,0,293,0,0,290,0,3,0,0,gRNA_CDK9_targ_1488_3112
HDR,0.06613757,99.93386243,2329,2329,1512,1,1511,0,0,64,1449,0,62,1447,0,0,2,0,gRNA_CDK9_targ_1488_3112
Reference,97.20670391,2.79329609,2329,2329,537,522,15,0,0,0,15,0,0,15,0,0,0,0,gRNA_CDK9_targ_1488_3113
HDR,10.35404142,89.64595858,2329,2329,1497,155,1342,0,3,64,1277,3,62,1275,0,0,2,0,gRNA_CDK9_targ_1488_3113
Reference,97.20670391,2.79329609,2329,2329,537,522,15,0,0,0,15,0,0,15,0,0,0,0,gRNA_CDK9_targ_1488_3114
HDR,31.13020489,68.86979511,2329,2329,1513,471,1042,0,0,64,980,0,62,978,0,0,2,0,gRNA_CDK9_targ_1488_3114
Reference,0.36036036,99.63963964,1095,810,555,2,553,0,0,0,553,0,0,553,0,0,0,0,gRNA_CDK9_targ_1489_3115
HDR,0.0,100.0,1095,810,252,0,252,0,0,0,252,0,0,252,0,0,0,0,gRNA_CDK9_targ_1489_3115
Reference,0.41666667,99.58333333,1095,810,480,2,478,0,0,0,478,0,0,478,0,0,0,0,gRNA_CDK9_targ_1489_3116
HDR,0.0,100.0,1095,810,324,0,324,0,0,2,322,0,2,322,0,0,0,0,gRNA_CDK9_targ_1489_3116
Reference,11.76470588,88.23529412,1095,810,17,2,15,0,0,0,15,0,0,15,0,0,0,0,gRNA_CDK9_targ_1489_3117
HDR,0.0,100.0,1095,810,793,0,793,0,0,3,790,0,3,790,0,0,0,0,gRNA_CDK9_targ_1489_3117
Reference,10.0,90.0,1095,810,20,2,18,0,0,2,18,0,0,16,0,0,2,0,gRNA_CDK9_targ_1489_3118
HDR,0.25316456,99.74683544,1095,810,790,2,788,0,0,1,787,0,1,787,0,0,0,0,gRNA_CDK9_targ_1489_3118
Reference,0.41152263,99.58847737,1095,810,486,2,484,0,0,1,484,0,0,483,0,0,1,0,gRNA_CDK9_targ_1489_3119
HDR,0.0,100.0,1095,810,252,0,252,0,0,0,252,0,0,252,0,0,0,0,gRNA_CDK9_targ_1489_3119
Reference,12.5,87.5,1095,810,16,2,14,0,0,0,14,0,0,14,0,0,0,0,gRNA_CDK9_targ_1489_3120
HDR,0.0,100.0,1095,810,253,0,253,0,0,2,251,0,2,251,0,0,0,0,gRNA_CDK9_targ_1489_3120
Reference,10.0,90.0,1095,810,20,2,18,0,0,2,18,0,0,16,0,0,2,0,gRNA_CDK9_targ_1489_3121
HDR,0.0,100.0,1095,810,253,0,253,0,0,1,252,0,1,252,0,0,0,0,gRNA_CDK9_targ_1489_3121
Reference,13.33333333,86.66666667,1095,810,15,2,13,0,0,0,13,0,0,13,0,0,0,0,gRNA_CDK9_targ_1489_3122
HDR,1.52905199,98.47094801,1095,810,327,5,322,0,0,2,320,0,2,320,0,0,0,0,gRNA_CDK9_targ_1489_3122
Reference,15.38461538,84.61538462,1095,810,13,2,11,0,0,0,11,0,0,11,0,0,0,0,gRNA_CDK9_targ_1489_3123
HDR,0.30959752,99.69040248,1095,810,323,1,322,0,0,1,321,0,1,321,0,0,0,0,gRNA_CDK9_targ_1489_3123
Reference,15.38461538,84.61538462,1095,810,13,2,11,0,0,0,11,0,0,11,0,0,0,0,gRNA_CDK9_targ_1489_3124
HDR,57.50636132,42.49363868,1095,810,786,452,334,0,0,1,333,0,1,333,0,0,0,0,gRNA_CDK9_targ_1489_3124
Reference,0.41493776,99.58506224,1095,810,482,2,480,0,0,1,480,0,0,479,0,0,1,0,gRNA_CDK9_targ_1489_3125
HDR,0.0,100.0,1095,810,321,0,321,0,0,0,321,0,0,321,0,0,0,0,gRNA_CDK9_targ_1489_3125
Reference,0.41067762,99.58932238,1095,810,487,2,485,0,0,2,485,0,0,483,0,0,2,0,gRNA_CDK9_targ_1489_3126
HDR,0.31545741,99.68454259,1095,810,317,1,316,0,0,0,316,0,0,316,0,0,0,0,gRNA_CDK9_targ_1489_3126
Reference,9.52380952,90.47619048,1095,810,21,2,19,0,0,0,19,0,0,19,0,0,0,0,gRNA_CDK9_targ_1489_3127
HDR,0.0,100.0,1095,810,786,0,786,0,0,0,786,0,0,786,0,0,0,0,gRNA_CDK9_targ_1489_3127
Reference,13.33333333,86.66666667,1095,810,15,2,13,0,0,0,13,0,0,13,0,0,0,0,gRNA_CDK9_targ_1489_3128
HDR,6.31313131,93.68686869,1095,810,792,50,742,0,0,0,742,0,0,742,0,0,0,0,gRNA_CDK9_targ_1489_3128
Reference,11.11111111,88.88888889,1095,810,18,2,16,0,0,3,16,0,0,13,0,0,3,0,gRNA_CDK9_targ_1489_3129
HDR,75.70093458,24.29906542,1095,810,321,243,78,0,0,0,78,0,0,78,0,0,0,0,gRNA_CDK9_targ_1489_3129
Reference,48.99163797,51.00836203,7326,7326,2033,996,1037,0,232,268,809,228,0,537,0,4,268,0,gRNA_CDK9_targ_1490_3130
HDR,63.59734686,36.40265314,7326,7326,5126,3260,1866,0,0,2,1865,0,1,1864,0,0,1,0,gRNA_CDK9_targ_1490_3130
Reference,14.11164636,85.88835364,7326,7326,7058,996,6062,0,232,272,5833,228,1,5558,0,4,271,0,gRNA_CDK9_targ_1490_3131
HDR,0.39525692,99.60474308,7326,7326,253,1,252,0,0,0,252,0,0,252,0,0,0,0,gRNA_CDK9_targ_1490_3131
Reference,45.31392175,54.68607825,7326,7326,2198,996,1202,0,232,271,973,228,1,699,0,4,270,0,gRNA_CDK9_targ_1490_3132
HDR,93.20754717,6.79245283,7326,7326,265,247,18,0,0,0,18,0,0,18,0,0,0,0,gRNA_CDK9_targ_1490_3132
Reference,40.46391753,59.53608247,571,416,388,157,231,0,0,1,230,0,1,230,0,0,0,0,gRNA_CDK9_targ_1491_3133
HDR,0.0,100.0,571,416,27,0,27,0,0,0,27,0,0,27,0,0,0,0,gRNA_CDK9_targ_1491_3133
Reference,96.3190184,3.6809816,571,416,163,157,6,0,0,0,6,0,0,6,0,0,0,0,gRNA_CDK9_targ_1491_3134
HDR,78.94736842,21.05263158,571,416,152,120,32,0,0,0,32,0,0,32,0,0,0,0,gRNA_CDK9_targ_1491_3134
Reference,59.69581749,40.30418251,571,416,263,157,106,0,0,1,105,0,1,105,0,0,0,0,gRNA_CDK9_targ_1491_3135
HDR,85.71428571,14.28571429,571,416,28,24,4,0,0,0,4,0,0,4,0,0,0,0,gRNA_CDK9_targ_1491_3135
Reference,0.0,100.0,4,4,1,0,1,0,0,1,1,0,0,0,0,0,1,0,gRNA_CDK9_targ_1492_3136
HDR,0.0,100.0,4,4,3,0,3,0,0,0,3,0,0,3,0,0,0,0,gRNA_CDK9_targ_1492_3136
Reference,,,4,4,0,0,0,0,0,0,0,0,0,0,0,0,0,0,gRNA_CDK9_targ_1492_3137
HDR,0.0,100.0,4,4,4,0,4,0,0,1,3,0,1,3,0,0,0,0,gRNA_CDK9_targ_1492_3137
Reference,,,4,4,0,0,0,0,0,0,0,0,0,0,0,0,0,0,gRNA_CDK9_targ_1492_3138
HDR,100.0,0.0,4,4,3,3,0,0,0,0,0,0,0,0,0,0,0,0,gRNA_CDK9_targ_1492_3138
Reference,97.79411765,2.20588235,2469,2469,136,133,3,0,0,0,3,0,0,3,0,0,0,0,gRNA_CDK9_targ_1496_3139
HDR,97.21473495,2.78526505,2469,2469,2226,2164,62,0,0,0,62,0,0,62,0,0,0,0,gRNA_CDK9_targ_1496_3139
Reference,82.17391304,17.82608696,3294,3294,230,189,41,0,34,1,6,34,1,6,0,0,0,0,gRNA_CDK9_targ_1497_3140
HDR,97.33234531,2.66765469,3294,3294,2699,2627,72,0,0,2,70,0,2,70,0,0,0,0,gRNA_CDK9_targ_1497_3140
Reference,96.82804674,3.17195326,5621,5621,599,580,19,0,0,0,19,0,0,19,0,0,0,0,gRNA_CDK9_targ_1498_3141
HDR,92.65931097,7.34068903,5621,5621,4441,4115,326,0,0,2,324,0,2,324,0,0,0,0,gRNA_CDK9_targ_1498_3141
Reference,81.57480315,18.42519685,5294,5294,2540,2072,468,0,0,2,466,0,2,466,0,0,0,0,gRNA_CDK9_targ_1499_3142
HDR,87.33624454,12.66375546,5294,5294,2519,2200,319,0,0,2,318,0,1,317,0,0,1,0,gRNA_CDK9_targ_1499_3142
Reference,32.40405503,67.59594497,3059,3050,2762,895,1867,0,0,0,1867,0,0,1867,0,0,0,0,gRNA_CDK9_targ_1500_3143
HDR,0.70422535,99.29577465,3059,3050,284,2,282,0,0,0,282,0,0,282,0,0,0,0,gRNA_CDK9_targ_1500_3143
Reference,30.10427178,69.89572822,3059,3050,2973,895,2078,0,0,3,2078,0,0,2075,0,0,3,0,gRNA_CDK9_targ_1500_3144
HDR,0.0,100.0,3059,3050,28,0,28,0,0,0,28,0,0,28,0,0,0,0,gRNA_CDK9_targ_1500_3144
Reference,92.26804124,7.73195876,3059,3050,970,895,75,0,0,0,75,0,0,75,0,0,0,0,gRNA_CDK9_targ_1500_3145
HDR,74.88789238,25.11210762,3059,3050,1338,1002,336,0,0,3,333,0,3,333,0,0,0,0,gRNA_CDK9_targ_1500_3145
Reference,32.66423358,67.33576642,3059,3050,2740,895,1845,0,0,3,1845,0,0,1842,0,0,3,0,gRNA_CDK9_targ_1500_3146
HDR,0.0,100.0,3059,3050,2,0,2,0,0,0,2,0,0,2,0,0,0,0,gRNA_CDK9_targ_1500_3146
Reference,52.43116579,47.56883421,3059,3050,1707,895,812,0,0,0,812,0,0,812,0,0,0,0,gRNA_CDK9_targ_1500_3147
HDR,87.32394366,12.67605634,3059,3050,284,248,36,0,0,3,33,0,3,33,0,0,0,0,gRNA_CDK9_targ_1500_3147
Reference,52.40046838,47.59953162,3059,3050,1708,895,813,0,0,0,813,0,0,813,0,0,0,0,gRNA_CDK9_targ_1500_3148
HDR,86.66666667,13.33333333,3059,3050,30,26,4,0,0,0,4,0,0,4,0,0,0,0,gRNA_CDK9_targ_1500_3148
Reference,32.7119883,67.2880117,3059,3050,2736,895,1841,0,0,0,1841,0,0,1841,0,0,0,0,gRNA_CDK9_targ_1500_3149
HDR,0.0,100.0,3059,3050,307,0,307,0,0,0,307,0,0,307,0,0,0,0,gRNA_CDK9_targ_1500_3149
Reference,96.09756098,3.90243902,336,335,205,197,8,0,0,0,8,0,0,8,0,0,0,0,gRNA_CDK9_targ_1501_3150
HDR,100.0,0.0,336,335,15,15,0,0,0,0,0,0,0,0,0,0,0,0,gRNA_CDK9_targ_1501_3150
Reference,60.60273973,39.39726027,2642,2642,1825,1106,719,0,1,0,719,0,0,718,0,1,0,0,gRNA_CDK9_targ_1502_3151
HDR,68.58789625,31.41210375,2642,2642,694,476,218,0,2,0,218,0,0,216,0,2,0,0,gRNA_CDK9_targ_1502_3151
Reference,69.07894737,30.92105263,2919,2782,304,210,94,0,0,0,94,0,0,94,0,0,0,0,gRNA_CDK9_targ_1503_3152
HDR,63.51658337,36.48341663,2919,2782,2201,1398,803,0,0,3,802,0,1,800,0,0,2,0,gRNA_CDK9_targ_1503_3152
Reference,93.5483871,6.4516129,1861,1690,93,87,6,0,0,1,5,0,1,5,0,0,0,0,gRNA_CDK9_targ_1504_3153
HDR,2.27272727,97.72727273,1861,1690,1320,30,1290,0,0,0,1290,0,0,1290,0,0,0,0,gRNA_CDK9_targ_1504_3153
Reference,20.0,80.0,10,10,5,1,4,0,0,0,4,0,0,4,0,0,0,0,gRNA_CDK9_targ_1505_3154
HDR,0.0,100.0,10,10,5,0,5,0,0,0,5,0,0,5,0,0,0,0,gRNA_CDK9_targ_1505_3154
Reference,100.0,0.0,10,10,1,1,0,0,0,0,0,0,0,0,0,0,0,0,gRNA_CDK9_targ_1505_3155
HDR,0.0,100.0,10,10,8,0,8,0,0,0,8,0,0,8,0,0,0,0,gRNA_CDK9_targ_1505_3155
Reference,50.0,50.0,10,10,2,1,1,0,0,0,1,0,0,1,0,0,0,0,gRNA_CDK9_targ_1505_3156
HDR,40.0,60.0,10,10,5,2,3,0,0,0,3,0,0,3,0,0,0,0,gRNA_CDK9_targ_1505_3156
Reference,96.19047619,3.80952381,2668,2582,735,707,28,0,0,0,28,0,0,28,0,0,0,0,gRNA_CDK9_targ_1506_3157
HDR,0.0,100.0,2668,2582,1824,0,1824,0,0,262,1573,0,251,1562,0,0,11,0,gRNA_CDK9_targ_1506_3157
Reference,70.7,29.3,2668,2582,1000,707,293,0,0,0,293,0,0,293,0,0,0,0,gRNA_CDK9_targ_1506_3158
HDR,0.0,100.0,2668,2582,1304,0,1304,0,0,1,1304,0,0,1303,0,0,1,0,gRNA_CDK9_targ_1506_3158
Reference,74.10901468,25.89098532,2668,2582,954,707,247,0,0,0,247,0,0,247,0,0,0,0,gRNA_CDK9_targ_1506_3159
HDR,0.18621974,99.81378026,2668,2582,1611,3,1608,0,0,262,1357,0,251,1346,0,0,11,0,gRNA_CDK9_targ_1506_3159
Reference,95.02688172,4.97311828,2668,2582,744,707,37,0,0,0,37,0,0,37,0,0,0,0,gRNA_CDK9_targ_1506_3160
HDR,13.91193363,86.08806637,2668,2582,1567,218,1349,0,0,262,1098,0,251,1087,0,0,11,0,gRNA_CDK9_targ_1506_3160
Reference,96.84931507,3.15068493,2668,2582,730,707,23,0,0,0,23,0,0,23,0,0,0,0,gRNA_CDK9_targ_1506_3161
HDR,15.38461538,84.61538462,2668,2582,1612,248,1364,0,0,262,1113,0,251,1102,0,0,11,0,gRNA_CDK9_targ_1506_3161
Reference,95.79945799,4.20054201,2668,2582,738,707,31,0,0,0,31,0,0,31,0,0,0,0,gRNA_CDK9_targ_1506_3162
HDR,0.22304833,99.77695167,2668,2582,1345,3,1342,0,0,262,1091,0,251,1080,0,0,11,0,gRNA_CDK9_targ_1506_3162
Reference,96.45293315,3.54706685,2668,2582,733,707,26,0,0,0,26,0,0,26,0,0,0,0,gRNA_CDK9_targ_1506_3163
HDR,45.82417582,54.17582418,2668,2582,1820,834,986,0,0,262,734,0,252,724,0,0,10,0,gRNA_CDK9_targ_1506_3163
Reference,60.41666667,39.58333333,4368,4368,1536,928,608,0,0,1,608,0,0,607,0,0,1,0,gRNA_CDK9_targ_1507_3164
HDR,11.03228095,88.96771905,4368,4368,2819,311,2508,0,0,1,2508,0,0,2507,0,0,1,0,gRNA_CDK9_targ_1507_3164
Reference,72.5,27.5,4368,4368,1280,928,352,0,0,0,352,0,0,352,0,0,0,0,gRNA_CDK9_targ_1507_3165
HDR,22.03454894,77.96545106,4368,4368,2605,574,2031,0,0,1,2030,0,1,2030,0,0,0,0,gRNA_CDK9_targ_1507_3165
Reference,96.46569647,3.53430353,4368,4368,962,928,34,0,0,0,34,0,0,34,0,0,0,0,gRNA_CDK9_targ_1507_3166
HDR,32.44107072,67.55892928,4368,4368,2503,812,1691,0,0,1,1691,0,0,1690,0,0,1,0,gRNA_CDK9_targ_1507_3166
Reference,0.0,100.0,220,220,7,0,7,0,0,0,7,0,0,7,0,0,0,0,gRNA_CDK9_targ_1508_3167
HDR,0.0,100.0,220,220,213,0,213,0,0,0,213,0,0,213,0,0,0,0,gRNA_CDK9_targ_1508_3167
Reference,0.0,100.0,220,220,7,0,7,0,0,0,7,0,0,7,0,0,0,0,gRNA_CDK9_targ_1508_3168
HDR,0.0,100.0,220,220,213,0,213,0,0,0,213,0,0,213,0,0,0,0,gRNA_CDK9_targ_1508_3168
Reference,0.0,100.0,220,220,7,0,7,0,0,0,7,0,0,7,0,0,0,0,gRNA_CDK9_targ_1508_3169
HDR,95.30516432,4.69483568,220,220,213,203,10,0,0,0,10,0,0,10,0,0,0,0,gRNA_CDK9_targ_1508_3169
Reference,0.16968326,99.83031674,2547,2547,1768,3,1765,0,2,3,1764,0,1,1760,0,2,2,0,gRNA_CDK9_targ_1509_3170
HDR,0.0,100.0,2547,2547,423,0,423,0,1,0,423,0,0,422,0,1,0,0,gRNA_CDK9_targ_1509_3170
Reference,1.79640719,98.20359281,2547,2547,167,3,164,0,1,3,163,0,1,160,0,1,2,0,gRNA_CDK9_targ_1509_3171
HDR,0.0,100.0,2547,2547,2379,0,2379,0,352,0,2379,0,0,2027,0,352,0,0,gRNA_CDK9_targ_1509_3171
Reference,50.0,50.0,2547,2547,6,3,3,0,1,2,2,0,1,0,0,1,1,0,gRNA_CDK9_targ_1509_3172
HDR,0.04201681,99.95798319,2547,2547,2380,1,2379,0,352,1,2378,0,1,2026,0,352,0,0,gRNA_CDK9_targ_1509_3172
Reference,1.79640719,98.20359281,2547,2547,167,3,164,0,1,3,163,0,1,160,0,1,2,0,gRNA_CDK9_targ_1509_3173
HDR,0.0,100.0,2547,2547,779,0,779,0,351,0,779,0,0,428,0,351,0,0,gRNA_CDK9_targ_1509_3173
Reference,1.80722892,98.19277108,2547,2547,166,3,163,0,1,2,162,0,1,160,0,1,1,0,gRNA_CDK9_targ_1509_3174
HDR,0.0,100.0,2547,2547,778,0,778,0,350,0,778,0,0,428,0,350,0,0,gRNA_CDK9_targ_1509_3174
Reference,1.81818182,98.18181818,2547,2547,165,3,162,0,1,2,161,0,1,159,0,1,1,0,gRNA_CDK9_targ_1509_3175
HDR,65.29411765,34.70588235,2547,2547,2380,1554,826,0,352,0,483,343,0,474,0,9,0,0,gRNA_CDK9_targ_1509_3175
Reference,1.79640719,98.20359281,2547,2547,167,3,164,0,1,3,163,0,1,160,0,1,2,0,gRNA_CDK9_targ_1509_3176
HDR,17.36023539,82.63976461,2547,2547,2379,413,1966,0,352,0,1624,342,0,1614,0,10,0,0,gRNA_CDK9_targ_1509_3176
Reference,24.32653061,75.67346939,1229,1229,1225,298,927,0,2,1,926,1,0,924,0,1,1,0,gRNA_CDK9_targ_1510_3177
HDR,0.0,100.0,1229,1229,1,0,1,0,0,0,1,0,0,1,0,0,0,0,gRNA_CDK9_targ_1510_3177
Reference,43.75917768,56.24082232,1229,1229,681,298,383,0,0,0,383,0,0,383,0,0,0,0,gRNA_CDK9_targ_1510_3178
HDR,95.39295393,4.60704607,1229,1229,369,352,17,0,0,0,17,0,0,17,0,0,0,0,gRNA_CDK9_targ_1510_3178
Reference,32.6754386,67.3245614,1229,1229,912,298,614,0,2,0,613,1,0,612,0,1,0,0,gRNA_CDK9_targ_1510_3179
HDR,95.22292994,4.77707006,1229,1229,314,299,15,0,0,0,15,0,0,15,0,0,0,0,gRNA_CDK9_targ_1510_3179
Reference,34.65116279,65.34883721,1229,1229,860,298,562,0,2,1,561,1,0,559,0,1,1,0,gRNA_CDK9_targ_1510_3180
HDR,0.0,100.0,1229,1229,2,0,2,0,0,0,2,0,0,2,0,0,0,0,gRNA_CDK9_targ_1510_3180
Reference,32.56830601,67.43169399,1229,1229,915,298,617,0,2,1,616,1,0,614,0,1,1,0,gRNA_CDK9_targ_1510_3181
HDR,0.0,100.0,1229,1229,2,0,2,0,0,0,2,0,0,2,0,0,0,0,gRNA_CDK9_targ_1510_3181
Reference,53.98550725,46.01449275,1229,1229,552,298,254,0,2,0,253,1,0,252,0,1,0,0,gRNA_CDK9_targ_1510_3182
HDR,60.0,40.0,1229,1229,10,6,4,0,0,0,4,0,0,4,0,0,0,0,gRNA_CDK9_targ_1510_3182
Reference,24.48644207,75.51355793,1229,1229,1217,298,919,0,2,1,918,1,0,916,0,1,1,0,gRNA_CDK9_targ_1510_3183
HDR,0.0,100.0,1229,1229,7,0,7,0,0,0,7,0,0,7,0,0,0,0,gRNA_CDK9_targ_1510_3183
Reference,56.40648012,43.59351988,1840,1840,679,383,296,0,0,0,296,0,0,296,0,0,0,0,gRNA_CDK9_targ_1511_3184
HDR,0.0,100.0,1840,1840,1158,0,1158,0,0,0,1158,0,0,1158,0,0,0,0,gRNA_CDK9_targ_1511_3184
Reference,96.47355164,3.52644836,1840,1840,397,383,14,0,0,0,14,0,0,14,0,0,0,0,gRNA_CDK9_targ_1511_3185
HDR,18.97150799,81.02849201,1840,1840,1439,273,1166,0,0,0,1166,0,0,1166,0,0,0,0,gRNA_CDK9_targ_1511_3185
Reference,95.75,4.25,1840,1840,400,383,17,0,0,0,17,0,0,17,0,0,0,0,gRNA_CDK9_targ_1511_3186
HDR,77.34711456,22.65288544,1840,1840,1161,898,263,0,0,0,263,0,0,263,0,0,0,0,gRNA_CDK9_targ_1511_3186
Reference,24.8038624,75.1961376,3002,3002,1657,411,1246,0,558,2,1246,0,0,687,0,557,1,1,gRNA_CDK9_targ_1513_3187
HDR,45.2238806,54.7761194,3002,3002,1340,606,734,0,0,0,734,0,0,734,0,0,0,0,gRNA_CDK9_targ_1513_3187
Reference,53.06748466,46.93251534,326,326,326,173,153,0,0,0,153,0,0,153,0,0,0,0,gRNA_CDK9_targ_1514_3188
HDR,,,326,326,0,0,0,0,0,0,0,0,0,0,0,0,0,0,gRNA_CDK9_targ_1514_3188
Reference,97.74011299,2.25988701,326,326,177,173,4,0,0,0,4,0,0,4,0,0,0,0,gRNA_CDK9_targ_1514_3189
HDR,0.68027211,99.31972789,326,326,147,1,146,0,0,0,146,0,0,146,0,0,0,0,gRNA_CDK9_targ_1514_3189
Reference,96.11111111,3.88888889,326,326,180,173,7,0,0,0,7,0,0,7,0,0,0,0,gRNA_CDK9_targ_1514_3190
HDR,0.0,100.0,326,326,145,0,145,0,0,0,145,0,0,145,0,0,0,0,gRNA_CDK9_targ_1514_3190
Reference,95.5801105,4.4198895,326,326,181,173,8,0,0,0,8,0,0,8,0,0,0,0,gRNA_CDK9_targ_1514_3191
HDR,0.0,100.0,326,326,145,0,145,0,0,0,145,0,0,145,0,0,0,0,gRNA_CDK9_targ_1514_3191
Reference,96.64804469,3.35195531,326,326,179,173,6,0,0,0,6,0,0,6,0,0,0,0,gRNA_CDK9_targ_1514_3192
HDR,,,326,326,0,0,0,0,0,0,0,0,0,0,0,0,0,0,gRNA_CDK9_targ_1514_3192
Reference,95.5801105,4.4198895,326,326,181,173,8,0,0,0,8,0,0,8,0,0,0,0,gRNA_CDK9_targ_1514_3193
HDR,,,326,326,0,0,0,0,0,0,0,0,0,0,0,0,0,0,gRNA_CDK9_targ_1514_3193
Reference,95.5801105,4.4198895,326,326,181,173,8,0,0,0,8,0,0,8,0,0,0,0,gRNA_CDK9_targ_1514_3194
HDR,,,326,326,0,0,0,0,0,0,0,0,0,0,0,0,0,0,gRNA_CDK9_targ_1514_3194
Reference,96.64804469,3.35195531,326,326,179,173,6,0,0,0,6,0,0,6,0,0,0,0,gRNA_CDK9_targ_1514_3195
HDR,0.0,100.0,326,326,146,0,146,0,0,0,146,0,0,146,0,0,0,0,gRNA_CDK9_targ_1514_3195
Reference,96.64804469,3.35195531,326,326,179,173,6,0,0,0,6,0,0,6,0,0,0,0,gRNA_CDK9_targ_1514_3196
HDR,0.0,100.0,326,326,145,0,145,0,0,0,145,0,0,145,0,0,0,0,gRNA_CDK9_targ_1514_3196
Reference,95.5801105,4.4198895,326,326,181,173,8,0,0,0,8,0,0,8,0,0,0,0,gRNA_CDK9_targ_1514_3197
HDR,0.0,100.0,326,326,145,0,145,0,0,0,145,0,0,145,0,0,0,0,gRNA_CDK9_targ_1514_3197
Reference,96.11111111,3.88888889,326,326,180,173,7,0,0,0,7,0,0,7,0,0,0,0,gRNA_CDK9_targ_1514_3198
HDR,0.0,100.0,326,326,145,0,145,0,0,0,145,0,0,145,0,0,0,0,gRNA_CDK9_targ_1514_3198
Reference,95.5801105,4.4198895,326,326,181,173,8,0,0,0,8,0,0,8,0,0,0,0,gRNA_CDK9_targ_1514_3199
HDR,0.0,100.0,326,326,145,0,145,0,0,0,145,0,0,145,0,0,0,0,gRNA_CDK9_targ_1514_3199
Reference,95.5801105,4.4198895,326,326,181,173,8,0,0,0,8,0,0,8,0,0,0,0,gRNA_CDK9_targ_1514_3200
HDR,0.0,100.0,326,326,145,0,145,0,0,0,145,0,0,145,0,0,0,0,gRNA_CDK9_targ_1514_3200
Reference,96.11111111,3.88888889,326,326,180,173,7,0,0,0,7,0,0,7,0,0,0,0,gRNA_CDK9_targ_1514_3201
HDR,95.86206897,4.13793103,326,326,145,139,6,0,0,0,6,0,0,6,0,0,0,0,gRNA_CDK9_targ_1514_3201
Reference,95.5801105,4.4198895,326,326,181,173,8,0,0,0,8,0,0,8,0,0,0,0,gRNA_CDK9_targ_1514_3202
HDR,0.0,100.0,326,326,145,0,145,0,0,0,145,0,0,145,0,0,0,0,gRNA_CDK9_targ_1514_3202
Reference,13.01104148,86.98895852,4692,4680,3351,436,2915,0,1,170,2744,1,170,2744,0,0,0,0,gRNA_CDK9_targ_1515_3203
HDR,51.88216039,48.11783961,4692,4680,1222,634,588,0,0,3,586,0,2,585,0,0,1,0,gRNA_CDK9_targ_1515_3203
Reference,94.59459459,5.40540541,2119,2119,148,140,8,0,0,1,7,0,1,7,0,0,0,0,gRNA_CDK9_targ_1516_3204
HDR,10.82109842,89.17890158,2119,2119,1839,199,1640,0,41,1,1639,0,1,1598,0,41,0,0,gRNA_CDK9_targ_1516_3204
Reference,95.59471366,4.40528634,2390,2390,227,217,10,0,1,0,9,1,0,9,0,0,0,0,gRNA_CDK9_targ_1517_3205
HDR,0.1310616,99.8689384,2390,2390,1526,2,1524,0,0,1,1524,0,0,1523,0,0,1,0,gRNA_CDK9_targ_1517_3205
Reference,69.32907348,30.67092652,2390,2390,313,217,96,0,1,0,95,1,0,95,0,0,0,0,gRNA_CDK9_targ_1517_3206
HDR,0.04816956,99.95183044,2390,2390,2076,1,2075,0,0,1,2075,0,0,2074,0,0,1,0,gRNA_CDK9_targ_1517_3206
Reference,69.77491961,30.22508039,2390,2390,311,217,94,0,1,0,93,1,0,93,0,0,0,0,gRNA_CDK9_targ_1517_3207
HDR,49.95183044,50.04816956,2390,2390,2076,1037,1039,0,0,1,1038,0,1,1038,0,0,0,0,gRNA_CDK9_targ_1517_3207
Reference,4.08921933,95.91078067,554,554,269,11,258,0,0,0,258,0,0,258,0,0,0,0,gRNA_CDK9_targ_1519_3208
HDR,71.47887324,28.52112676,554,554,284,203,81,0,0,0,81,0,0,81,0,0,0,0,gRNA_CDK9_targ_1519_3208
Reference,0.0,100.0,1191,1191,945,0,945,0,11,0,945,0,0,934,0,11,0,0,gRNA_CDK9_targ_1520_3209
HDR,0.0,100.0,1191,1191,246,0,246,0,0,0,246,0,0,246,0,0,0,0,gRNA_CDK9_targ_1520_3209
Reference,,,1191,1191,0,0,0,0,0,0,0,0,0,0,0,0,0,0,gRNA_CDK9_targ_1520_3210
HDR,0.0,100.0,1191,1191,1167,0,1167,0,11,0,1158,9,0,1156,0,2,0,0,gRNA_CDK9_targ_1520_3210
Reference,0.0,100.0,1191,1191,287,0,287,0,11,0,287,0,0,276,0,11,0,0,gRNA_CDK9_targ_1520_3211
HDR,0.0,100.0,1191,1191,904,0,904,0,0,0,904,0,0,904,0,0,0,0,gRNA_CDK9_targ_1520_3211
Reference,0.0,100.0,1191,1191,24,0,24,0,0,0,24,0,0,24,0,0,0,0,gRNA_CDK9_targ_1520_3212
HDR,33.7398374,66.2601626,1191,1191,246,83,163,0,0,0,163,0,0,163,0,0,0,0,gRNA_CDK9_targ_1520_3212
Reference,0.0,100.0,1191,1191,41,0,41,0,11,0,41,0,0,30,0,11,0,0,gRNA_CDK9_targ_1520_3213
HDR,,,1191,1191,0,0,0,0,0,0,0,0,0,0,0,0,0,0,gRNA_CDK9_targ_1520_3213
Reference,0.0,100.0,1191,1191,22,0,22,0,0,0,22,0,0,22,0,0,0,0,gRNA_CDK9_targ_1520_3214
HDR,31.52654867,68.47345133,1191,1191,904,285,619,0,0,0,619,0,0,619,0,0,0,0,gRNA_CDK9_targ_1520_3214
Reference,0.0,100.0,1191,1191,41,0,41,0,11,0,41,0,0,30,0,11,0,0,gRNA_CDK9_targ_1520_3215
HDR,0.0,100.0,1191,1191,1148,0,1148,0,0,0,1148,0,0,1148,0,0,0,0,gRNA_CDK9_targ_1520_3215
Reference,3.67847411,96.32152589,4003,4003,1468,54,1414,0,287,27,1407,5,2,1101,0,281,24,1,gRNA_CDK9_targ_1521_3216
HDR,24.26759948,75.73240052,4003,4003,2287,555,1732,0,222,0,1732,0,0,1510,0,222,0,0,gRNA_CDK9_targ_1521_3216
Reference,2.21130221,97.78869779,4003,4003,2442,54,2388,0,424,5,2253,134,1,1960,0,289,3,1,gRNA_CDK9_targ_1521_3217
HDR,0.0,100.0,4003,4003,1184,0,1184,0,1,20,1184,0,0,1163,0,1,20,0,gRNA_CDK9_targ_1521_3217
Reference,4.57239627,95.42760373,4003,4003,1181,54,1127,0,424,7,991,134,2,697,0,289,4,1,gRNA_CDK9_targ_1521_3218
HDR,0.0,100.0,4003,4003,1006,0,1006,0,222,0,1006,0,0,784,0,222,0,0,gRNA_CDK9_targ_1521_3218
Reference,100.0,0.0,1912,1912,41,41,0,0,0,0,0,0,0,0,0,0,0,0,gRNA_CDK9_targ_1522_3219
HDR,0.0,100.0,1912,1912,1655,0,1655,0,6,2,1654,0,1,1647,0,6,1,0,gRNA_CDK9_targ_1522_3219
Reference,31.06060606,68.93939394,1912,1912,132,41,91,0,0,1,91,0,0,90,0,0,1,0,gRNA_CDK9_targ_1522_3220
HDR,0.0,100.0,1912,1912,1776,0,1776,0,6,1,1776,0,0,1769,0,6,1,0,gRNA_CDK9_targ_1522_3220
Reference,12.16617211,87.83382789,1912,1912,337,41,296,0,6,1,296,0,0,289,0,6,1,0,gRNA_CDK9_targ_1522_3221
HDR,0.0,100.0,1912,1912,1274,0,1274,0,0,1,1274,0,0,1273,0,0,1,0,gRNA_CDK9_targ_1522_3221
Reference,100.0,0.0,1912,1912,41,41,0,0,0,0,0,0,0,0,0,0,0,0,gRNA_CDK9_targ_1522_3222
HDR,13.87640449,86.12359551,1912,1912,1780,247,1533,0,6,1,1528,5,0,1526,0,1,1,0,gRNA_CDK9_targ_1522_3222
Reference,95.34883721,4.65116279,1912,1912,43,41,2,0,0,0,2,0,0,2,0,0,0,0,gRNA_CDK9_targ_1522_3223
HDR,0.0,100.0,1912,1912,1574,0,1574,0,0,1,1574,0,0,1573,0,0,1,0,gRNA_CDK9_targ_1522_3223
Reference,30.14705882,69.85294118,1912,1912,136,41,95,0,0,1,95,0,0,94,0,0,1,0,gRNA_CDK9_targ_1522_3224
HDR,0.0,100.0,1912,1912,1485,0,1485,0,0,1,1485,0,0,1484,0,0,1,0,gRNA_CDK9_targ_1522_3224
Reference,97.61904762,2.38095238,1912,1912,42,41,1,0,0,1,1,0,0,0,0,0,1,0,gRNA_CDK9_targ_1522_3225
HDR,58.17361894,41.82638106,1912,1912,1774,1032,742,0,6,1,741,0,1,735,0,6,0,0,gRNA_CDK9_targ_1522_3225
Reference,94.84536082,5.15463918,185,185,97,92,5,0,0,0,5,0,0,5,0,0,0,0,gRNA_CDK9_targ_1523_3226
HDR,95.45454545,4.54545455,185,185,88,84,4,0,0,0,4,0,0,4,0,0,0,0,gRNA_CDK9_targ_1523_3226
Reference,21.68367347,78.31632653,516,516,392,85,307,0,1,1,305,1,1,305,0,0,0,0,gRNA_CDK9_targ_1524_3227
HDR,0.0,100.0,516,516,123,0,123,0,0,0,123,0,0,123,0,0,0,0,gRNA_CDK9_targ_1524_3227
Reference,93.40659341,6.59340659,516,516,91,85,6,0,1,1,4,1,1,4,0,0,0,0,gRNA_CDK9_targ_1524_3228
HDR,65.17150396,34.82849604,516,516,379,247,132,0,0,0,132,0,0,132,0,0,0,0,gRNA_CDK9_targ_1524_3228
Reference,62.04379562,37.95620438,516,516,137,85,52,0,1,1,50,1,1,50,0,0,0,0,gRNA_CDK9_targ_1524_3229
HDR,97.58064516,2.41935484,516,516,124,121,3,0,0,0,3,0,0,3,0,0,0,0,gRNA_CDK9_targ_1524_3229
Reference,14.04549951,85.95450049,4922,4921,1011,142,869,0,2,0,868,1,0,867,0,1,0,0,gRNA_CDK9_targ_1525_3230
HDR,10.37131882,89.62868118,4922,4921,3905,405,3500,0,0,0,3500,0,0,3500,0,0,0,0,gRNA_CDK9_targ_1525_3230
Reference,24.9122807,75.0877193,4922,4921,570,142,428,0,1,0,428,0,0,427,0,1,0,0,gRNA_CDK9_targ_1525_3231
HDR,19.47513812,80.52486188,4922,4921,4344,846,3498,0,0,0,3498,0,0,3498,0,0,0,0,gRNA_CDK9_targ_1525_3231
Reference,95.30201342,4.69798658,4922,4921,149,142,7,0,2,0,6,1,0,5,0,1,0,0,gRNA_CDK9_targ_1525_3232
HDR,75.48035561,24.51964439,4922,4921,3487,2632,855,0,0,0,855,0,0,855,0,0,0,0,gRNA_CDK9_targ_1525_3232
Reference,65.129683,34.870317,5719,5719,1041,678,363,0,0,0,363,0,0,363,0,0,0,0,gRNA_CDK9_targ_1526_3233
HDR,6.83721983,93.16278017,5719,5719,4417,302,4115,0,7,6,4108,7,0,4102,0,0,6,0,gRNA_CDK9_targ_1526_3233
Reference,53.47003155,46.52996845,5719,5719,1268,678,590,0,0,0,590,0,0,590,0,0,0,0,gRNA_CDK9_targ_1526_3234
HDR,1.06049651,98.93950349,5719,5719,4149,44,4105,0,0,6,4105,0,0,4099,0,0,6,0,gRNA_CDK9_targ_1526_3234
Reference,53.93794749,46.06205251,5719,5719,1257,678,579,0,0,0,579,0,0,579,0,0,0,0,gRNA_CDK9_targ_1526_3235
HDR,95.82118562,4.17881438,5719,5719,4116,3944,172,0,7,6,159,7,6,159,0,0,0,0,gRNA_CDK9_targ_1526_3235
Reference,96.47779479,3.52220521,5776,5776,1306,1260,46,0,0,0,46,0,0,46,0,0,0,0,gRNA_CDK9_targ_1527_3236
HDR,97.48757592,2.51242408,5776,5776,3622,3531,91,0,0,1,90,0,1,90,0,0,0,0,gRNA_CDK9_targ_1527_3236
Reference,93.2038835,6.7961165,5439,5439,103,96,7,0,1,1,6,0,1,5,0,1,0,0,gRNA_CDK9_targ_1528_3237
HDR,61.34473747,38.65526253,5439,5439,4209,2582,1627,0,1,5,1624,1,2,1621,0,0,3,0,gRNA_CDK9_targ_1528_3237
Reference,27.12842713,72.87157287,1997,1845,1386,376,1010,0,0,1,1009,0,1,1009,0,0,0,0,gRNA_CDK9_targ_1529_3238
HDR,97.72151899,2.27848101,1997,1845,395,386,9,0,0,1,9,0,0,8,0,0,1,0,gRNA_CDK9_targ_1529_3238
Reference,53.33333333,46.66666667,2639,2615,15,8,7,0,2,0,7,0,0,5,0,2,0,0,gRNA_CDK9_targ_1530_3239
HDR,11.06252733,88.93747267,2639,2615,2287,253,2034,0,0,60,1977,0,57,1974,0,0,3,0,gRNA_CDK9_targ_1530_3239
Reference,1.14777618,98.85222382,2639,2615,697,8,689,0,2,1,689,0,0,686,0,2,1,0,gRNA_CDK9_targ_1530_3240
HDR,0.1150748,99.8849252,2639,2615,1738,2,1736,0,0,2,1736,0,0,1734,0,0,2,0,gRNA_CDK9_targ_1530_3240
Reference,2.47678019,97.52321981,2639,2615,323,8,315,0,2,0,315,0,0,313,0,2,0,0,gRNA_CDK9_targ_1530_3241
HDR,46.44351464,53.55648536,2639,2615,1912,888,1024,0,0,59,968,0,56,965,0,0,3,0,gRNA_CDK9_targ_1530_3241
Reference,19.70260223,80.29739777,1857,1857,269,53,216,0,193,0,38,178,0,23,0,15,0,0,gRNA_CDK9_targ_1531_3242
HDR,79.93447993,20.06552007,1857,1857,1221,976,245,0,0,2,243,0,2,243,0,0,0,0,gRNA_CDK9_targ_1531_3242
Reference,17.30769231,82.69230769,54,54,52,9,43,0,1,0,43,0,0,42,0,1,0,0,gRNA_CDK9_targ_1534_3243
HDR,100.0,0.0,54,54,1,1,0,0,0,0,0,0,0,0,0,0,0,0,gRNA_CDK9_targ_1534_3243
Reference,77.22627737,22.77372263,3132,3132,685,529,156,0,130,0,66,90,0,26,0,40,0,0,gRNA_CDK9_targ_1538_3244
HDR,91.03927987,8.96072013,3132,3132,2444,2225,219,0,1,0,219,0,0,218,0,1,0,0,gRNA_CDK9_targ_1538_3244
Reference,72.12065814,27.87934186,5344,5189,2188,1578,610,0,535,16,430,165,15,59,0,370,1,0,gRNA_CDK9_targ_1539_3245
HDR,58.68096941,41.31903059,5344,5189,2517,1477,1040,0,403,5,1036,1,3,632,0,402,2,0,gRNA_CDK9_targ_1539_3245
Reference,56.43418468,43.56581532,2154,2154,2036,1149,887,0,26,463,402,25,460,398,0,1,3,0,gRNA_CDK9_targ_1540_3246
HDR,97.43589744,2.56410256,2154,2154,117,114,3,0,0,0,3,0,0,3,0,0,0,0,gRNA_CDK9_targ_1540_3246
Reference,64.22582448,35.77417552,2154,2154,1789,1149,640,0,26,462,155,25,460,152,0,1,2,0,gRNA_CDK9_targ_1540_3247
HDR,0.27624309,99.72375691,2154,2154,362,1,361,0,0,1,361,0,0,360,0,0,1,0,gRNA_CDK9_targ_1540_3247
Reference,64.29770565,35.70229435,2154,2154,1787,1149,638,0,25,463,154,24,460,150,0,1,3,0,gRNA_CDK9_targ_1540_3248
HDR,0.82417582,99.17582418,2154,2154,364,3,361,0,0,1,361,0,0,360,0,0,1,0,gRNA_CDK9_targ_1540_3248
Reference,68.55608592,31.44391408,2154,2154,1676,1149,527,0,26,463,42,25,460,38,0,1,3,0,gRNA_CDK9_targ_1540_3249
HDR,100.0,0.0,2154,2154,1,1,0,0,0,0,0,0,0,0,0,0,0,0,gRNA_CDK9_targ_1540_3249
Reference,68.63799283,31.36200717,2154,2154,1674,1149,525,0,26,463,40,25,460,36,0,1,3,0,gRNA_CDK9_targ_1540_3250
HDR,100.0,0.0,2154,2154,1,1,0,0,0,0,0,0,0,0,0,0,0,0,gRNA_CDK9_targ_1540_3250
Reference,64.26174497,35.73825503,2154,2154,1788,1149,639,0,26,463,154,25,460,150,0,1,3,0,gRNA_CDK9_targ_1540_3251
HDR,96.94444444,3.05555556,2154,2154,360,349,11,0,0,1,10,0,1,10,0,0,0,0,gRNA_CDK9_targ_1540_3251
Reference,64.11830357,35.88169643,2154,2154,1792,1149,643,0,26,463,158,25,460,154,0,1,3,0,gRNA_CDK9_targ_1540_3252
HDR,0.0,100.0,2154,2154,362,0,362,0,0,1,362,0,0,361,0,0,1,0,gRNA_CDK9_targ_1540_3252
Reference,0.30012005,99.69987995,4312,4309,3332,10,3322,0,382,2,2960,362,0,2938,0,20,2,0,gRNA_CDK9_targ_1541_3253
HDR,37.89907312,62.10092688,4312,4309,971,368,603,0,0,0,603,0,0,603,0,0,0,0,gRNA_CDK9_targ_1541_3253
Reference,2.55754476,97.44245524,4312,4309,391,10,381,0,1,1,380,1,0,379,0,0,1,0,gRNA_CDK9_targ_1541_3254
HDR,47.94637764,52.05362236,4312,4309,3506,1681,1825,0,6,2,1818,6,1,1817,0,0,1,0,gRNA_CDK9_targ_1541_3254
Reference,0.35932447,99.64067553,4312,4309,2783,10,2773,0,382,3,2411,362,0,2388,0,20,3,0,gRNA_CDK9_targ_1541_3255
HDR,0.06587615,99.93412385,4312,4309,1518,1,1517,0,0,0,1517,0,0,1517,0,0,0,0,gRNA_CDK9_targ_1541_3255
Reference,2.35849057,97.64150943,4312,4309,424,10,414,0,376,1,52,362,0,37,0,14,1,0,gRNA_CDK9_targ_1541_3256
HDR,2.16666667,97.83333333,4312,4309,600,13,587,0,0,1,587,0,0,586,0,0,1,0,gRNA_CDK9_targ_1541_3256
Reference,0.41684035,99.58315965,4312,4309,2399,10,2389,0,382,3,2027,362,0,2004,0,20,3,0,gRNA_CDK9_targ_1541_3257
HDR,0.0,100.0,4312,4309,582,0,582,0,0,0,582,0,0,582,0,0,0,0,gRNA_CDK9_targ_1541_3257
Reference,1.25313283,98.74686717,4312,4309,798,10,788,0,376,1,426,362,0,411,0,14,1,0,gRNA_CDK9_targ_1541_3258
HDR,58.2295082,41.7704918,4312,4309,1525,888,637,0,0,0,637,0,0,637,0,0,0,0,gRNA_CDK9_targ_1541_3258
Reference,0.3615329,99.6384671,4312,4309,2766,10,2756,0,382,2,2394,362,0,2372,0,20,2,0,gRNA_CDK9_targ_1541_3259
HDR,21.69934641,78.30065359,4312,4309,1530,332,1198,0,0,0,1198,0,0,1198,0,0,0,0,gRNA_CDK9_targ_1541_3259
Reference,16.61738616,83.38261384,3178,3177,1691,281,1410,0,66,368,1118,3,289,1039,0,0,16,63,gRNA_CDK9_targ_1542_3260
HDR,0.0,100.0,3178,3177,1451,0,1451,0,218,0,1451,0,0,1233,0,218,0,0,gRNA_CDK9_targ_1542_3260
Reference,19.5546277,80.4453723,3178,3177,1437,281,1156,0,221,2,1152,3,1,933,0,218,1,0,gRNA_CDK9_targ_1542_3261
HDR,0.0,100.0,3178,3177,1363,0,1363,0,0,0,1363,0,0,1363,0,0,0,0,gRNA_CDK9_targ_1542_3261
Reference,95.57823129,4.42176871,3178,3177,294,281,13,0,2,1,10,2,1,10,0,0,0,0,gRNA_CDK9_targ_1542_3262
HDR,14.06310869,85.93689131,3178,3177,2567,361,2206,0,282,64,2204,1,1,1923,0,218,0,63,gRNA_CDK9_targ_1542_3262
Reference,26.33552015,73.66447985,3178,3177,1067,281,786,0,67,368,494,3,289,414,0,1,16,63,gRNA_CDK9_targ_1542_3263
HDR,0.14044944,99.85955056,3178,3177,712,1,711,0,1,0,711,0,0,710,0,1,0,0,gRNA_CDK9_targ_1542_3263
Reference,46.44628099,53.55371901,3178,3177,605,281,324,0,3,305,31,3,290,16,0,0,15,0,gRNA_CDK9_targ_1542_3264
HDR,34.25675676,65.74324324,3178,3177,1480,507,973,0,219,0,782,191,0,754,0,28,0,0,gRNA_CDK9_targ_1542_3264
Reference,46.52317881,53.47682119,3178,3177,604,281,323,0,3,306,31,3,289,14,0,0,17,0,gRNA_CDK9_targ_1542_3265
HDR,44.68531469,55.31468531,3178,3177,1430,639,791,0,64,63,791,0,0,727,0,1,0,63,gRNA_CDK9_targ_1542_3265
Reference,28.79098361,71.20901639,3178,3177,976,281,695,0,3,308,402,3,290,384,0,0,18,0,gRNA_CDK9_targ_1542_3266
HDR,32.41444867,67.58555133,3178,3177,2104,682,1422,0,218,0,1422,0,0,1204,0,218,0,0,gRNA_CDK9_targ_1542_3266
Reference,41.90140845,58.09859155,4176,4176,852,357,495,0,479,3,55,440,0,13,0,39,3,0,gRNA_CDK9_targ_1543_3267
HDR,21.10252809,78.89747191,4176,4176,2848,601,2247,0,338,3,1946,300,1,1906,0,38,2,0,gRNA_CDK9_targ_1543_3267
Reference,86.70886076,13.29113924,176,176,158,137,21,0,1,0,21,0,0,20,0,1,0,0,gRNA_CDK9_targ_1546_3268
HDR,0.0,100.0,176,176,18,0,18,0,0,0,18,0,0,18,0,0,0,0,gRNA_CDK9_targ_1546_3268
Reference,95.8041958,4.1958042,176,176,143,137,6,0,0,0,6,0,0,6,0,0,0,0,gRNA_CDK9_targ_1546_3269
HDR,0.0,100.0,176,176,32,0,32,0,1,0,32,0,0,31,0,1,0,0,gRNA_CDK9_targ_1546_3269
Reference,95.8041958,4.1958042,176,176,143,137,6,0,0,0,6,0,0,6,0,0,0,0,gRNA_CDK9_targ_1546_3270
HDR,94.44444444,5.55555556,176,176,18,17,1,0,0,0,1,0,0,1,0,0,0,0,gRNA_CDK9_targ_1546_3270
Reference,1.16731518,98.83268482,895,895,771,9,762,0,47,0,762,0,0,715,0,47,0,0,gRNA_CDK9_targ_1547_3271
HDR,0.0,100.0,895,895,120,0,120,0,0,0,120,0,0,120,0,0,0,0,gRNA_CDK9_targ_1547_3271
Reference,50.0,50.0,895,895,18,9,9,0,0,0,9,0,0,9,0,0,0,0,gRNA_CDK9_targ_1547_3272
HDR,78.67730901,21.32269099,895,895,877,690,187,0,47,0,187,0,0,140,0,47,0,0,gRNA_CDK9_targ_1547_3272
Reference,50.0,50.0,895,895,18,9,9,0,0,0,9,0,0,9,0,0,0,0,gRNA_CDK9_targ_1547_3273
HDR,91.12903226,8.87096774,895,895,124,113,11,0,0,0,11,0,0,11,0,0,0,0,gRNA_CDK9_targ_1547_3273
Reference,75.0,25.0,542,535,4,3,1,0,0,0,1,0,0,1,0,0,0,0,gRNA_CDK9_targ_1549_3274
HDR,0.0,100.0,542,535,531,0,531,0,0,1,531,0,0,530,0,0,1,0,gRNA_CDK9_targ_1549_3274
Reference,75.0,25.0,542,535,4,3,1,0,0,0,1,0,0,1,0,0,0,0,gRNA_CDK9_targ_1549_3275
HDR,0.0,100.0,542,535,530,0,530,0,0,1,530,0,0,529,0,0,1,0,gRNA_CDK9_targ_1549_3275
Reference,75.0,25.0,542,535,4,3,1,0,0,0,1,0,0,1,0,0,0,0,gRNA_CDK9_targ_1549_3276
HDR,11.48775895,88.51224105,542,535,531,61,470,0,0,1,469,0,1,469,0,0,0,0,gRNA_CDK9_targ_1549_3276
Reference,11.53846154,88.46153846,583,582,572,66,506,0,1,1,505,1,0,504,0,0,1,0,gRNA_CDK9_targ_1550_3277
HDR,0.0,100.0,583,582,10,0,10,0,0,0,10,0,0,10,0,0,0,0,gRNA_CDK9_targ_1550_3277
Reference,95.65217391,4.34782609,583,582,69,66,3,0,1,0,2,1,0,2,0,0,0,0,gRNA_CDK9_targ_1550_3278
HDR,0.1953125,99.8046875,583,582,512,1,511,0,0,1,510,0,1,510,0,0,0,0,gRNA_CDK9_targ_1550_3278
Reference,95.65217391,4.34782609,583,582,69,66,3,0,0,0,3,0,0,3,0,0,0,0,gRNA_CDK9_targ_1550_3279
HDR,0.0,100.0,583,582,512,0,512,0,0,1,511,0,1,511,0,0,0,0,gRNA_CDK9_targ_1550_3279
Reference,94.28571429,5.71428571,583,582,70,66,4,0,1,0,3,1,0,3,0,0,0,0,gRNA_CDK9_targ_1550_3280
HDR,0.0,100.0,583,582,10,0,10,0,0,0,10,0,0,10,0,0,0,0,gRNA_CDK9_targ_1550_3280
Reference,94.28571429,5.71428571,583,582,70,66,4,0,1,0,3,1,0,3,0,0,0,0,gRNA_CDK9_targ_1550_3281
HDR,0.0,100.0,583,582,10,0,10,0,0,0,10,0,0,10,0,0,0,0,gRNA_CDK9_targ_1550_3281
Reference,97.05882353,2.94117647,583,582,68,66,2,0,0,0,2,0,0,2,0,0,0,0,gRNA_CDK9_targ_1550_3282
HDR,95.703125,4.296875,583,582,512,490,22,0,0,1,21,0,1,21,0,0,0,0,gRNA_CDK9_targ_1550_3282
Reference,94.28571429,5.71428571,583,582,70,66,4,0,1,0,3,1,0,3,0,0,0,0,gRNA_CDK9_targ_1550_3283
HDR,1.96078431,98.03921569,583,582,510,10,500,0,0,0,500,0,0,500,0,0,0,0,gRNA_CDK9_targ_1550_3283
Reference,0.0,100.0,135,135,124,0,124,0,0,0,124,0,0,124,0,0,0,0,gRNA_CDK9_targ_1551_3284
HDR,0.0,100.0,135,135,11,0,11,0,0,0,11,0,0,11,0,0,0,0,gRNA_CDK9_targ_1551_3284
Reference,0.0,100.0,135,135,134,0,134,0,0,0,134,0,0,134,0,0,0,0,gRNA_CDK9_targ_1551_3285
HDR,0.0,100.0,135,135,1,0,1,0,0,0,1,0,0,1,0,0,0,0,gRNA_CDK9_targ_1551_3285
Reference,0.0,100.0,135,135,124,0,124,0,0,0,124,0,0,124,0,0,0,0,gRNA_CDK9_targ_1551_3286
HDR,0.0,100.0,135,135,1,0,1,0,0,0,1,0,0,1,0,0,0,0,gRNA_CDK9_targ_1551_3286
Reference,11.54855643,88.45144357,1695,1695,762,88,674,0,0,44,674,0,0,630,0,0,44,0,gRNA_CDK9_targ_1552_3287
HDR,76.55913978,23.44086022,1695,1695,930,712,218,0,0,0,218,0,0,218,0,0,0,0,gRNA_CDK9_targ_1552_3287
Reference,6.34005764,93.65994236,1695,1695,1388,88,1300,0,0,44,1300,0,0,1256,0,0,44,0,gRNA_CDK9_targ_1552_3288
HDR,32.02614379,67.97385621,1695,1695,306,98,208,0,0,0,208,0,0,208,0,0,0,0,gRNA_CDK9_targ_1552_3288
Reference,13.23308271,86.76691729,1695,1695,665,88,577,0,0,44,577,0,0,533,0,0,44,0,gRNA_CDK9_targ_1552_3289
HDR,97.58454106,2.41545894,1695,1695,207,202,5,0,0,0,5,0,0,5,0,0,0,0,gRNA_CDK9_targ_1552_3289
Reference,8.9376054,91.0623946,2335,2335,593,53,540,0,0,0,540,0,0,540,0,0,0,0,gRNA_CDK9_targ_1553_3290
HDR,70.04025302,29.95974698,2335,2335,1739,1218,521,0,11,1,510,10,1,509,0,1,0,0,gRNA_CDK9_targ_1553_3290
Reference,3.34807328,96.65192672,2335,2335,1583,53,1530,0,11,1,1530,0,0,1518,0,11,1,0,gRNA_CDK9_targ_1553_3291
HDR,36.2183755,63.7816245,2335,2335,751,272,479,0,0,0,479,0,0,479,0,0,0,0,gRNA_CDK9_targ_1553_3291
Reference,16.66666667,83.33333333,2335,2335,318,53,265,0,0,0,265,0,0,265,0,0,0,0,gRNA_CDK9_targ_1553_3292
HDR,95.15789474,4.84210526,2335,2335,475,452,23,0,0,0,23,0,0,23,0,0,0,0,gRNA_CDK9_targ_1553_3292
Reference,8.56672158,91.43327842,610,610,607,52,555,0,0,0,555,0,0,555,0,0,0,0,gRNA_CDK9_targ_1554_3293
HDR,0.0,100.0,610,610,2,0,2,0,0,0,2,0,0,2,0,0,0,0,gRNA_CDK9_targ_1554_3293
Reference,49.05660377,50.94339623,610,610,106,52,54,0,0,0,54,0,0,54,0,0,0,0,gRNA_CDK9_targ_1554_3294
HDR,1.8957346,98.1042654,610,610,422,8,414,0,0,0,414,0,0,414,0,0,0,0,gRNA_CDK9_targ_1554_3294
Reference,27.65957447,72.34042553,610,610,188,52,136,0,0,0,136,0,0,136,0,0,0,0,gRNA_CDK9_targ_1554_3295
HDR,100.0,0.0,610,610,2,2,0,0,0,0,0,0,0,0,0,0,0,0,gRNA_CDK9_targ_1554_3295
Reference,5.44871795,94.55128205,342,342,312,17,295,0,2,3,295,0,0,290,0,2,3,0,gRNA_CDK9_targ_1555_3296
HDR,0.0,100.0,342,342,27,0,27,0,0,0,27,0,0,27,0,0,0,0,gRNA_CDK9_targ_1555_3296
Reference,85.0,15.0,342,342,20,17,3,0,0,1,3,0,0,2,0,0,1,0,gRNA_CDK9_targ_1555_3297
HDR,75.78616352,24.21383648,342,342,318,241,77,0,0,2,75,0,2,75,0,0,0,0,gRNA_CDK9_targ_1555_3297
Reference,70.83333333,29.16666667,342,342,24,17,7,0,2,1,7,0,0,4,0,2,1,0,gRNA_CDK9_targ_1555_3298
HDR,86.66666667,13.33333333,342,342,30,26,4,0,0,0,4,0,0,4,0,0,0,0,gRNA_CDK9_targ_1555_3298
Reference,3.36906585,96.63093415,1513,1513,1306,44,1262,0,0,1,1262,0,0,1261,0,0,1,0,gRNA_CDK9_targ_1556_3299
HDR,0.0,100.0,1513,1513,203,0,203,0,0,0,203,0,0,203,0,0,0,0,gRNA_CDK9_targ_1556_3299
Reference,3.0075188,96.9924812,1513,1513,1463,44,1419,0,0,1,1419,0,0,1418,0,0,1,0,gRNA_CDK9_targ_1556_3300
HDR,0.0,100.0,1513,1513,48,0,48,0,0,0,48,0,0,48,0,0,0,0,gRNA_CDK9_targ_1556_3300
Reference,5.20094563,94.79905437,1513,1513,846,44,802,0,0,1,802,0,0,801,0,0,1,0,gRNA_CDK9_targ_1556_3301
HDR,59.75609756,40.24390244,1513,1513,656,392,264,0,0,0,264,0,0,264,0,0,0,0,gRNA_CDK9_targ_1556_3301
Reference,3.48652932,96.51347068,1513,1513,1262,44,1218,0,0,1,1218,0,0,1217,0,0,1,0,gRNA_CDK9_targ_1556_3302
HDR,,,1513,1513,0,0,0,0,0,0,0,0,0,0,0,0,0,0,gRNA_CDK9_targ_1556_3302
Reference,5.13418903,94.86581097,1513,1513,857,44,813,0,0,1,813,0,0,812,0,0,1,0,gRNA_CDK9_targ_1556_3303
HDR,95.09803922,4.90196078,1513,1513,204,194,10,0,0,0,10,0,0,10,0,0,0,0,gRNA_CDK9_targ_1556_3303
Reference,5.13418903,94.86581097,1513,1513,857,44,813,0,0,1,813,0,0,812,0,0,1,0,gRNA_CDK9_targ_1556_3304
HDR,100.0,0.0,1513,1513,48,48,0,0,0,0,0,0,0,0,0,0,0,0,gRNA_CDK9_targ_1556_3304
Reference,3.48929421,96.51070579,1513,1513,1261,44,1217,0,0,1,1217,0,0,1216,0,0,1,0,gRNA_CDK9_targ_1556_3305
HDR,0.0,100.0,1513,1513,251,0,251,0,0,0,251,0,0,251,0,0,0,0,gRNA_CDK9_targ_1556_3305
Reference,94.71153846,5.28846154,1304,1304,208,197,11,0,1,2,8,1,2,8,0,0,0,0,gRNA_CDK9_targ_1557_3306
HDR,0.10050251,99.89949749,1304,1304,995,1,994,0,24,0,971,23,0,970,0,1,0,0,gRNA_CDK9_targ_1557_3306
Reference,15.41471049,84.58528951,1304,1304,1278,197,1081,0,26,2,1078,1,2,1053,0,25,0,0,gRNA_CDK9_targ_1557_3307
HDR,0.0,100.0,1304,1304,23,0,23,0,0,0,23,0,0,23,0,0,0,0,gRNA_CDK9_targ_1557_3307
Reference,59.6969697,40.3030303,1304,1304,330,197,133,0,24,0,133,0,0,109,0,24,0,0,gRNA_CDK9_targ_1557_3308
HDR,0.0,100.0,1304,1304,968,0,968,0,1,0,967,1,0,967,0,0,0,0,gRNA_CDK9_targ_1557_3308
Reference,63.75404531,36.24595469,1304,1304,309,197,112,0,2,2,109,1,2,108,0,1,0,0,gRNA_CDK9_targ_1557_3309
HDR,0.0,100.0,1304,1304,26,0,26,0,0,0,26,0,0,26,0,0,0,0,gRNA_CDK9_targ_1557_3309
Reference,64.16938111,35.83061889,1304,1304,307,197,110,0,0,2,108,0,2,108,0,0,0,0,gRNA_CDK9_targ_1557_3310
HDR,48.09474768,51.90525232,1304,1304,971,467,504,0,1,0,503,1,0,503,0,0,0,0,gRNA_CDK9_targ_1557_3310
Reference,58.63095238,41.36904762,1304,1304,336,197,139,0,25,2,136,1,2,112,0,24,0,0,gRNA_CDK9_targ_1557_3311
HDR,0.0,100.0,1304,1304,26,0,26,0,0,0,26,0,0,26,0,0,0,0,gRNA_CDK9_targ_1557_3311
Reference,59.15915916,40.84084084,1304,1304,333,197,136,0,25,2,133,1,2,109,0,24,0,0,gRNA_CDK9_targ_1557_3312
HDR,0.41365047,99.58634953,1304,1304,967,4,963,0,0,0,963,0,0,963,0,0,0,0,gRNA_CDK9_targ_1557_3312
Reference,15.20912548,84.79087452,269,267,263,40,223,0,0,0,223,0,0,223,0,0,0,0,gRNA_CDK9_targ_1558_3313
HDR,0.0,100.0,269,267,3,0,3,0,0,0,3,0,0,3,0,0,0,0,gRNA_CDK9_targ_1558_3313
Reference,17.85714286,82.14285714,269,267,224,40,184,0,0,0,184,0,0,184,0,0,0,0,gRNA_CDK9_targ_1558_3314
HDR,0.0,100.0,269,267,43,0,43,0,0,0,43,0,0,43,0,0,0,0,gRNA_CDK9_targ_1558_3314
Reference,93.02325581,6.97674419,269,267,43,40,3,0,0,0,3,0,0,3,0,0,0,0,gRNA_CDK9_targ_1558_3315
HDR,76.78571429,23.21428571,269,267,224,172,52,0,0,0,52,0,0,52,0,0,0,0,gRNA_CDK9_targ_1558_3315
Reference,14.98127341,85.01872659,269,267,267,40,227,0,0,0,227,0,0,227,0,0,0,0,gRNA_CDK9_targ_1558_3316
HDR,,,269,267,0,0,0,0,0,0,0,0,0,0,0,0,0,0,gRNA_CDK9_targ_1558_3316
Reference,17.85714286,82.14285714,269,267,224,40,184,0,0,0,184,0,0,184,0,0,0,0,gRNA_CDK9_targ_1558_3317
HDR,0.0,100.0,269,267,3,0,3,0,0,0,3,0,0,3,0,0,0,0,gRNA_CDK9_targ_1558_3317
Reference,93.02325581,6.97674419,269,267,43,40,3,0,0,0,3,0,0,3,0,0,0,0,gRNA_CDK9_targ_1558_3318
HDR,0.0,100.0,269,267,4,0,4,0,0,0,4,0,0,4,0,0,0,0,gRNA_CDK9_targ_1558_3318
Reference,15.15151515,84.84848485,269,267,264,40,224,0,0,0,224,0,0,224,0,0,0,0,gRNA_CDK9_targ_1558_3319
HDR,,,269,267,0,0,0,0,0,0,0,0,0,0,0,0,0,0,gRNA_CDK9_targ_1558_3319
Reference,93.02325581,6.97674419,269,267,43,40,3,0,0,0,3,0,0,3,0,0,0,0,gRNA_CDK9_targ_1558_3320
HDR,81.39534884,18.60465116,269,267,43,35,8,0,0,0,8,0,0,8,0,0,0,0,gRNA_CDK9_targ_1558_3320
Reference,17.85714286,82.14285714,269,267,224,40,184,0,0,0,184,0,0,184,0,0,0,0,gRNA_CDK9_targ_1558_3321
HDR,,,269,267,0,0,0,0,0,0,0,0,0,0,0,0,0,0,gRNA_CDK9_targ_1558_3321
Reference,93.02325581,6.97674419,269,267,43,40,3,0,0,0,3,0,0,3,0,0,0,0,gRNA_CDK9_targ_1558_3322
HDR,,,269,267,0,0,0,0,0,0,0,0,0,0,0,0,0,0,gRNA_CDK9_targ_1558_3322
Reference,17.93721973,82.06278027,269,267,223,40,183,0,0,0,183,0,0,183,0,0,0,0,gRNA_CDK9_targ_1558_3323
HDR,6.97674419,93.02325581,269,267,43,3,40,0,0,0,40,0,0,40,0,0,0,0,gRNA_CDK9_targ_1558_3323
Reference,15.15151515,84.84848485,269,267,264,40,224,0,0,0,224,0,0,224,0,0,0,0,gRNA_CDK9_targ_1558_3324
HDR,0.0,100.0,269,267,3,0,3,0,0,0,3,0,0,3,0,0,0,0,gRNA_CDK9_targ_1558_3324
Reference,15.20912548,84.79087452,269,267,263,40,223,0,0,0,223,0,0,223,0,0,0,0,gRNA_CDK9_targ_1558_3325
HDR,0.0,100.0,269,267,3,0,3,0,0,0,3,0,0,3,0,0,0,0,gRNA_CDK9_targ_1558_3325
Reference,17.85714286,82.14285714,269,267,224,40,184,0,0,0,184,0,0,184,0,0,0,0,gRNA_CDK9_targ_1558_3326
HDR,0.0,100.0,269,267,43,0,43,0,0,0,43,0,0,43,0,0,0,0,gRNA_CDK9_targ_1558_3326
Reference,17.85714286,82.14285714,269,267,224,40,184,0,0,0,184,0,0,184,0,0,0,0,gRNA_CDK9_targ_1558_3327
HDR,0.0,100.0,269,267,3,0,3,0,0,0,3,0,0,3,0,0,0,0,gRNA_CDK9_targ_1558_3327
Reference,0.7079646,99.2920354,764,764,565,4,561,0,30,1,561,0,0,530,0,30,1,0,gRNA_CDK9_targ_1559_3328
HDR,0.0,100.0,764,764,199,0,199,0,0,1,199,0,0,198,0,0,1,0,gRNA_CDK9_targ_1559_3328
Reference,40.0,60.0,764,764,10,4,6,0,0,0,6,0,0,6,0,0,0,0,gRNA_CDK9_targ_1559_3329
HDR,36.74033149,63.25966851,764,764,724,266,458,0,0,2,457,0,1,456,0,0,1,0,gRNA_CDK9_targ_1559_3329
Reference,1.29032258,98.70967742,764,764,310,4,306,0,30,1,306,0,0,275,0,30,1,0,gRNA_CDK9_targ_1559_3330
HDR,0.0,100.0,764,764,450,0,450,0,0,1,450,0,0,449,0,0,1,0,gRNA_CDK9_targ_1559_3330
Reference,10.0,90.0,764,764,40,4,36,0,30,0,36,0,0,6,0,30,0,0,gRNA_CDK9_targ_1559_3331
HDR,0.0,100.0,764,764,199,0,199,0,0,1,198,0,1,198,0,0,0,0,gRNA_CDK9_targ_1559_3331
Reference,1.28617363,98.71382637,764,764,311,4,307,0,30,1,307,0,0,276,0,30,1,0,gRNA_CDK9_targ_1559_3332
HDR,0.0,100.0,764,764,196,0,196,0,0,1,195,0,1,195,0,0,0,0,gRNA_CDK9_targ_1559_3332
Reference,10.25641026,89.74358974,764,764,39,4,35,0,30,0,35,0,0,5,0,30,0,0,gRNA_CDK9_targ_1559_3333
HDR,10.69042316,89.30957684,764,764,449,48,401,0,0,1,400,0,1,400,0,0,0,0,gRNA_CDK9_targ_1559_3333
Reference,1.28205128,98.71794872,764,764,312,4,308,0,30,1,308,0,0,277,0,30,1,0,gRNA_CDK9_targ_1559_3334
HDR,0.0,100.0,764,764,452,0,452,0,0,1,451,0,1,451,0,0,0,0,gRNA_CDK9_targ_1559_3334
Reference,4.3694141,95.6305859,1372,1125,1007,44,963,0,0,1,963,0,0,962,0,0,1,0,gRNA_CDK9_targ_1560_3335
HDR,0.0,100.0,1372,1125,111,0,111,0,0,10,106,0,5,101,0,0,5,0,gRNA_CDK9_targ_1560_3335
Reference,78.57142857,21.42857143,1372,1124,56,44,12,0,0,2,12,0,0,10,0,0,2,0,gRNA_CDK9_targ_1560_3336
HDR,29.11585366,70.88414634,1372,1124,656,191,465,0,0,3,465,0,0,462,0,0,3,0,gRNA_CDK9_targ_1560_3336
Reference,6.57698057,93.42301943,1372,1124,669,44,625,0,0,3,625,0,0,622,0,0,3,0,gRNA_CDK9_targ_1560_3337
HDR,0.0,100.0,1372,1124,444,0,444,0,0,1,444,0,0,443,0,0,1,0,gRNA_CDK9_targ_1560_3337
Reference,9.62800875,90.37199125,1372,1124,457,44,413,0,0,0,413,0,0,413,0,0,0,0,gRNA_CDK9_targ_1560_3338
HDR,0.0,100.0,1372,1124,111,0,111,0,0,7,106,0,5,104,0,0,2,0,gRNA_CDK9_targ_1560_3338
Reference,6.71755725,93.28244275,1372,1124,655,44,611,0,0,1,611,0,0,610,0,0,1,0,gRNA_CDK9_targ_1560_3339
HDR,0.0,100.0,1372,1124,99,0,99,0,1,8,94,0,5,91,0,0,2,1,gRNA_CDK9_targ_1560_3339
Reference,9.62800875,90.37199125,1372,1124,457,44,413,0,0,2,413,0,0,411,0,0,2,0,gRNA_CDK9_targ_1560_3340
HDR,0.0,100.0,1372,1124,444,0,444,0,0,2,444,0,0,442,0,0,2,0,gRNA_CDK9_targ_1560_3340
Reference,6.676783,93.323217,1372,1124,659,44,615,0,0,3,615,0,0,612,0,0,3,0,gRNA_CDK9_targ_1560_3341
HDR,0.0,100.0,1372,1124,461,0,461,0,0,7,456,0,5,454,0,0,2,0,gRNA_CDK9_targ_1560_3341
Reference,,,1823,1771,0,0,0,0,0,0,0,0,0,0,0,0,0,0,gRNA_CDK9_targ_1561_3342
HDR,0.0,100.0,1823,1771,1671,0,1671,0,37,93,1581,0,90,1541,0,37,3,0,gRNA_CDK9_targ_1561_3342
Reference,0.0,100.0,1823,1770,100,0,100,0,0,99,100,0,0,1,0,0,99,0,gRNA_CDK9_targ_1561_3343
HDR,0.0,100.0,1823,1770,1500,0,1500,0,37,3,1500,0,0,1460,0,37,3,0,gRNA_CDK9_targ_1561_3343
Reference,0.0,100.0,1823,1770,297,0,297,0,0,99,297,0,0,198,0,0,99,0,gRNA_CDK9_targ_1561_3344
HDR,0.0,100.0,1823,1770,1382,0,1382,0,37,3,1382,0,0,1342,0,37,3,0,gRNA_CDK9_targ_1561_3344
Reference,0.0,100.0,1823,1770,11,0,11,0,0,10,11,0,0,1,0,0,10,0,gRNA_CDK9_targ_1561_3345
HDR,1.26502214,98.73497786,1823,1770,1581,20,1561,0,37,3,1525,35,1,1521,0,2,2,0,gRNA_CDK9_targ_1561_3345
Reference,0.0,100.0,1823,1770,11,0,11,0,0,10,11,0,0,1,0,0,10,0,gRNA_CDK9_targ_1561_3346
HDR,0.0,100.0,1823,1770,1384,0,1384,0,37,3,1383,0,1,1344,0,37,2,0,gRNA_CDK9_targ_1561_3346
Reference,0.0,100.0,1823,1770,181,0,181,0,0,99,181,0,0,82,0,0,99,0,gRNA_CDK9_targ_1561_3347
HDR,0.0,100.0,1823,1770,1384,0,1384,0,37,3,1348,35,1,1344,0,2,2,0,gRNA_CDK9_targ_1561_3347
Reference,0.0,100.0,1823,1770,100,0,100,0,0,99,100,0,0,1,0,0,99,0,gRNA_CDK9_targ_1561_3348
HDR,66.13333333,33.86666667,1823,1770,1500,992,508,0,37,3,470,35,3,468,0,2,0,0,gRNA_CDK9_targ_1561_3348
Reference,,,805,805,0,0,0,0,0,0,0,0,0,0,0,0,0,0,gRNA_CDK9_targ_1563_3349
HDR,0.86956522,99.13043478,805,805,805,7,798,0,1,0,798,0,0,797,0,1,0,0,gRNA_CDK9_targ_1563_3349
Reference,0.0,100.0,121,121,101,0,101,0,0,0,101,0,0,101,0,0,0,0,gRNA_CDK9_targ_1564_3350
HDR,0.0,100.0,121,121,18,0,18,0,0,0,18,0,0,18,0,0,0,0,gRNA_CDK9_targ_1564_3350
Reference,,,121,121,0,0,0,0,0,0,0,0,0,0,0,0,0,0,gRNA_CDK9_targ_1564_3351
HDR,0.0,100.0,121,121,121,0,121,0,0,2,121,0,0,119,0,0,2,0,gRNA_CDK9_targ_1564_3351
Reference,,,121,121,0,0,0,0,0,0,0,0,0,0,0,0,0,0,gRNA_CDK9_targ_1564_3352
HDR,5.55555556,94.44444444,121,121,18,1,17,0,0,0,17,0,0,17,0,0,0,0,gRNA_CDK9_targ_1564_3352
Reference,63.41829085,36.58170915,3475,3475,667,423,244,0,230,1,28,215,1,13,0,15,0,0,gRNA_CDK9_targ_1566_3353
HDR,96.63834503,3.36165497,3475,3475,2707,2616,91,0,4,2,85,4,2,85,0,0,0,0,gRNA_CDK9_targ_1566_3353
Reference,26.47900763,73.52099237,2127,2127,2096,555,1541,0,3,1,1540,0,1,1537,0,3,0,0,gRNA_CDK9_targ_1567_3354
HDR,3.22580645,96.77419355,2127,2127,31,1,30,0,0,0,30,0,0,30,0,0,0,0,gRNA_CDK9_targ_1567_3354
Reference,49.17265064,50.82734936,3631,3631,3203,1575,1628,0,6,9,1620,1,7,1613,0,5,2,0,gRNA_CDK9_targ_1568_3355
HDR,5.55555556,94.44444444,3631,3631,414,23,391,0,0,0,391,0,0,391,0,0,0,0,gRNA_CDK9_targ_1568_3355
Reference,92.86556604,7.13443396,3631,3631,1696,1575,121,0,2,7,113,1,7,112,0,1,0,0,gRNA_CDK9_targ_1568_3356
HDR,23.43182996,76.56817004,3631,3631,1929,452,1477,0,4,1,1472,4,1,1472,0,0,0,0,gRNA_CDK9_targ_1568_3356
Reference,58.70294447,41.29705553,3631,3631,2683,1575,1108,0,6,8,1101,1,6,1094,0,5,2,0,gRNA_CDK9_targ_1568_3357
HDR,0.21186441,99.78813559,3631,3631,944,2,942,0,0,0,942,0,0,942,0,0,0,0,gRNA_CDK9_targ_1568_3357
Reference,93.9177102,6.0822898,3631,3631,1677,1575,102,0,2,8,94,1,7,92,0,1,1,0,gRNA_CDK9_targ_1568_3358
HDR,80.6122449,19.3877551,3631,3631,392,316,76,0,0,0,76,0,0,76,0,0,0,0,gRNA_CDK9_targ_1568_3358
Reference,67.33646858,32.66353142,3631,3631,2339,1575,764,0,6,9,756,1,7,749,0,5,2,0,gRNA_CDK9_targ_1568_3359
HDR,0.0,100.0,3631,3631,66,0,66,0,0,0,66,0,0,66,0,0,0,0,gRNA_CDK9_targ_1568_3359
Reference,92.70158917,7.29841083,3631,3631,1699,1575,124,0,2,8,116,1,7,114,0,1,1,0,gRNA_CDK9_targ_1568_3360
HDR,91.09225875,8.90774125,3631,3631,943,859,84,0,0,0,84,0,0,84,0,0,0,0,gRNA_CDK9_targ_1568_3360
Reference,66.680779,33.319221,3631,3631,2362,1575,787,0,6,9,779,1,7,772,0,5,2,0,gRNA_CDK9_targ_1568_3361
HDR,0.63191153,99.36808847,3631,3631,1266,8,1258,0,0,0,1258,0,0,1258,0,0,0,0,gRNA_CDK9_targ_1568_3361
Reference,12.49576702,87.50423298,5165,5165,2953,369,2584,0,3,6,2583,0,1,2575,0,3,5,0,gRNA_CDK9_targ_1569_3362
HDR,0.04555809,99.95444191,5165,5165,2195,1,2194,0,0,6,2194,0,0,2188,0,0,6,0,gRNA_CDK9_targ_1569_3362
Reference,40.37199125,59.62800875,5165,5165,914,369,545,0,0,3,544,0,1,542,0,0,2,0,gRNA_CDK9_targ_1569_3363
HDR,19.83704168,80.16295832,5165,5165,3191,633,2558,0,1,11,2556,0,2,2546,0,1,9,0,gRNA_CDK9_targ_1569_3363
Reference,19.06976744,80.93023256,5165,5165,1935,369,1566,0,3,5,1565,0,1,1558,0,3,4,0,gRNA_CDK9_targ_1569_3364
HDR,10.91472868,89.08527132,5165,5165,3225,352,2873,0,0,10,2872,0,1,2863,0,0,9,0,gRNA_CDK9_targ_1569_3364
Reference,9.77742448,90.22257552,5165,5165,3774,369,3405,0,2,6,3404,0,1,3397,0,2,5,0,gRNA_CDK9_targ_1569_3365
HDR,11.40794224,88.59205776,5165,5165,1385,158,1227,0,1,9,1226,0,1,1217,0,1,8,0,gRNA_CDK9_targ_1569_3365
Reference,18.79775853,81.20224147,5165,5165,1963,369,1594,0,2,4,1593,0,1,1588,0,2,3,0,gRNA_CDK9_targ_1569_3366
HDR,0.04549591,99.95450409,5165,5165,2198,1,2197,0,0,6,2197,0,0,2191,0,0,6,0,gRNA_CDK9_targ_1569_3366
Reference,19.05991736,80.94008264,5165,5165,1936,369,1567,0,3,5,1566,0,1,1559,0,3,4,0,gRNA_CDK9_targ_1569_3367
HDR,0.04547522,99.95452478,5165,5165,2199,1,2198,0,0,9,2198,0,0,2189,0,0,9,0,gRNA_CDK9_targ_1569_3367
Reference,14.07322654,85.92677346,5165,5165,2622,369,2253,0,2,5,2252,0,1,2246,0,2,4,0,gRNA_CDK9_targ_1569_3368
HDR,0.0,100.0,5165,5165,1046,0,1046,0,0,8,1046,0,0,1038,0,0,8,0,gRNA_CDK9_targ_1569_3368
Reference,28.78315133,71.21684867,5165,5165,1282,369,913,0,2,3,912,0,1,908,0,2,2,0,gRNA_CDK9_targ_1569_3369
HDR,4.65034965,95.34965035,5165,5165,2860,133,2727,0,0,9,2727,0,0,2718,0,0,9,0,gRNA_CDK9_targ_1569_3369
Reference,20.43189369,79.56810631,5165,5165,1806,369,1437,0,2,3,1436,0,1,1432,0,2,2,0,gRNA_CDK9_targ_1569_3370
HDR,0.65252855,99.34747145,5165,5165,1226,8,1218,0,1,8,1214,1,3,1209,0,0,5,0,gRNA_CDK9_targ_1569_3370
Reference,20.87104072,79.12895928,5165,5165,1768,369,1399,0,2,4,1398,0,1,1393,0,2,3,0,gRNA_CDK9_targ_1569_3371
HDR,0.0,100.0,5165,5165,1218,0,1218,0,0,8,1215,0,3,1210,0,0,5,0,gRNA_CDK9_targ_1569_3371
Reference,16.06443187,83.93556813,5165,5165,2297,369,1928,0,3,6,1927,0,1,1919,0,3,5,0,gRNA_CDK9_targ_1569_3372
HDR,44.60204886,55.39795114,5165,5165,2538,1132,1406,0,0,6,1404,0,2,1400,0,0,4,0,gRNA_CDK9_targ_1569_3372
Reference,13.27338129,86.72661871,5165,5165,2780,369,2411,0,2,6,2410,0,1,2403,0,2,5,0,gRNA_CDK9_targ_1569_3373
HDR,0.0,100.0,5165,5165,2377,0,2377,0,1,9,2376,0,1,2367,0,1,8,0,gRNA_CDK9_targ_1569_3373
Reference,13.22580645,86.77419355,5165,5165,2790,369,2421,0,3,6,2420,0,1,2412,0,3,5,0,gRNA_CDK9_targ_1569_3374
HDR,0.0,100.0,5165,5165,2368,0,2368,0,0,9,2365,0,3,2359,0,0,6,0,gRNA_CDK9_targ_1569_3374
Reference,16.0924553,83.9075447,5165,5165,2293,369,1924,0,2,6,1923,0,1,1916,0,2,5,0,gRNA_CDK9_targ_1569_3375
HDR,6.71641791,93.28358209,5165,5165,2546,171,2375,0,1,9,2372,0,3,2365,0,1,6,0,gRNA_CDK9_targ_1569_3375
Reference,14.11089866,85.88910134,5165,5165,2615,369,2246,0,2,6,2245,0,1,2238,0,2,5,0,gRNA_CDK9_targ_1569_3376
HDR,17.53274187,82.46725813,5165,5165,2367,415,1952,0,0,9,1949,0,3,1943,0,0,6,0,gRNA_CDK9_targ_1569_3376
Reference,4.79452055,95.20547945,439,439,438,21,417,0,0,2,417,0,0,415,0,0,2,0,gRNA_CDK9_targ_1570_3377
HDR,,,439,439,0,0,0,0,0,0,0,0,0,0,0,0,0,0,gRNA_CDK9_targ_1570_3377
Reference,87.5,12.5,439,439,24,21,3,0,0,0,3,0,0,3,0,0,0,0,gRNA_CDK9_targ_1570_3378
HDR,29.78208232,70.21791768,439,439,413,123,290,0,0,2,290,0,0,288,0,0,2,0,gRNA_CDK9_targ_1570_3378
Reference,14.38356164,85.61643836,439,439,146,21,125,0,0,0,125,0,0,125,0,0,0,0,gRNA_CDK9_targ_1570_3379
HDR,0.76923077,99.23076923,439,439,130,1,129,0,0,1,129,0,0,128,0,0,1,0,gRNA_CDK9_targ_1570_3379
Reference,4.84988453,95.15011547,439,439,433,21,412,0,0,2,412,0,0,410,0,0,2,0,gRNA_CDK9_targ_1570_3380
HDR,0.0,100.0,439,439,5,0,5,0,0,0,5,0,0,5,0,0,0,0,gRNA_CDK9_targ_1570_3380
Reference,84.0,16.0,439,439,25,21,4,0,0,0,4,0,0,4,0,0,0,0,gRNA_CDK9_targ_1570_3381
HDR,,,439,439,0,0,0,0,0,0,0,0,0,0,0,0,0,0,gRNA_CDK9_targ_1570_3381
Reference,6.81818182,93.18181818,439,439,308,21,287,0,0,1,287,0,0,286,0,0,1,0,gRNA_CDK9_targ_1570_3382
HDR,,,439,439,0,0,0,0,0,0,0,0,0,0,0,0,0,0,gRNA_CDK9_targ_1570_3382
Reference,4.83870968,95.16129032,439,439,434,21,413,0,0,3,412,0,1,410,0,0,2,0,gRNA_CDK9_targ_1570_3383
HDR,,,439,439,0,0,0,0,0,0,0,0,0,0,0,0,0,0,gRNA_CDK9_targ_1570_3383
Reference,91.30434783,8.69565217,439,439,23,21,2,0,0,0,2,0,0,2,0,0,0,0,gRNA_CDK9_targ_1570_3384
HDR,41.2371134,58.7628866,439,439,291,120,171,0,0,2,170,0,1,169,0,0,1,0,gRNA_CDK9_targ_1570_3384
Reference,87.5,12.5,439,439,24,21,3,0,0,0,3,0,0,3,0,0,0,0,gRNA_CDK9_targ_1570_3385
HDR,0.0,100.0,439,439,5,0,5,0,0,0,5,0,0,5,0,0,0,0,gRNA_CDK9_targ_1570_3385
Reference,6.81818182,93.18181818,439,439,308,21,287,0,0,1,287,0,0,286,0,0,1,0,gRNA_CDK9_targ_1570_3386
HDR,0.0,100.0,439,439,5,0,5,0,0,0,5,0,0,5,0,0,0,0,gRNA_CDK9_targ_1570_3386
Reference,14.28571429,85.71428571,439,439,147,21,126,0,0,0,126,0,0,126,0,0,0,0,gRNA_CDK9_targ_1570_3387
HDR,0.0,100.0,439,439,128,0,128,0,0,1,128,0,0,127,0,0,1,0,gRNA_CDK9_targ_1570_3387
Reference,4.83870968,95.16129032,439,439,434,21,413,0,0,3,412,0,1,410,0,0,2,0,gRNA_CDK9_targ_1570_3388
HDR,0.0,100.0,439,439,4,0,4,0,0,0,4,0,0,4,0,0,0,0,gRNA_CDK9_targ_1570_3388
Reference,4.83870968,95.16129032,439,439,434,21,413,0,0,3,412,0,1,410,0,0,2,0,gRNA_CDK9_targ_1570_3389
HDR,0.0,100.0,439,439,5,0,5,0,0,0,5,0,0,5,0,0,0,0,gRNA_CDK9_targ_1570_3389
Reference,14.28571429,85.71428571,439,439,147,21,126,0,0,0,126,0,0,126,0,0,0,0,gRNA_CDK9_targ_1570_3390
HDR,3.10077519,96.89922481,439,439,129,4,125,0,0,1,125,0,0,124,0,0,1,0,gRNA_CDK9_targ_1570_3390
Reference,6.77419355,93.22580645,439,439,310,21,289,0,0,2,288,0,1,287,0,0,1,0,gRNA_CDK9_targ_1570_3391
HDR,0.0,100.0,439,439,5,0,5,0,0,0,5,0,0,5,0,0,0,0,gRNA_CDK9_targ_1570_3391
Reference,69.10569106,30.89430894,247,247,246,170,76,0,1,1,75,0,1,74,0,1,0,0,gRNA_CDK9_targ_1571_3392
HDR,,,247,247,0,0,0,0,0,0,0,0,0,0,0,0,0,0,gRNA_CDK9_targ_1571_3392
Reference,91.89189189,8.10810811,247,247,185,170,15,0,1,1,14,0,1,13,0,1,0,0,gRNA_CDK9_targ_1571_3393
HDR,1.63934426,98.36065574,247,247,61,1,60,0,0,0,60,0,0,60,0,0,0,0,gRNA_CDK9_targ_1571_3393
Reference,91.89189189,8.10810811,247,247,185,170,15,0,0,1,14,0,1,14,0,0,0,0,gRNA_CDK9_targ_1571_3394
HDR,0.0,100.0,247,247,61,0,61,0,1,0,60,1,0,60,0,0,0,0,gRNA_CDK9_targ_1571_3394
Reference,72.34042553,27.65957447,247,247,235,170,65,0,1,1,64,0,1,63,0,1,0,0,gRNA_CDK9_targ_1571_3395
HDR,0.0,100.0,247,247,12,0,12,0,0,0,12,0,0,12,0,0,0,0,gRNA_CDK9_targ_1571_3395
Reference,91.39784946,8.60215054,247,247,186,170,16,0,1,1,15,0,1,14,0,1,0,0,gRNA_CDK9_targ_1571_3396
HDR,,,247,247,0,0,0,0,0,0,0,0,0,0,0,0,0,0,gRNA_CDK9_targ_1571_3396
Reference,91.39784946,8.60215054,247,247,186,170,16,0,0,1,15,0,1,15,0,0,0,0,gRNA_CDK9_targ_1571_3397
HDR,,,247,247,0,0,0,0,0,0,0,0,0,0,0,0,0,0,gRNA_CDK9_targ_1571_3397
Reference,72.34042553,27.65957447,247,247,235,170,65,0,1,1,64,0,1,63,0,1,0,0,gRNA_CDK9_targ_1571_3398
HDR,,,247,247,0,0,0,0,0,0,0,0,0,0,0,0,0,0,gRNA_CDK9_targ_1571_3398
Reference,91.89189189,8.10810811,247,247,185,170,15,0,0,1,14,0,1,14,0,0,0,0,gRNA_CDK9_targ_1571_3399
HDR,76.66666667,23.33333333,247,247,60,46,14,0,0,0,14,0,0,14,0,0,0,0,gRNA_CDK9_targ_1571_3399
Reference,91.89189189,8.10810811,247,247,185,170,15,0,0,1,14,0,1,14,0,0,0,0,gRNA_CDK9_targ_1571_3400
HDR,0.0,100.0,247,247,12,0,12,0,0,0,12,0,0,12,0,0,0,0,gRNA_CDK9_targ_1571_3400
Reference,91.39784946,8.60215054,247,247,186,170,16,0,0,1,15,0,1,15,0,0,0,0,gRNA_CDK9_targ_1571_3401
HDR,0.0,100.0,247,247,12,0,12,0,0,0,12,0,0,12,0,0,0,0,gRNA_CDK9_targ_1571_3401
Reference,90.90909091,9.09090909,247,247,187,170,17,0,1,1,16,0,1,15,0,1,0,0,gRNA_CDK9_targ_1571_3402
HDR,0.0,100.0,247,247,60,0,60,0,0,0,60,0,0,60,0,0,0,0,gRNA_CDK9_targ_1571_3402
Reference,72.34042553,27.65957447,247,247,235,170,65,0,1,1,64,0,1,63,0,1,0,0,gRNA_CDK9_targ_1571_3403
HDR,0.0,100.0,247,247,12,0,12,0,0,0,12,0,0,12,0,0,0,0,gRNA_CDK9_targ_1571_3403
Reference,72.34042553,27.65957447,247,247,235,170,65,0,1,1,64,0,1,63,0,1,0,0,gRNA_CDK9_targ_1571_3404
HDR,0.0,100.0,247,247,12,0,12,0,0,0,12,0,0,12,0,0,0,0,gRNA_CDK9_targ_1571_3404
Reference,90.90909091,9.09090909,247,247,187,170,17,0,1,1,16,0,1,15,0,1,0,0,gRNA_CDK9_targ_1571_3405
HDR,20.0,80.0,247,247,60,12,48,0,0,0,48,0,0,48,0,0,0,0,gRNA_CDK9_targ_1571_3405
Reference,90.90909091,9.09090909,247,247,187,170,17,0,1,1,16,0,1,15,0,1,0,0,gRNA_CDK9_targ_1571_3406
HDR,0.0,100.0,247,247,12,0,12,0,0,0,12,0,0,12,0,0,0,0,gRNA_CDK9_targ_1571_3406
Reference,1.4952841,98.5047159,4357,4357,4347,65,4282,0,278,293,4281,1,0,3712,0,276,292,1,gRNA_CDK9_targ_1572_3407
HDR,0.0,100.0,4357,4357,6,0,6,0,0,0,6,0,0,6,0,0,0,0,gRNA_CDK9_targ_1572_3407
Reference,1.60811479,98.39188521,4357,4357,4042,65,3977,0,279,90,3976,1,0,3609,0,277,89,1,gRNA_CDK9_targ_1572_3408
HDR,0.0,100.0,4357,4357,98,0,98,0,0,0,98,0,0,98,0,0,0,0,gRNA_CDK9_targ_1572_3408
Reference,17.9558011,82.0441989,4357,4357,362,65,297,0,1,2,296,1,0,294,0,0,2,0,gRNA_CDK9_targ_1572_3409
HDR,0.21505376,99.78494624,4357,4357,3720,8,3712,0,6,290,3436,0,276,3416,0,6,14,0,gRNA_CDK9_targ_1572_3409
Reference,9.39306358,90.60693642,4357,4357,692,65,627,0,1,87,627,0,0,539,0,1,87,0,gRNA_CDK9_targ_1572_3410
HDR,0.0,100.0,4357,4357,2222,0,2222,0,5,202,2028,0,194,2015,0,5,8,0,gRNA_CDK9_targ_1572_3410
Reference,1.52941176,98.47058824,4357,4357,4250,65,4185,0,279,292,4184,1,0,3615,0,277,291,1,gRNA_CDK9_targ_1572_3411
HDR,,,4357,4357,0,0,0,0,0,0,0,0,0,0,0,0,0,0,gRNA_CDK9_targ_1572_3411
Reference,10.23622047,89.76377953,4357,4357,635,65,570,0,273,3,569,1,0,295,0,271,2,1,gRNA_CDK9_targ_1572_3412
HDR,0.0,100.0,4357,4357,7,0,7,0,0,0,7,0,0,7,0,0,0,0,gRNA_CDK9_targ_1572_3412
Reference,3.04878049,96.95121951,4357,4357,2132,65,2067,0,274,91,2066,1,0,1703,0,272,90,1,gRNA_CDK9_targ_1572_3413
HDR,0.0,100.0,4357,4357,6,0,6,0,0,0,6,0,0,6,0,0,0,0,gRNA_CDK9_targ_1572_3413
Reference,10.23622047,89.76377953,4357,4357,635,65,570,0,273,3,569,1,0,295,0,271,2,1,gRNA_CDK9_targ_1572_3414
HDR,0.88495575,99.11504425,4357,4357,113,1,112,0,0,3,112,0,0,109,0,0,3,0,gRNA_CDK9_targ_1572_3414
Reference,3.05594734,96.94405266,4357,4357,2127,65,2062,0,274,91,2061,1,0,1698,0,272,90,1,gRNA_CDK9_targ_1572_3415
HDR,0.0,100.0,4357,4357,303,0,303,0,0,200,109,0,194,103,0,0,6,0,gRNA_CDK9_targ_1572_3415
Reference,17.9558011,82.0441989,4357,4357,362,65,297,0,0,2,297,0,0,295,0,0,2,0,gRNA_CDK9_targ_1572_3416
HDR,44.02842307,55.97157693,4357,4357,3659,1611,2048,0,277,205,1609,242,196,1567,1,34,8,0,gRNA_CDK9_targ_1572_3416
Reference,1.53482881,98.46517119,4357,4357,4235,65,4170,0,279,290,4169,1,0,3602,0,277,289,1,gRNA_CDK9_targ_1572_3417
HDR,0.0,100.0,4357,4357,104,0,104,0,0,0,104,0,0,104,0,0,0,0,gRNA_CDK9_targ_1572_3417
Reference,1.60692213,98.39307787,4357,4357,4045,65,3980,0,279,92,3979,1,0,3610,0,277,91,1,gRNA_CDK9_targ_1572_3418
HDR,0.0,100.0,4357,4357,103,0,103,0,0,0,103,0,0,103,0,0,0,0,gRNA_CDK9_targ_1572_3418
Reference,9.33908046,90.66091954,4357,4357,696,65,631,0,2,88,630,1,0,541,0,1,88,0,gRNA_CDK9_targ_1572_3419
HDR,0.29658922,99.70341078,4357,4357,2023,6,2017,0,5,2,2017,0,0,2010,0,5,2,0,gRNA_CDK9_targ_1572_3419
Reference,9.40665702,90.59334298,4357,4357,691,65,626,0,2,85,625,1,0,539,0,1,85,0,gRNA_CDK9_targ_1572_3420
HDR,4.73372781,95.26627219,4357,4357,2028,96,1932,0,5,2,1932,0,0,1925,0,5,2,0,gRNA_CDK9_targ_1572_3420
Reference,2.79569892,97.20430108,4357,4357,2325,65,2260,0,274,290,2259,1,0,1697,0,272,289,1,gRNA_CDK9_targ_1572_3421
HDR,0.0,100.0,4357,4357,109,0,109,0,0,0,109,0,0,109,0,0,0,0,gRNA_CDK9_targ_1572_3421
Reference,0.72595281,99.27404719,3138,3057,551,4,547,0,240,66,524,0,23,241,0,240,43,0,gRNA_CDK9_targ_1573_3422
HDR,0.04199916,99.95800084,3138,3057,2381,1,2380,0,0,1,2380,0,0,2379,0,0,1,0,gRNA_CDK9_targ_1573_3422
Reference,0.14630578,99.85369422,3138,3057,2734,4,2730,0,239,65,2707,0,23,2426,0,239,42,0,gRNA_CDK9_targ_1573_3423
HDR,0.35460993,99.64539007,3138,3057,282,1,281,0,0,0,281,0,0,281,0,0,0,0,gRNA_CDK9_targ_1573_3423
Reference,1.47601476,98.52398524,3138,3057,271,4,267,0,0,14,253,0,14,253,0,0,0,0,gRNA_CDK9_targ_1573_3424
HDR,2.35421949,97.64578051,3138,3057,2761,65,2696,0,240,43,2434,221,41,2413,0,19,2,0,gRNA_CDK9_targ_1573_3424
Reference,0.61349693,99.38650307,3138,3057,652,4,648,0,240,56,634,0,14,352,0,240,42,0,gRNA_CDK9_targ_1573_3425
HDR,0.0,100.0,3138,3057,285,0,285,0,0,1,285,0,0,284,0,0,1,0,gRNA_CDK9_targ_1573_3425
Reference,12.5,87.5,3138,3057,32,4,28,0,0,24,5,0,23,4,0,0,1,0,gRNA_CDK9_targ_1573_3426
HDR,30.49487294,69.50512706,3138,3057,2243,684,1559,0,0,1,1559,0,0,1558,0,0,1,0,gRNA_CDK9_targ_1573_3426
Reference,1.41843972,98.58156028,3138,3057,282,4,278,0,0,25,255,0,23,253,0,0,2,0,gRNA_CDK9_targ_1573_3427
HDR,0.0,100.0,3138,3057,306,0,306,0,1,0,306,0,0,305,0,1,0,0,gRNA_CDK9_targ_1573_3427
Reference,0.51480051,99.48519949,3138,3057,777,4,773,0,239,66,750,0,23,468,0,239,43,0,gRNA_CDK9_targ_1573_3428
HDR,6.14734866,93.85265134,3138,3057,2131,131,2000,0,0,1,2000,0,0,1999,0,0,1,0,gRNA_CDK9_targ_1573_3428
Reference,0.81190798,99.18809202,2259,2259,739,6,733,0,193,0,571,162,0,540,0,31,0,0,gRNA_CDK9_targ_1574_3429
HDR,0.26385224,99.73614776,2259,2259,1516,4,1512,0,120,1,1512,0,0,1391,0,120,1,0,gRNA_CDK9_targ_1574_3429
Reference,0.35046729,99.64953271,2259,2259,1712,6,1706,0,316,0,1542,164,0,1390,0,152,0,0,gRNA_CDK9_targ_1574_3430
HDR,0.0,100.0,2259,2259,225,0,225,0,0,0,225,0,0,225,0,0,0,0,gRNA_CDK9_targ_1574_3430
Reference,0.8097166,99.1902834,2259,2259,741,6,735,0,196,0,571,164,0,539,0,32,0,0,gRNA_CDK9_targ_1574_3431
HDR,0.24096386,99.75903614,2259,2259,415,1,414,0,0,1,414,0,0,413,0,0,1,0,gRNA_CDK9_targ_1574_3431
Reference,8.0952381,91.9047619,2988,2988,210,17,193,0,0,83,110,0,83,110,0,0,0,0,gRNA_CDK9_targ_1575_3432
HDR,0.0,100.0,2988,2988,2777,0,2777,0,37,6,2777,0,0,2736,0,35,4,2,gRNA_CDK9_targ_1575_3432
Reference,0.77378243,99.22621757,2988,2988,2197,17,2180,0,0,85,2097,0,83,2095,0,0,2,0,gRNA_CDK9_targ_1575_3433
HDR,0.0,100.0,2988,2988,783,0,783,0,37,4,783,0,0,744,0,35,2,2,gRNA_CDK9_targ_1575_3433
Reference,3.48360656,96.51639344,2988,2985,488,17,471,0,1,85,388,0,83,386,0,0,1,1,gRNA_CDK9_targ_1575_3434
HDR,0.0,100.0,2988,2985,2180,0,2180,0,35,1,2180,0,0,2144,0,35,1,0,gRNA_CDK9_targ_1575_3434
Reference,8.05687204,91.94312796,2988,2988,211,17,194,0,0,83,111,0,83,111,0,0,0,0,gRNA_CDK9_targ_1575_3435
HDR,0.0,100.0,2988,2988,789,0,789,0,37,4,789,0,0,750,0,35,2,2,gRNA_CDK9_targ_1575_3435
Reference,8.13397129,91.86602871,2988,2985,209,17,192,0,1,84,109,0,83,108,0,0,0,1,gRNA_CDK9_targ_1575_3436
HDR,24.12825651,75.87174349,2988,2985,2495,602,1893,0,35,1,1893,0,0,1857,0,35,1,0,gRNA_CDK9_targ_1575_3436
Reference,2.11970075,97.88029925,2988,2951,802,17,785,0,0,84,702,0,83,701,0,0,1,0,gRNA_CDK9_targ_1575_3437
HDR,0.0,100.0,2988,2951,750,0,750,0,0,0,750,0,0,750,0,0,0,0,gRNA_CDK9_targ_1575_3437
Reference,3.49075975,96.50924025,2988,2987,487,17,470,0,0,84,387,0,83,386,0,0,1,0,gRNA_CDK9_targ_1575_3438
HDR,31.16406966,68.83593034,2988,2987,2182,680,1502,0,36,4,1502,0,0,1463,0,35,3,1,gRNA_CDK9_targ_1575_3438
Reference,3.2967033,96.7032967,669,617,91,3,88,0,0,0,88,0,0,88,0,0,0,0,gRNA_CDK9_targ_1576_3439
HDR,0.0,100.0,669,617,524,0,524,0,217,0,307,217,0,307,0,0,0,0,gRNA_CDK9_targ_1576_3439
Reference,3.125,96.875,669,400,96,3,93,0,0,0,93,0,0,93,0,0,0,0,gRNA_CDK9_targ_1576_3440
HDR,0.0,100.0,669,400,303,0,303,0,0,0,303,0,0,303,0,0,0,0,gRNA_CDK9_targ_1576_3440
Reference,3.26086957,96.73913043,669,400,92,3,89,0,0,0,89,0,0,89,0,0,0,0,gRNA_CDK9_targ_1576_3441
HDR,0.0,100.0,669,400,303,0,303,0,0,0,303,0,0,303,0,0,0,0,gRNA_CDK9_targ_1576_3441
Reference,0.31948882,99.68051118,766,493,313,1,312,0,108,128,168,25,119,76,0,83,9,0,gRNA_CDK9_targ_1577_3442
HDR,0.0,100.0,766,493,179,0,179,0,1,0,178,1,0,178,0,0,0,0,gRNA_CDK9_targ_1577_3442
Reference,0.3164557,99.6835443,766,493,316,1,315,0,109,128,171,25,119,78,0,84,9,0,gRNA_CDK9_targ_1577_3443
HDR,0.0,100.0,766,493,176,0,176,0,0,0,176,0,0,176,0,0,0,0,gRNA_CDK9_targ_1577_3443
Reference,0.27100271,99.72899729,766,493,369,1,368,0,109,9,341,25,2,250,0,84,7,0,gRNA_CDK9_targ_1577_3444
HDR,0.0,100.0,766,493,4,0,4,0,0,0,4,0,0,4,0,0,0,0,gRNA_CDK9_targ_1577_3444
Reference,0.31948882,99.68051118,766,493,313,1,312,0,108,128,168,25,119,76,0,83,9,0,gRNA_CDK9_targ_1577_3445
HDR,1.13636364,98.86363636,766,493,176,2,174,0,0,0,174,0,0,174,0,0,0,0,gRNA_CDK9_targ_1577_3445
Reference,0.32258065,99.67741935,766,493,310,1,309,0,108,129,165,25,119,72,0,83,10,0,gRNA_CDK9_targ_1577_3446
HDR,,,766,493,0,0,0,0,0,0,0,0,0,0,0,0,0,0,gRNA_CDK9_targ_1577_3446
Reference,0.32051282,99.67948718,766,493,312,1,311,0,109,128,167,25,119,74,0,84,9,0,gRNA_CDK9_targ_1577_3447
HDR,,,766,493,0,0,0,0,0,0,0,0,0,0,0,0,0,0,gRNA_CDK9_targ_1577_3447
Reference,0.31545741,99.68454259,766,493,317,1,316,0,109,129,172,25,119,78,0,84,10,0,gRNA_CDK9_targ_1577_3448
HDR,0.0,100.0,766,493,176,0,176,0,0,0,176,0,0,176,0,0,0,0,gRNA_CDK9_targ_1577_3448
Reference,50.0,50.0,249,249,2,1,1,0,1,0,0,1,0,0,0,0,0,0,gRNA_CDK9_targ_1578_3449
HDR,0.0,100.0,249,249,234,0,234,0,0,0,234,0,0,234,0,0,0,0,gRNA_CDK9_targ_1578_3449
Reference,33.33333333,66.66666667,249,249,3,1,2,0,0,0,2,0,0,2,0,0,0,0,gRNA_CDK9_targ_1578_3450
HDR,0.0,100.0,249,249,234,0,234,0,0,0,234,0,0,234,0,0,0,0,gRNA_CDK9_targ_1578_3450
Reference,33.33333333,66.66666667,249,249,3,1,2,0,0,0,2,0,0,2,0,0,0,0,gRNA_CDK9_targ_1578_3451
HDR,91.76954733,8.23045267,249,249,243,223,20,0,0,0,20,0,0,20,0,0,0,0,gRNA_CDK9_targ_1578_3451
Reference,1.08303249,98.91696751,1698,1695,277,3,274,0,0,146,131,0,143,128,0,0,3,0,gRNA_CDK9_targ_1579_3452
HDR,0.13192612,99.86807388,1698,1695,758,1,757,0,0,1,757,0,0,756,0,0,1,0,gRNA_CDK9_targ_1579_3452
Reference,1.07913669,98.92086331,1698,1695,278,3,275,0,0,145,132,0,143,130,0,0,2,0,gRNA_CDK9_targ_1579_3453
HDR,0.0,100.0,1698,1695,1231,0,1231,0,0,660,1231,0,0,571,0,0,660,0,gRNA_CDK9_targ_1579_3453
Reference,1.08303249,98.91696751,1698,1695,277,3,274,0,0,146,131,0,143,128,0,0,3,0,gRNA_CDK9_targ_1579_3454
HDR,0.0,100.0,1698,1695,1415,0,1415,0,0,660,1415,0,0,755,0,0,660,0,gRNA_CDK9_targ_1579_3454
Reference,94.31438127,5.68561873,2349,2349,299,282,17,0,1,7,11,1,5,9,0,0,2,0,gRNA_CDK9_targ_1580_3455
HDR,17.85365854,82.14634146,2349,2349,2050,366,1684,0,3,1,1682,1,1,1680,0,2,0,0,gRNA_CDK9_targ_1580_3455
Reference,2.20848057,97.79151943,3443,3440,1132,25,1107,0,194,0,1098,9,0,913,0,185,0,0,gRNA_CDK9_targ_1581_3456
HDR,3.21001088,96.78998912,3443,3440,1838,59,1779,0,0,9,1779,0,0,1770,0,0,9,0,gRNA_CDK9_targ_1581_3456
Reference,2.02593193,97.97406807,3443,3431,1234,25,1209,0,9,0,1200,9,0,1200,0,0,0,0,gRNA_CDK9_targ_1581_3457
HDR,0.0,100.0,3443,3431,2007,0,2007,0,1,0,2007,0,0,2006,0,1,0,0,gRNA_CDK9_targ_1581_3457
Reference,2.17580505,97.82419495,3443,3431,1149,25,1124,0,193,0,1115,9,0,931,0,184,0,0,gRNA_CDK9_targ_1581_3458
HDR,60.65217391,39.34782609,3443,3431,1840,1116,724,0,0,0,724,0,0,724,0,0,0,0,gRNA_CDK9_targ_1581_3458
Reference,24.4875549,75.5124451,5735,5735,2732,669,2063,0,190,0,1883,180,0,1873,0,10,0,0,gRNA_CDK9_targ_1582_3459
HDR,46.61277906,53.38722094,5735,5735,2598,1211,1387,0,0,0,1387,0,0,1387,0,0,0,0,gRNA_CDK9_targ_1582_3459
Reference,34.04580153,65.95419847,5735,5735,1965,669,1296,0,21,0,1277,19,0,1275,0,2,0,0,gRNA_CDK9_targ_1582_3460
HDR,45.83717358,54.16282642,5735,5735,3255,1492,1763,0,0,2,1762,0,1,1761,0,0,1,0,gRNA_CDK9_targ_1582_3460
Reference,11.74302264,88.25697736,5735,5735,5697,669,5028,0,190,3,4847,180,1,4835,0,10,2,0,gRNA_CDK9_targ_1582_3461
HDR,0.0,100.0,5735,5735,9,0,9,0,0,0,9,0,0,9,0,0,0,0,gRNA_CDK9_targ_1582_3461
Reference,54.79115479,45.20884521,5735,5735,1221,669,552,0,209,0,355,197,0,343,0,12,0,0,gRNA_CDK9_targ_1582_3462
HDR,75.65217391,24.34782609,5735,5735,1725,1305,420,0,0,1,420,0,0,419,0,0,1,0,gRNA_CDK9_targ_1582_3462
Reference,21.33290816,78.66709184,5735,5735,3136,669,2467,0,209,5,2267,197,3,2253,0,12,2,0,gRNA_CDK9_targ_1582_3463
HDR,0.0,100.0,5735,5735,13,0,13,0,0,0,13,0,0,13,0,0,0,0,gRNA_CDK9_targ_1582_3463
Reference,26.99757869,73.00242131,5735,5735,2478,669,1809,0,209,1,1611,197,1,1599,0,12,0,0,gRNA_CDK9_targ_1582_3464
HDR,0.0,100.0,5735,5735,13,0,13,0,0,0,13,0,0,13,0,0,0,0,gRNA_CDK9_targ_1582_3464
Reference,16.68745323,83.31254677,5735,5735,4009,669,3340,0,209,4,3140,197,3,3127,0,12,1,0,gRNA_CDK9_targ_1582_3465
HDR,0.37174721,99.62825279,5735,5735,1345,5,1340,0,0,0,1340,0,0,1340,0,0,0,0,gRNA_CDK9_targ_1582_3465
Reference,14.73078226,85.26921774,4285,4285,2953,435,2518,0,22,0,2518,0,0,2496,0,22,0,0,gRNA_CDK9_targ_1583_3466
HDR,0.0,100.0,4285,4285,1324,0,1324,0,0,1,1324,0,0,1323,0,0,1,0,gRNA_CDK9_targ_1583_3466
Reference,81.00558659,18.99441341,4285,4285,537,435,102,0,1,0,102,0,0,101,0,1,0,0,gRNA_CDK9_targ_1583_3467
HDR,25.15886771,74.84113229,4285,4285,3462,871,2591,0,1,1,2590,1,0,2589,0,0,1,0,gRNA_CDK9_targ_1583_3467
Reference,20.77363897,79.22636103,4285,4285,2094,435,1659,0,21,0,1659,0,0,1638,0,21,0,0,gRNA_CDK9_targ_1583_3468
HDR,0.0,100.0,4285,4285,2111,0,2111,0,0,1,2111,0,0,2110,0,0,1,0,gRNA_CDK9_targ_1583_3468
Reference,54.92424242,45.07575758,4285,4285,792,435,357,0,21,0,357,0,0,336,0,21,0,0,gRNA_CDK9_targ_1583_3469
HDR,33.65890308,66.34109692,4285,4285,1331,448,883,0,0,1,882,0,1,882,0,0,0,0,gRNA_CDK9_targ_1583_3469
Reference,25.81602374,74.18397626,4285,4285,1685,435,1250,0,22,0,1250,0,0,1228,0,22,0,0,gRNA_CDK9_targ_1583_3470
HDR,0.0,100.0,4285,4285,843,0,843,0,0,1,842,0,1,842,0,0,0,0,gRNA_CDK9_targ_1583_3470
Reference,53.24357405,46.75642595,4285,4285,817,435,382,0,21,0,382,0,0,361,0,21,0,0,gRNA_CDK9_targ_1583_3471
HDR,58.47097688,41.52902312,4285,4285,2119,1239,880,0,1,1,878,1,1,878,0,0,0,0,gRNA_CDK9_targ_1583_3471
Reference,25.92371871,74.07628129,4285,4285,1678,435,1243,0,21,0,1243,0,0,1222,0,21,0,0,gRNA_CDK9_targ_1583_3472
HDR,31.67315175,68.32684825,4285,4285,2570,814,1756,0,0,1,1755,0,1,1755,0,0,0,0,gRNA_CDK9_targ_1583_3472
Reference,34.54545455,65.45454545,125,125,55,19,36,0,0,0,36,0,0,36,0,0,0,0,gRNA_CDK9_targ_1584_3473
HDR,0.0,100.0,125,125,69,0,69,0,1,0,69,0,0,68,0,1,0,0,gRNA_CDK9_targ_1584_3473
Reference,26.09075044,73.90924956,2678,2678,1146,299,847,0,0,533,320,0,527,314,0,0,6,0,gRNA_CDK9_targ_1587_3474
HDR,41.59581426,58.40418574,2678,2678,1529,636,893,0,0,0,893,0,0,893,0,0,0,0,gRNA_CDK9_targ_1587_3474
Reference,12.5,87.5,1751,1751,1392,174,1218,0,11,0,1218,0,0,1207,0,11,0,0,gRNA_CDK9_targ_1588_3475
HDR,0.0,100.0,1751,1751,205,0,205,0,0,0,205,0,0,205,0,0,0,0,gRNA_CDK9_targ_1588_3475
Reference,87.0,13.0,1751,1751,200,174,26,0,10,0,26,0,0,16,0,10,0,0,gRNA_CDK9_targ_1588_3476
HDR,5.31594784,94.68405216,1751,1751,997,53,944,0,0,0,944,0,0,944,0,0,0,0,gRNA_CDK9_targ_1588_3476
Reference,74.67811159,25.32188841,1751,1751,233,174,59,0,0,0,59,0,0,59,0,0,0,0,gRNA_CDK9_targ_1588_3477
HDR,0.73367572,99.26632428,1751,1751,1363,10,1353,0,11,0,1352,1,0,1342,0,10,0,0,gRNA_CDK9_targ_1588_3477
Reference,28.90365449,71.09634551,1751,1751,602,174,428,0,10,0,428,0,0,418,0,10,0,0,gRNA_CDK9_targ_1588_3478
HDR,0.0,100.0,1751,1751,208,0,208,0,0,0,208,0,0,208,0,0,0,0,gRNA_CDK9_targ_1588_3478
Reference,73.1092437,26.8907563,1751,1751,238,174,64,0,0,0,64,0,0,64,0,0,0,0,gRNA_CDK9_targ_1588_3479
HDR,0.0,100.0,1751,1751,209,0,209,0,0,0,209,0,0,209,0,0,0,0,gRNA_CDK9_targ_1588_3479
Reference,96.13259669,3.86740331,1751,1751,181,174,7,0,0,0,7,0,0,7,0,0,0,0,gRNA_CDK9_targ_1588_3480
HDR,53.49702381,46.50297619,1751,1751,1344,719,625,0,1,0,624,1,0,624,0,0,0,0,gRNA_CDK9_targ_1588_3480
Reference,67.70428016,32.29571984,1751,1751,257,174,83,0,10,0,83,0,0,73,0,10,0,0,gRNA_CDK9_targ_1588_3481
HDR,21.05820106,78.94179894,1751,1751,945,199,746,0,1,0,745,1,0,745,0,0,0,0,gRNA_CDK9_targ_1588_3481
Reference,5.859375,94.140625,807,807,256,15,241,0,143,25,214,2,25,73,0,141,0,0,gRNA_CDK9_targ_1589_3482
HDR,0.57915058,99.42084942,807,807,518,3,515,0,0,0,515,0,0,515,0,0,0,0,gRNA_CDK9_targ_1589_3482
Reference,2.75735294,97.24264706,807,807,544,15,529,0,141,26,502,2,25,362,0,139,1,0,gRNA_CDK9_targ_1589_3483
HDR,0.0,100.0,807,807,260,0,260,0,0,0,260,0,0,260,0,0,0,0,gRNA_CDK9_targ_1589_3483
Reference,5.20833333,94.79166667,807,807,288,15,273,0,143,26,246,2,25,104,0,141,1,0,gRNA_CDK9_targ_1589_3484
HDR,24.5210728,75.4789272,807,807,261,64,197,0,0,0,197,0,0,197,0,0,0,0,gRNA_CDK9_targ_1589_3484
Reference,0.0,100.0,2844,2844,148,0,148,0,0,148,1,0,147,0,0,0,1,0,gRNA_CDK9_targ_1592_3485
HDR,80.34508627,19.65491373,2844,2844,2666,2142,524,0,2,2,523,0,1,521,0,1,0,1,gRNA_CDK9_targ_1592_3485
Reference,97.6744186,2.3255814,1672,1672,43,42,1,0,0,0,1,0,0,1,0,0,0,0,gRNA_CDK9_targ_1595_3486
HDR,96.10007358,3.89992642,1672,1672,1359,1306,53,0,0,1,52,0,1,52,0,0,0,0,gRNA_CDK9_targ_1595_3486
Reference,90.47619048,9.52380952,3341,3341,84,76,8,0,0,0,8,0,0,8,0,0,0,0,gRNA_CDK9_targ_1596_3487
HDR,42.4915318,57.5084682,3341,3341,2657,1129,1528,0,0,2,1527,0,1,1526,0,0,1,0,gRNA_CDK9_targ_1596_3487
Reference,50.0,50.0,2857,2857,4,2,2,0,1,0,1,1,0,1,0,0,0,0,gRNA_CDK9_targ_1597_3488
HDR,81.82500939,18.17499061,2857,2857,2663,2179,484,0,0,1,483,0,1,483,0,0,0,0,gRNA_CDK9_targ_1597_3488
Reference,97.16312057,2.83687943,286,286,141,137,4,0,0,0,4,0,0,4,0,0,0,0,gRNA_CDK9_targ_1598_3489
HDR,69.23076923,30.76923077,286,286,26,18,8,0,0,0,8,0,0,8,0,0,0,0,gRNA_CDK9_targ_1598_3489
Reference,14.83375959,85.16624041,2316,2301,391,58,333,0,3,11,320,2,11,319,0,1,0,0,gRNA_CDK9_targ_1599_3490
HDR,9.54378605,90.45621395,2316,2301,1907,182,1725,0,45,15,1725,0,0,1665,0,45,15,0,gRNA_CDK9_targ_1599_3490
Reference,75.0,25.0,358,304,32,24,8,0,0,4,7,0,1,4,0,0,3,0,gRNA_CDK9_targ_1600_3491
HDR,30.33707865,69.66292135,358,304,267,81,186,0,0,1,186,0,0,185,0,0,1,0,gRNA_CDK9_targ_1600_3491
Reference,80.0,20.0,50,50,5,4,1,0,0,1,1,0,0,0,0,0,1,0,gRNA_CDK9_targ_1601_3492
HDR,4.44444444,95.55555556,50,50,45,2,43,0,0,0,43,0,0,43,0,0,0,0,gRNA_CDK9_targ_1601_3492
Reference,66.66666667,33.33333333,50,50,6,4,2,0,0,0,2,0,0,2,0,0,0,0,gRNA_CDK9_targ_1601_3493
HDR,0.0,100.0,50,50,43,0,43,0,0,1,42,0,1,42,0,0,0,0,gRNA_CDK9_targ_1601_3493
Reference,100.0,0.0,50,50,4,4,0,0,0,0,0,0,0,0,0,0,0,0,gRNA_CDK9_targ_1601_3494
HDR,16.27906977,83.72093023,50,50,43,7,36,0,0,0,36,0,0,36,0,0,0,0,gRNA_CDK9_targ_1601_3494
Reference,0.80645161,99.19354839,124,124,124,1,123,0,0,0,123,0,0,123,0,0,0,0,gRNA_CDK9_targ_1602_3495
HDR,,,124,124,0,0,0,0,0,0,0,0,0,0,0,0,0,0,gRNA_CDK9_targ_1602_3495
Reference,100.0,0.0,124,124,1,1,0,0,0,0,0,0,0,0,0,0,0,0,gRNA_CDK9_targ_1602_3496
HDR,94.30894309,5.69105691,124,124,123,116,7,0,0,0,7,0,0,7,0,0,0,0,gRNA_CDK9_targ_1602_3496
Reference,0.83333333,99.16666667,124,124,120,1,119,0,0,0,119,0,0,119,0,0,0,0,gRNA_CDK9_targ_1602_3497
HDR,0.0,100.0,124,124,2,0,2,0,0,0,2,0,0,2,0,0,0,0,gRNA_CDK9_targ_1602_3497
Reference,100.0,0.0,124,124,1,1,0,0,0,0,0,0,0,0,0,0,0,0,gRNA_CDK9_targ_1602_3498
HDR,,,124,124,0,0,0,0,0,0,0,0,0,0,0,0,0,0,gRNA_CDK9_targ_1602_3498
Reference,0.81967213,99.18032787,124,124,122,1,121,0,0,0,121,0,0,121,0,0,0,0,gRNA_CDK9_targ_1602_3499
HDR,,,124,124,0,0,0,0,0,0,0,0,0,0,0,0,0,0,gRNA_CDK9_targ_1602_3499
Reference,100.0,0.0,124,124,1,1,0,0,0,0,0,0,0,0,0,0,0,0,gRNA_CDK9_targ_1602_3500
HDR,50.0,50.0,124,124,4,2,2,0,0,0,2,0,0,2,0,0,0,0,gRNA_CDK9_targ_1602_3500
Reference,0.83333333,99.16666667,124,124,120,1,119,0,0,0,119,0,0,119,0,0,0,0,gRNA_CDK9_targ_1602_3501
HDR,0.0,100.0,124,124,2,0,2,0,0,0,2,0,0,2,0,0,0,0,gRNA_CDK9_targ_1602_3501
Reference,85.71428571,14.28571429,60,58,7,6,1,0,0,0,1,0,0,1,0,0,0,0,gRNA_CDK9_targ_1603_3502
HDR,2.17391304,97.82608696,60,58,46,1,45,0,0,0,45,0,0,45,0,0,0,0,gRNA_CDK9_targ_1603_3502
Reference,44.27910053,55.72089947,8538,8538,6048,2678,3370,0,0,249,3129,0,241,3121,0,0,8,0,gRNA_CDK9_targ_1607_3503
HDR,0.05885815,99.94114185,8538,8538,1699,1,1698,0,0,0,1698,0,0,1698,0,0,0,0,gRNA_CDK9_targ_1607_3503
Reference,88.7342611,11.2657389,8538,8538,3018,2678,340,0,0,244,100,0,240,96,0,0,4,0,gRNA_CDK9_targ_1607_3504
HDR,54.09836066,45.90163934,8538,8538,5124,2772,2352,0,0,3,2350,0,2,2349,0,0,1,0,gRNA_CDK9_targ_1607_3504
Reference,83.47880299,16.52119701,8538,8538,3208,2678,530,0,0,246,289,0,241,284,0,0,5,0,gRNA_CDK9_targ_1607_3505
HDR,72.24901359,27.75098641,8538,8538,2281,1648,633,0,0,0,633,0,0,633,0,0,0,0,gRNA_CDK9_targ_1607_3505
Reference,5.68924303,94.31075697,7497,7497,6275,357,5918,0,189,590,5232,127,559,5139,0,62,31,0,gRNA_CDK9_targ_1608_3506
HDR,0.0,100.0,7497,7497,1016,0,1016,0,2,0,1015,1,0,1014,0,1,0,0,gRNA_CDK9_targ_1608_3506
Reference,31.875,68.125,7497,7497,1120,357,763,0,2,591,204,0,559,170,0,2,32,0,gRNA_CDK9_targ_1608_3507
HDR,52.4357499,47.5642501,7497,7497,5214,2734,2480,0,142,0,2448,32,0,2338,0,110,0,0,gRNA_CDK9_targ_1608_3507
Reference,18.05766313,81.94233687,7497,7497,1977,357,1620,0,155,594,934,127,559,871,0,28,35,0,gRNA_CDK9_targ_1608_3508
HDR,0.52863436,99.47136564,7497,7497,1135,6,1129,0,108,0,1129,0,0,1021,0,108,0,0,gRNA_CDK9_targ_1608_3508
Reference,59.94475138,40.05524862,727,727,724,434,290,0,0,0,290,0,0,290,0,0,0,0,gRNA_CDK9_targ_1609_3509
HDR,,,727,727,0,0,0,0,0,0,0,0,0,0,0,0,0,0,gRNA_CDK9_targ_1609_3509
Reference,97.0917226,2.9082774,727,727,447,434,13,0,0,0,13,0,0,13,0,0,0,0,gRNA_CDK9_targ_1609_3510
HDR,97.84172662,2.15827338,727,727,278,272,6,0,0,0,6,0,0,6,0,0,0,0,gRNA_CDK9_targ_1609_3510
Reference,96.65924276,3.34075724,727,727,449,434,15,0,0,0,15,0,0,15,0,0,0,0,gRNA_CDK9_targ_1609_3511
HDR,,,727,727,0,0,0,0,0,0,0,0,0,0,0,0,0,0,gRNA_CDK9_targ_1609_3511
Reference,25.11144131,74.88855869,1109,1109,673,169,504,0,0,0,504,0,0,504,0,0,0,0,gRNA_CDK9_targ_1610_3512
HDR,0.0,100.0,1109,1109,100,0,100,0,0,0,100,0,0,100,0,0,0,0,gRNA_CDK9_targ_1610_3512
Reference,35.88110403,64.11889597,1109,1109,471,169,302,0,0,0,302,0,0,302,0,0,0,0,gRNA_CDK9_targ_1610_3513
HDR,0.0,100.0,1109,1109,300,0,300,0,0,0,300,0,0,300,0,0,0,0,gRNA_CDK9_targ_1610_3513
Reference,90.37433155,9.62566845,1109,1109,187,169,18,0,0,0,18,0,0,18,0,0,0,0,gRNA_CDK9_targ_1610_3514
HDR,19.67391304,80.32608696,1109,1109,920,181,739,0,0,335,408,0,331,404,0,0,4,0,gRNA_CDK9_targ_1610_3514
Reference,23.73595506,76.26404494,1109,1109,712,169,543,0,0,335,543,0,0,208,0,0,335,0,gRNA_CDK9_targ_1610_3515
HDR,0.0,100.0,1109,1109,3,0,3,0,0,0,3,0,0,3,0,0,0,0,gRNA_CDK9_targ_1610_3515
Reference,89.89361702,10.10638298,1109,1109,188,169,19,0,0,0,19,0,0,19,0,0,0,0,gRNA_CDK9_targ_1610_3516
HDR,0.2293578,99.7706422,1109,1109,436,1,435,0,0,335,104,0,331,100,0,0,4,0,gRNA_CDK9_targ_1610_3516
Reference,89.41798942,10.58201058,1109,1109,189,169,20,0,0,0,20,0,0,20,0,0,0,0,gRNA_CDK9_targ_1610_3517
HDR,44.58398744,55.41601256,1109,1109,637,284,353,0,0,335,22,0,331,18,0,0,4,0,gRNA_CDK9_targ_1610_3517
Reference,45.18716578,54.81283422,1109,1109,374,169,205,0,0,0,205,0,0,205,0,0,0,0,gRNA_CDK9_targ_1610_3518
HDR,0.50505051,99.49494949,1109,1109,396,2,394,0,0,0,394,0,0,394,0,0,0,0,gRNA_CDK9_targ_1610_3518
Reference,0.0,100.0,59,59,3,0,3,0,1,0,3,0,0,2,0,1,0,0,gRNA_CDK9_targ_1611_3519
HDR,1.81818182,98.18181818,59,59,55,1,54,0,0,1,54,0,0,53,0,0,1,0,gRNA_CDK9_targ_1611_3519
Reference,0.0,100.0,59,59,49,0,49,0,1,0,49,0,0,48,0,1,0,0,gRNA_CDK9_targ_1611_3520
HDR,10.0,90.0,59,59,10,1,9,0,0,1,9,0,0,8,0,0,1,0,gRNA_CDK9_targ_1611_3520
Reference,0.0,100.0,59,59,12,0,12,0,1,1,12,0,0,10,0,1,1,0,gRNA_CDK9_targ_1611_3521
HDR,0.0,100.0,59,59,47,0,47,0,0,0,47,0,0,47,0,0,0,0,gRNA_CDK9_targ_1611_3521
Reference,0.0,100.0,59,59,3,0,3,0,1,0,3,0,0,2,0,1,0,0,gRNA_CDK9_targ_1611_3522
HDR,22.22222222,77.77777778,59,59,9,2,7,0,0,1,7,0,0,6,0,0,1,0,gRNA_CDK9_targ_1611_3522
Reference,0.0,100.0,59,59,4,0,4,0,1,0,4,0,0,3,0,1,0,0,gRNA_CDK9_targ_1611_3523
HDR,95.74468085,4.25531915,59,59,47,45,2,0,0,0,2,0,0,2,0,0,0,0,gRNA_CDK9_targ_1611_3523
Reference,0.0,100.0,59,59,4,0,4,0,1,0,4,0,0,3,0,1,0,0,gRNA_CDK9_targ_1611_3524
HDR,0.0,100.0,59,59,2,0,2,0,0,0,2,0,0,2,0,0,0,0,gRNA_CDK9_targ_1611_3524
Reference,0.0,100.0,59,59,5,0,5,0,1,0,5,0,0,4,0,1,0,0,gRNA_CDK9_targ_1611_3525
HDR,3.7037037,96.2962963,59,59,54,2,52,0,0,1,52,0,0,51,0,0,1,0,gRNA_CDK9_targ_1611_3525
Reference,30.8259587,69.1740413,816,816,678,209,469,0,3,0,466,3,0,466,0,0,0,0,gRNA_CDK9_targ_1612_3526
HDR,0.0,100.0,816,816,135,0,135,0,0,0,135,0,0,135,0,0,0,0,gRNA_CDK9_targ_1612_3526
Reference,32.8100471,67.1899529,816,816,637,209,428,0,3,0,425,3,0,425,0,0,0,0,gRNA_CDK9_targ_1612_3527
HDR,10.61452514,89.38547486,816,816,179,19,160,0,0,0,160,0,0,160,0,0,0,0,gRNA_CDK9_targ_1612_3527
Reference,26.79487179,73.20512821,816,816,780,209,571,0,3,0,568,3,0,568,0,0,0,0,gRNA_CDK9_targ_1612_3528
HDR,7.69230769,92.30769231,816,816,26,2,24,0,0,0,24,0,0,24,0,0,0,0,gRNA_CDK9_targ_1612_3528
Reference,32.8100471,67.1899529,816,816,637,209,428,0,3,0,425,3,0,425,0,0,0,0,gRNA_CDK9_targ_1612_3529
HDR,97.77777778,2.22222222,816,816,135,132,3,0,0,0,3,0,0,3,0,0,0,0,gRNA_CDK9_targ_1612_3529
Reference,31.90839695,68.09160305,816,816,655,209,446,0,3,0,443,3,0,443,0,0,0,0,gRNA_CDK9_targ_1612_3530
HDR,0.0,100.0,816,816,2,0,2,0,0,0,2,0,0,2,0,0,0,0,gRNA_CDK9_targ_1612_3530
Reference,32.91338583,67.08661417,816,816,635,209,426,0,3,0,423,3,0,423,0,0,0,0,gRNA_CDK9_targ_1612_3531
HDR,88.46153846,11.53846154,816,816,26,23,3,0,0,0,3,0,0,3,0,0,0,0,gRNA_CDK9_targ_1612_3531
Reference,31.81126332,68.18873668,816,816,657,209,448,0,3,0,445,3,0,445,0,0,0,0,gRNA_CDK9_targ_1612_3532
HDR,0.0,100.0,816,816,159,0,159,0,0,0,159,0,0,159,0,0,0,0,gRNA_CDK9_targ_1612_3532
Reference,0.76045627,99.23954373,343,343,263,2,261,0,0,163,261,0,0,98,0,0,163,0,gRNA_CDK9_targ_1613_3533
HDR,1.26582278,98.73417722,343,343,79,1,78,0,0,0,78,0,0,78,0,0,0,0,gRNA_CDK9_targ_1613_3533
Reference,50.0,50.0,343,343,4,2,2,0,0,0,2,0,0,2,0,0,0,0,gRNA_CDK9_targ_1613_3534
HDR,45.94594595,54.05405405,343,343,148,68,80,0,0,0,80,0,0,80,0,0,0,0,gRNA_CDK9_targ_1613_3534
Reference,1.11731844,98.88268156,343,343,179,2,177,0,0,1,177,0,0,176,0,0,1,0,gRNA_CDK9_targ_1613_3535
HDR,0.0,100.0,343,343,2,0,2,0,0,0,2,0,0,2,0,0,0,0,gRNA_CDK9_targ_1613_3535
Reference,1.04166667,98.95833333,343,343,192,2,190,0,0,163,190,0,0,27,0,0,163,0,gRNA_CDK9_targ_1613_3536
HDR,98.7012987,1.2987013,343,343,77,76,1,0,0,0,1,0,0,1,0,0,0,0,gRNA_CDK9_targ_1613_3536
Reference,0.76335878,99.23664122,343,343,262,2,260,0,0,163,260,0,0,97,0,0,163,0,gRNA_CDK9_targ_1613_3537
HDR,0.0,100.0,343,343,1,0,1,0,0,0,1,0,0,1,0,0,0,0,gRNA_CDK9_targ_1613_3537
Reference,6.25,93.75,343,343,32,2,30,0,0,1,30,0,0,29,0,0,1,0,gRNA_CDK9_targ_1613_3538
HDR,50.0,50.0,343,343,2,1,1,0,0,0,1,0,0,1,0,0,0,0,gRNA_CDK9_targ_1613_3538
Reference,0.75757576,99.24242424,343,343,264,2,262,0,0,163,262,0,0,99,0,0,163,0,gRNA_CDK9_targ_1613_3539
HDR,0.0,100.0,343,343,79,0,79,0,0,0,79,0,0,79,0,0,0,0,gRNA_CDK9_targ_1613_3539
Reference,40.98116947,59.01883053,6983,6983,2018,827,1191,0,31,3,1188,0,3,1157,0,31,0,0,gRNA_CDK9_targ_1614_3540
HDR,2.99316521,97.00683479,6983,6983,4243,127,4116,0,0,1,4116,0,0,4115,0,0,1,0,gRNA_CDK9_targ_1614_3540
Reference,54.62351387,45.37648613,6983,6983,1514,827,687,0,0,4,684,0,3,683,0,0,1,0,gRNA_CDK9_targ_1614_3541
HDR,16.09329446,83.90670554,6983,6983,5145,828,4317,0,31,1,4317,0,0,4285,0,31,1,0,gRNA_CDK9_targ_1614_3541
Reference,58.6941093,41.3058907,6983,6983,1409,827,582,0,0,4,579,0,3,578,0,0,1,0,gRNA_CDK9_targ_1614_3542
HDR,75.94907407,24.05092593,6983,6983,4320,3281,1039,0,0,1,1039,0,0,1038,0,0,1,0,gRNA_CDK9_targ_1614_3542
Reference,91.92546584,8.07453416,167,167,161,148,13,0,1,0,12,1,0,12,0,0,0,0,gRNA_CDK9_targ_1615_3543
HDR,33.33333333,66.66666667,167,167,6,2,4,0,0,0,4,0,0,4,0,0,0,0,gRNA_CDK9_targ_1615_3543
Reference,5.16483516,94.83516484,1858,1858,910,47,863,0,0,1,863,0,0,862,0,0,1,0,gRNA_CDK9_targ_1618_3544
HDR,70.68783069,29.31216931,1858,1858,945,668,277,0,0,1,277,0,0,276,0,0,1,0,gRNA_CDK9_targ_1618_3544
Reference,4.06091371,95.93908629,1033,1032,197,8,189,0,1,0,188,1,0,188,0,0,0,0,gRNA_CDK9_targ_1619_3545
HDR,3.23741007,96.76258993,1033,1032,834,27,807,0,0,0,807,0,0,807,0,0,0,0,gRNA_CDK9_targ_1619_3545
Reference,1.95599022,98.04400978,1033,1032,409,8,401,0,1,0,400,1,0,400,0,0,0,0,gRNA_CDK9_targ_1619_3546
HDR,0.0,100.0,1033,1032,469,0,469,0,0,0,469,0,0,469,0,0,0,0,gRNA_CDK9_targ_1619_3546
Reference,4.08163265,95.91836735,1033,1032,196,8,188,0,1,0,187,1,0,187,0,0,0,0,gRNA_CDK9_targ_1619_3547
HDR,17.86447639,82.13552361,1033,1032,487,87,400,0,0,0,400,0,0,400,0,0,0,0,gRNA_CDK9_targ_1619_3547
Reference,12.28571429,87.71428571,3348,3348,350,43,307,0,1,0,307,0,0,306,0,1,0,0,gRNA_CDK9_targ_1620_3548
HDR,1.58660203,98.41339797,3348,3348,2269,36,2233,0,1,0,2233,0,0,2232,0,1,0,0,gRNA_CDK9_targ_1620_3548
Reference,4.37881874,95.62118126,3348,3348,982,43,939,0,1,0,939,0,0,938,0,1,0,0,gRNA_CDK9_targ_1620_3549
HDR,10.56945643,89.43054357,3348,3348,2318,245,2073,0,1,0,2073,0,0,2072,0,1,0,0,gRNA_CDK9_targ_1620_3549
Reference,1.52212389,98.47787611,3348,3348,2825,43,2782,0,2,0,2782,0,0,2780,0,2,0,0,gRNA_CDK9_targ_1620_3550
HDR,0.0,100.0,3348,3348,473,0,473,0,0,0,473,0,0,473,0,0,0,0,gRNA_CDK9_targ_1620_3550
Reference,5.49872123,94.50127877,3348,3348,782,43,739,0,1,0,739,0,0,738,0,1,0,0,gRNA_CDK9_targ_1620_3551
HDR,82.35862736,17.64137264,3348,3348,2069,1704,365,0,1,0,364,1,0,364,0,0,0,0,gRNA_CDK9_targ_1620_3551
Reference,4.16263311,95.83736689,3348,3348,1033,43,990,0,1,0,990,0,0,989,0,1,0,0,gRNA_CDK9_targ_1620_3552
HDR,33.68200837,66.31799163,3348,3348,478,161,317,0,0,0,317,0,0,317,0,0,0,0,gRNA_CDK9_targ_1620_3552
Reference,5.23751523,94.76248477,3348,3348,821,43,778,0,1,0,778,0,0,777,0,1,0,0,gRNA_CDK9_targ_1620_3553
HDR,0.0,100.0,3348,3348,312,0,312,0,0,0,312,0,0,312,0,0,0,0,gRNA_CDK9_targ_1620_3553
Reference,4.01869159,95.98130841,3348,3348,1070,43,1027,0,1,0,1027,0,0,1026,0,1,0,0,gRNA_CDK9_targ_1620_3554
HDR,13.38406446,86.61593554,3348,3348,2234,299,1935,0,1,0,1935,0,0,1934,0,1,0,0,gRNA_CDK9_targ_1620_3554
Reference,42.48447205,57.51552795,7635,7635,805,342,463,0,1,383,83,0,380,79,0,1,3,0,gRNA_CDK9_targ_1621_3555
HDR,17.04402516,82.95597484,7635,7635,6360,1084,5276,0,4,336,5272,2,2,4936,0,2,334,0,gRNA_CDK9_targ_1621_3555
Reference,95.63492063,4.36507937,2843,2842,252,241,11,0,0,0,11,0,0,11,0,0,0,0,gRNA_CDK9_targ_1622_3556
HDR,17.53764393,82.46235607,2843,2842,2258,396,1862,0,3,2,1862,0,0,1857,0,3,2,0,gRNA_CDK9_targ_1622_3556
Reference,22.97468354,77.02531646,3630,3630,3160,726,2434,0,530,9,2434,0,0,1895,0,530,9,0,gRNA_CDK9_targ_1623_3557
HDR,0.0,100.0,3630,3630,184,0,184,0,0,1,184,0,0,183,0,0,1,0,gRNA_CDK9_targ_1623_3557
Reference,76.66314678,23.33685322,3630,3630,947,726,221,0,1,3,221,0,0,217,0,1,3,0,gRNA_CDK9_targ_1623_3558
HDR,18.41982235,81.58017765,3630,3630,2139,394,1745,0,278,7,1741,1,3,1460,0,277,4,0,gRNA_CDK9_targ_1623_3558
Reference,48.79032258,51.20967742,3630,3630,1488,726,762,0,252,282,490,0,272,228,0,252,10,0,gRNA_CDK9_targ_1623_3559
HDR,0.53475936,99.46524064,3630,3630,187,1,186,0,0,1,186,0,0,185,0,0,1,0,gRNA_CDK9_targ_1623_3559
Reference,100.0,0.0,6499,6498,2,2,0,0,0,0,0,0,0,0,0,0,0,0,gRNA_CDK9_targ_1624_3560
HDR,95.67048518,4.32951482,6499,6498,5936,5679,257,0,92,0,167,90,0,165,0,2,0,0,gRNA_CDK9_targ_1624_3560
Reference,94.90670701,5.09329299,1989,1989,1983,1882,101,0,0,1,100,0,1,100,0,0,0,0,gRNA_CDK9_targ_1625_3561
HDR,33.33333333,66.66666667,1989,1989,3,1,2,0,0,0,2,0,0,2,0,0,0,0,gRNA_CDK9_targ_1625_3561
Reference,18.61702128,81.38297872,5328,5327,2444,455,1989,0,309,2,1916,73,0,1678,0,236,2,0,gRNA_CDK9_targ_1626_3562
HDR,0.11450382,99.88549618,5328,5327,2620,3,2617,0,0,1,2617,0,0,2616,0,0,1,0,gRNA_CDK9_targ_1626_3562
Reference,37.44855967,62.55144033,5328,5327,1215,455,760,0,311,0,687,73,0,449,0,238,0,0,gRNA_CDK9_targ_1626_3563
HDR,3.33593954,96.66406046,5328,5327,3837,128,3709,0,0,3,3708,0,1,3706,0,0,2,0,gRNA_CDK9_targ_1626_3563
Reference,30.11250827,69.88749173,5328,5327,1511,455,1056,0,85,1,983,73,0,970,0,12,1,0,gRNA_CDK9_targ_1626_3564
HDR,0.14744913,99.85255087,5328,5327,3391,5,3386,0,0,1,3385,0,1,3385,0,0,0,0,gRNA_CDK9_targ_1626_3564
Reference,57.37704918,42.62295082,5328,5327,793,455,338,0,311,0,265,73,0,27,0,238,0,0,gRNA_CDK9_targ_1626_3565
HDR,29.34397163,70.65602837,5328,5327,2256,662,1594,0,0,1,1593,0,1,1593,0,0,0,0,gRNA_CDK9_targ_1626_3565
Reference,46.38124363,53.61875637,5328,5327,981,455,526,0,309,1,453,73,0,216,0,236,1,0,gRNA_CDK9_targ_1626_3566
HDR,15.50429185,84.49570815,5328,5327,1864,289,1575,0,0,0,1575,0,0,1575,0,0,0,0,gRNA_CDK9_targ_1626_3566
Reference,52.7230591,47.2769409,5328,5327,863,455,408,0,311,0,335,73,0,97,0,238,0,0,gRNA_CDK9_targ_1626_3567
HDR,50.3713707,49.6286293,5328,5327,2962,1492,1470,0,0,2,1469,0,1,1468,0,0,1,0,gRNA_CDK9_targ_1626_3567
Reference,49.18918919,50.81081081,5328,5327,925,455,470,0,311,0,397,73,0,159,0,238,0,0,gRNA_CDK9_targ_1626_3568
HDR,34.47258421,65.52741579,5328,5327,4067,1402,2665,0,0,1,2665,0,0,2664,0,0,1,0,gRNA_CDK9_targ_1626_3568
Reference,12.57796258,87.42203742,1842,1842,962,121,841,0,0,0,841,0,0,841,0,0,0,0,gRNA_CDK9_targ_1627_3569
HDR,0.60422961,99.39577039,1842,1842,662,4,658,0,0,0,658,0,0,658,0,0,0,0,gRNA_CDK9_targ_1627_3569
Reference,69.14285714,30.85714286,1842,1842,175,121,54,0,0,0,54,0,0,54,0,0,0,0,gRNA_CDK9_targ_1627_3570
HDR,37.93814433,62.06185567,1842,1842,1455,552,903,0,0,0,903,0,0,903,0,0,0,0,gRNA_CDK9_targ_1627_3570
Reference,35.27696793,64.72303207,1842,1842,343,121,222,0,0,169,65,0,157,53,0,0,12,0,gRNA_CDK9_targ_1627_3571
HDR,66.61608498,33.38391502,1842,1842,659,439,220,0,0,0,220,0,0,220,0,0,0,0,gRNA_CDK9_targ_1627_3571
Reference,33.10657596,66.89342404,2475,2475,441,146,295,0,69,2,227,67,1,224,0,2,1,0,gRNA_CDK9_targ_1628_3572
HDR,0.0,100.0,2475,2475,2026,0,2026,0,0,3,2026,0,0,2023,0,0,3,0,gRNA_CDK9_targ_1628_3572
Reference,65.17857143,34.82142857,2475,2475,224,146,78,0,69,0,11,67,0,9,0,2,0,0,gRNA_CDK9_targ_1628_3573
HDR,9.386121,90.613879,2475,2475,2248,211,2037,0,1,4,2035,1,1,2032,0,0,3,0,gRNA_CDK9_targ_1628_3573
Reference,12.15653622,87.84346378,2475,2475,1201,146,1055,0,68,1,988,67,0,986,0,1,1,0,gRNA_CDK9_targ_1628_3574
HDR,0.0,100.0,2475,2475,1267,0,1267,0,1,1,1266,1,0,1265,0,0,1,0,gRNA_CDK9_targ_1628_3574
Reference,64.88888889,35.11111111,2475,2475,225,146,79,0,69,1,11,67,1,9,0,2,0,0,gRNA_CDK9_targ_1628_3575
HDR,13.060621,86.939379,2475,2475,2029,265,1764,0,0,3,1761,0,3,1761,0,0,0,0,gRNA_CDK9_targ_1628_3575
Reference,33.03167421,66.96832579,2475,2475,442,146,296,0,69,1,228,67,1,226,0,2,0,0,gRNA_CDK9_targ_1628_3576
HDR,0.0,100.0,2475,2475,1267,0,1267,0,1,2,1265,1,1,1264,0,0,1,0,gRNA_CDK9_targ_1628_3576
Reference,64.60176991,35.39823009,2475,2475,226,146,80,0,69,0,13,67,0,11,0,2,0,0,gRNA_CDK9_targ_1628_3577
HDR,0.23603462,99.76396538,2475,2475,1271,3,1268,0,1,2,1266,1,1,1265,0,0,1,0,gRNA_CDK9_targ_1628_3577
Reference,33.03167421,66.96832579,2475,2475,442,146,296,0,69,2,228,67,1,225,0,2,1,0,gRNA_CDK9_targ_1628_3578
HDR,46.91966486,53.08033514,2475,2475,2029,952,1077,0,0,3,1076,0,1,1074,0,0,2,0,gRNA_CDK9_targ_1628_3578
Reference,33.33333333,66.66666667,148,148,3,1,2,0,0,1,1,0,1,1,0,0,0,0,gRNA_CDK9_targ_1629_3579
HDR,0.0,100.0,148,148,145,0,145,0,0,0,145,0,0,145,0,0,0,0,gRNA_CDK9_targ_1629_3579
Reference,6.66666667,93.33333333,148,148,15,1,14,0,0,0,14,0,0,14,0,0,0,0,gRNA_CDK9_targ_1629_3580
HDR,0.76335878,99.23664122,148,148,131,1,130,0,0,0,130,0,0,130,0,0,0,0,gRNA_CDK9_targ_1629_3580
Reference,50.0,50.0,148,148,2,1,1,0,0,1,0,0,1,0,0,0,0,0,gRNA_CDK9_targ_1629_3581
HDR,4.58015267,95.41984733,148,148,131,6,125,0,0,0,125,0,0,125,0,0,0,0,gRNA_CDK9_targ_1629_3581
Reference,7.09359606,92.90640394,1811,1798,1015,72,943,0,0,0,943,0,0,943,0,0,0,0,gRNA_CDK9_targ_1630_3582
HDR,0.0,100.0,1811,1798,769,0,769,0,0,1,769,0,0,768,0,0,1,0,gRNA_CDK9_targ_1630_3582
Reference,30.12552301,69.87447699,1811,1798,239,72,167,0,0,0,167,0,0,167,0,0,0,0,gRNA_CDK9_targ_1630_3583
HDR,31.9121447,68.0878553,1811,1798,1548,494,1054,0,0,1,1054,0,0,1053,0,0,1,0,gRNA_CDK9_targ_1630_3583
Reference,6.14334471,93.85665529,1811,1798,1172,72,1100,0,0,0,1100,0,0,1100,0,0,0,0,gRNA_CDK9_targ_1630_3584
HDR,25.40192926,74.59807074,1811,1798,622,158,464,0,0,1,464,0,0,463,0,0,1,0,gRNA_CDK9_targ_1630_3584
Reference,30.12552301,69.87447699,1811,1798,239,72,167,0,0,0,167,0,0,167,0,0,0,0,gRNA_CDK9_targ_1630_3585
HDR,11.65803109,88.34196891,1811,1798,772,90,682,0,0,1,681,0,1,681,0,0,0,0,gRNA_CDK9_targ_1630_3585
Reference,8.32369942,91.67630058,1811,1798,865,72,793,0,0,0,793,0,0,793,0,0,0,0,gRNA_CDK9_targ_1630_3586
HDR,0.0,100.0,1811,1798,460,0,460,0,0,1,459,0,1,459,0,0,0,0,gRNA_CDK9_targ_1630_3586
Reference,83.72093023,16.27906977,1811,1798,86,72,14,0,0,0,14,0,0,14,0,0,0,0,gRNA_CDK9_targ_1630_3587
HDR,0.0,100.0,1811,1798,461,0,461,0,0,1,460,0,1,460,0,0,0,0,gRNA_CDK9_targ_1630_3587
Reference,7.02439024,92.97560976,1811,1798,1025,72,953,0,0,0,953,0,0,953,0,0,0,0,gRNA_CDK9_targ_1630_3588
HDR,28.38541667,71.61458333,1811,1798,768,218,550,0,0,1,549,0,1,549,0,0,0,0,gRNA_CDK9_targ_1630_3588
Reference,2.58823529,97.41176471,1954,1750,850,22,828,0,0,0,828,0,0,828,0,0,0,0,gRNA_CDK9_targ_1631_3589
HDR,0.0,100.0,1954,1750,897,0,897,0,0,0,897,0,0,897,0,0,0,0,gRNA_CDK9_targ_1631_3589
Reference,88.0,12.0,1954,1750,25,22,3,0,0,0,3,0,0,3,0,0,0,0,gRNA_CDK9_targ_1631_3590
HDR,24.46376812,75.53623188,1954,1750,1725,422,1303,0,0,0,1303,0,0,1303,0,0,0,0,gRNA_CDK9_targ_1631_3590
Reference,88.0,12.0,1954,1750,25,22,3,0,0,0,3,0,0,3,0,0,0,0,gRNA_CDK9_targ_1631_3591
HDR,21.11111111,78.88888889,1954,1750,900,190,710,0,0,0,710,0,0,710,0,0,0,0,gRNA_CDK9_targ_1631_3591
Reference,77.27272727,22.72727273,1640,1640,264,204,60,0,0,1,59,0,1,59,0,0,0,0,gRNA_CDK9_targ_1632_3592
HDR,34.453125,65.546875,1640,1640,1280,441,839,0,0,5,839,0,0,834,0,0,5,0,gRNA_CDK9_targ_1632_3592
Reference,23.07692308,76.92307692,1640,1640,884,204,680,0,0,1,679,0,1,679,0,0,0,0,gRNA_CDK9_targ_1632_3593
HDR,0.0,100.0,1640,1640,753,0,753,0,0,5,753,0,0,748,0,0,5,0,gRNA_CDK9_targ_1632_3593
Reference,24.90842491,75.09157509,1640,1640,819,204,615,0,0,1,614,0,1,614,0,0,0,0,gRNA_CDK9_targ_1632_3594
HDR,0.14836795,99.85163205,1640,1640,674,1,673,0,0,5,673,0,0,668,0,0,5,0,gRNA_CDK9_targ_1632_3594
Reference,56.98324022,43.01675978,1640,1640,358,204,154,0,0,1,153,0,1,153,0,0,0,0,gRNA_CDK9_targ_1632_3595
HDR,5.04648074,94.95351926,1640,1640,753,38,715,0,0,5,715,0,0,710,0,0,5,0,gRNA_CDK9_targ_1632_3595
Reference,77.27272727,22.72727273,1640,1640,264,204,60,0,0,1,59,0,1,59,0,0,0,0,gRNA_CDK9_targ_1632_3596
HDR,10.51851852,89.48148148,1640,1640,675,71,604,0,0,5,604,0,0,599,0,0,5,0,gRNA_CDK9_targ_1632_3596
Reference,25.09225092,74.90774908,1640,1640,813,204,609,0,0,1,608,0,1,608,0,0,0,0,gRNA_CDK9_targ_1632_3597
HDR,0.16666667,99.83333333,1640,1640,600,1,599,0,0,5,599,0,0,594,0,0,5,0,gRNA_CDK9_targ_1632_3597
Reference,25.18518519,74.81481481,1640,1640,810,204,606,0,0,1,605,0,1,605,0,0,0,0,gRNA_CDK9_targ_1632_3598
HDR,45.57575758,54.42424242,1640,1640,825,376,449,0,0,5,449,0,0,444,0,0,5,0,gRNA_CDK9_targ_1632_3598
Reference,0.80071174,99.19928826,2568,2568,1124,9,1115,0,0,2,1113,0,2,1113,0,0,0,0,gRNA_CDK9_targ_1633_3599
HDR,0.0,100.0,2568,2568,1433,0,1433,0,0,1,1433,0,0,1432,0,0,1,0,gRNA_CDK9_targ_1633_3599
Reference,9.57446809,90.42553191,2568,2568,94,9,85,0,0,2,83,0,2,83,0,0,0,0,gRNA_CDK9_targ_1633_3600
HDR,19.30735931,80.69264069,2568,2568,2310,446,1864,0,0,1,1864,0,0,1863,0,0,1,0,gRNA_CDK9_targ_1633_3600
Reference,3.54330709,96.45669291,2568,2568,254,9,245,0,0,2,243,0,2,243,0,0,0,0,gRNA_CDK9_targ_1633_3601
HDR,18.01112656,81.98887344,2568,2568,1438,259,1179,0,0,1,1179,0,0,1178,0,0,1,0,gRNA_CDK9_targ_1633_3601
Reference,28.78787879,71.21212121,2251,2250,594,171,423,0,1,1,422,1,0,421,0,0,1,0,gRNA_CDK9_targ_1634_3602
HDR,0.0,100.0,2251,2250,1653,0,1653,0,0,1,1653,0,0,1652,0,0,1,0,gRNA_CDK9_targ_1634_3602
Reference,94.47513812,5.52486188,2251,2250,181,171,10,0,0,0,10,0,0,10,0,0,0,0,gRNA_CDK9_targ_1634_3603
HDR,17.49871333,82.50128667,2251,2250,1943,340,1603,0,0,2,1602,0,1,1601,0,0,1,0,gRNA_CDK9_targ_1634_3603
Reference,84.2364532,15.7635468,2251,2250,203,171,32,0,1,0,31,1,0,31,0,0,0,0,gRNA_CDK9_targ_1634_3604
HDR,62.09189843,37.90810157,2251,2250,1654,1027,627,0,0,1,626,0,1,626,0,0,0,0,gRNA_CDK9_targ_1634_3604
Reference,96.31147541,3.68852459,2765,2765,488,470,18,0,1,0,17,1,0,17,0,0,0,0,gRNA_CDK9_targ_1635_3605
HDR,38.73170732,61.26829268,2765,2765,2050,794,1256,0,0,0,1256,0,0,1256,0,0,0,0,gRNA_CDK9_targ_1635_3605
Reference,30.22508039,69.77491961,2765,2765,1555,470,1085,0,1,0,1084,1,0,1084,0,0,0,0,gRNA_CDK9_targ_1635_3606
HDR,0.16792611,99.83207389,2765,2765,1191,2,1189,0,0,0,1189,0,0,1189,0,0,0,0,gRNA_CDK9_targ_1635_3606
Reference,18.77746704,81.22253296,2765,2765,2503,470,2033,0,1,1,2032,1,0,2031,0,0,1,0,gRNA_CDK9_targ_1635_3607
HDR,0.0,100.0,2765,2765,260,0,260,0,0,0,260,0,0,260,0,0,0,0,gRNA_CDK9_targ_1635_3607
Reference,96.90721649,3.09278351,2765,2765,485,470,15,0,1,0,14,1,0,14,0,0,0,0,gRNA_CDK9_targ_1635_3608
HDR,78.37384744,21.62615256,2765,2765,1193,935,258,0,0,0,258,0,0,258,0,0,0,0,gRNA_CDK9_targ_1635_3608
Reference,65.73426573,34.26573427,2765,2765,715,470,245,0,1,1,244,1,0,243,0,0,1,0,gRNA_CDK9_targ_1635_3609
HDR,0.76335878,99.23664122,2765,2765,262,2,260,0,0,0,260,0,0,260,0,0,0,0,gRNA_CDK9_targ_1635_3609
Reference,35.76864536,64.23135464,2765,2765,1314,470,844,0,1,1,843,1,0,842,0,0,1,0,gRNA_CDK9_targ_1635_3610
HDR,0.0,100.0,2765,2765,2,0,2,0,0,0,2,0,0,2,0,0,0,0,gRNA_CDK9_targ_1635_3610
Reference,35.82317073,64.17682927,2765,2765,1312,470,842,0,1,1,841,1,0,840,0,0,1,0,gRNA_CDK9_targ_1635_3611
HDR,0.0,100.0,2765,2765,1234,0,1234,0,0,0,1234,0,0,1234,0,0,0,0,gRNA_CDK9_targ_1635_3611
Reference,41.30781499,58.69218501,959,948,627,259,368,0,354,1,368,0,0,14,0,353,0,1,gRNA_CDK9_targ_1638_3612
HDR,0.0,100.0,959,948,320,0,320,0,90,1,231,89,0,229,0,1,1,0,gRNA_CDK9_targ_1638_3612
Reference,41.24203822,58.75796178,959,948,628,259,369,0,355,1,369,0,0,14,0,354,0,1,gRNA_CDK9_targ_1638_3613
HDR,0.0,100.0,959,948,230,0,230,0,0,1,230,0,0,229,0,0,1,0,gRNA_CDK9_targ_1638_3613
Reference,41.30781499,58.69218501,959,948,627,259,368,0,354,1,368,0,0,14,0,353,0,1,gRNA_CDK9_targ_1638_3614
HDR,51.41065831,48.58934169,959,948,319,164,155,0,89,1,66,88,1,65,0,1,0,0,gRNA_CDK9_targ_1638_3614
Reference,50.49365303,49.50634697,3077,3077,709,358,351,0,1,0,350,1,0,350,0,0,0,0,gRNA_CDK9_targ_1642_3615
HDR,47.01657459,52.98342541,3077,3077,1810,851,959,0,0,0,959,0,0,959,0,0,0,0,gRNA_CDK9_targ_1642_3615
Reference,55.42857143,44.57142857,1098,1098,350,194,156,0,0,141,153,0,3,15,0,0,138,0,gRNA_CDK9_targ_1643_3616
HDR,3.24324324,96.75675676,1098,1098,740,24,716,0,0,0,716,0,0,716,0,0,0,0,gRNA_CDK9_targ_1643_3616
Reference,0.0,100.0,2552,2328,3,0,3,0,1,0,2,1,0,2,0,0,0,0,gRNA_CDK9_targ_1644_3617
HDR,0.1,99.9,2552,2328,2000,2,1998,0,78,0,1930,68,0,1920,0,10,0,0,gRNA_CDK9_targ_1644_3617
Reference,31.80169287,68.19830713,4549,4549,1654,526,1128,0,2,342,793,2,333,784,0,0,9,0,gRNA_CDK9_targ_1645_3618
HDR,49.46107784,50.53892216,4549,4549,2505,1239,1266,0,0,0,1266,0,0,1266,0,0,0,0,gRNA_CDK9_targ_1645_3618
Reference,19.34534755,80.65465245,4549,4549,2719,526,2193,0,1,341,1860,1,332,1851,0,0,9,0,gRNA_CDK9_targ_1645_3619
HDR,14.50488145,85.49511855,4549,4549,1434,208,1226,0,0,0,1226,0,0,1226,0,0,0,0,gRNA_CDK9_targ_1645_3619
Reference,36.4265928,63.5734072,4549,4549,1444,526,918,0,1,342,584,1,333,575,0,0,9,0,gRNA_CDK9_targ_1645_3620
HDR,76.44661777,23.55338223,4549,4549,1227,938,289,0,0,0,289,0,0,289,0,0,0,0,gRNA_CDK9_targ_1645_3620
Reference,1.8636945,98.1363055,9771,9452,5473,102,5371,0,401,10,5369,2,0,4960,0,399,10,0,gRNA_CDK9_targ_1646_3621
HDR,0.08628128,99.91371872,9771,9452,3477,3,3474,0,0,1,3474,0,0,3473,0,0,1,0,gRNA_CDK9_targ_1646_3621
Reference,49.27536232,50.72463768,9771,9452,207,102,105,0,13,0,105,0,0,92,0,13,0,0,gRNA_CDK9_targ_1646_3622
HDR,14.68913941,85.31086059,9771,9452,8959,1316,7643,0,711,5,7570,71,2,6928,0,639,2,1,gRNA_CDK9_targ_1646_3622
Reference,2.11750052,97.88249948,9771,9452,4817,102,4715,0,90,9,4714,1,0,4616,0,89,9,0,gRNA_CDK9_targ_1646_3623
HDR,0.0,100.0,9771,9452,4286,0,4286,0,315,2,4286,0,0,3969,0,315,2,0,gRNA_CDK9_targ_1646_3623
Reference,20.98765432,79.01234568,9771,9452,486,102,384,0,18,7,382,2,0,359,0,16,7,0,gRNA_CDK9_targ_1646_3624
HDR,37.35849057,62.64150943,9771,9452,3975,1485,2490,0,328,2,2490,0,0,2161,0,327,1,1,gRNA_CDK9_targ_1646_3624
Reference,3.9704165,96.0295835,9771,9452,2569,102,2467,0,90,9,2466,1,0,2368,0,89,9,0,gRNA_CDK9_targ_1646_3625
HDR,0.0,100.0,9771,9452,1234,0,1234,0,4,1,1234,0,0,1229,0,4,1,0,gRNA_CDK9_targ_1646_3625
Reference,20.85889571,79.14110429,9771,9452,489,102,387,0,17,7,385,2,0,363,0,15,7,0,gRNA_CDK9_targ_1646_3626
HDR,42.82396656,57.17603344,9771,9452,4306,1844,2462,0,312,2,2202,260,0,2148,0,52,2,0,gRNA_CDK9_targ_1646_3626
Reference,4.24646128,95.75353872,9771,9452,2402,102,2300,0,91,9,2298,2,0,2200,0,89,9,0,gRNA_CDK9_targ_1646_3627
HDR,17.95419847,82.04580153,9771,9452,6550,1176,5374,0,311,2,5374,0,0,5061,0,311,2,0,gRNA_CDK9_targ_1646_3627
Reference,6.67920978,93.32079022,7495,6855,5315,355,4960,0,3,249,4715,2,243,4708,0,1,6,0,gRNA_CDK9_targ_1647_3628
HDR,0.06557377,99.93442623,7495,6855,1525,1,1524,0,0,2,1523,0,1,1522,0,0,1,0,gRNA_CDK9_targ_1647_3628
Reference,10.06521123,89.93478877,7495,6855,3527,355,3172,0,3,246,2929,2,241,2923,0,1,5,0,gRNA_CDK9_targ_1647_3629
HDR,0.03016591,99.96983409,7495,6855,3315,1,3314,0,0,3,3314,0,0,3311,0,0,3,0,gRNA_CDK9_targ_1647_3629
Reference,89.1959799,10.8040201,7495,6855,398,355,43,0,1,0,43,0,0,42,0,1,0,0,gRNA_CDK9_targ_1647_3630
HDR,29.39118265,70.60881735,7495,6855,5716,1680,4036,0,0,4,4035,0,1,4032,0,0,3,0,gRNA_CDK9_targ_1647_3630
Reference,12.32211038,87.67788962,7495,6855,2881,355,2526,0,3,247,2281,2,243,2276,0,1,4,0,gRNA_CDK9_targ_1647_3631
HDR,0.0,100.0,7495,6855,876,0,876,0,0,1,876,0,0,875,0,0,1,0,gRNA_CDK9_targ_1647_3631
Reference,31.27753304,68.72246696,7495,6855,1135,355,780,0,3,246,535,2,243,531,0,1,3,0,gRNA_CDK9_targ_1647_3632
HDR,40.59856864,59.40143136,7495,6855,1537,624,913,0,0,2,912,0,1,911,0,0,1,0,gRNA_CDK9_targ_1647_3632
Reference,31.38815208,68.61184792,7495,6855,1131,355,776,0,1,245,534,0,242,530,0,1,3,0,gRNA_CDK9_targ_1647_3633
HDR,69.82551143,30.17448857,7495,6855,3324,2321,1003,0,0,3,1002,0,1,1000,0,0,2,0,gRNA_CDK9_targ_1647_3633
Reference,12.36933798,87.63066202,7495,6855,2870,355,2515,0,3,247,2270,2,243,2265,0,1,4,0,gRNA_CDK9_targ_1647_3634
HDR,20.82702975,79.17297025,7495,6855,3966,826,3140,0,0,2,3139,0,1,3138,0,0,1,0,gRNA_CDK9_targ_1647_3634
Reference,12.0754717,87.9245283,2449,2449,1325,160,1165,0,0,1,1164,0,1,1164,0,0,0,0,gRNA_CDK9_targ_1648_3635
HDR,0.0,100.0,2449,2449,1120,0,1120,0,0,0,1120,0,0,1120,0,0,0,0,gRNA_CDK9_targ_1648_3635
Reference,32.38866397,67.61133603,2449,2449,494,160,334,0,0,1,333,0,1,333,0,0,0,0,gRNA_CDK9_targ_1648_3636
HDR,5.14933059,94.85066941,2449,2449,1942,100,1842,0,0,0,1842,0,0,1842,0,0,0,0,gRNA_CDK9_targ_1648_3636
Reference,46.24277457,53.75722543,2449,2449,346,160,186,0,0,1,185,0,1,185,0,0,0,0,gRNA_CDK9_targ_1648_3637
HDR,10.78838174,89.21161826,2449,2449,964,104,860,0,0,0,860,0,0,860,0,0,0,0,gRNA_CDK9_targ_1648_3637
Reference,4.66101695,95.33898305,2560,2559,472,22,450,0,76,11,450,0,0,364,0,75,10,1,gRNA_CDK9_targ_1649_3638
HDR,0.13605442,99.86394558,2560,2559,1470,2,1468,0,0,22,1468,0,0,1446,0,0,22,0,gRNA_CDK9_targ_1649_3638
Reference,2.11538462,97.88461538,2560,2559,1040,22,1018,0,13,33,1018,0,0,973,0,12,32,1,gRNA_CDK9_targ_1649_3639
HDR,0.06622517,99.93377483,2560,2559,1510,1,1509,0,63,0,1453,56,0,1446,0,7,0,0,gRNA_CDK9_targ_1649_3639
Reference,2.16322517,97.83677483,2560,2559,1017,22,995,0,13,12,995,0,0,971,0,12,11,1,gRNA_CDK9_targ_1649_3640
HDR,56.78842178,43.21157822,2560,2559,1451,824,627,0,0,1,627,0,0,626,0,0,1,0,gRNA_CDK9_targ_1649_3640
Reference,0.55248619,99.44751381,2258,2258,181,1,180,0,3,0,177,3,0,177,0,0,0,0,gRNA_CDK9_targ_1650_3641
HDR,0.22222222,99.77777778,2258,2258,1800,4,1796,0,1,3,1793,1,2,1792,0,0,1,0,gRNA_CDK9_targ_1650_3641
Reference,88.88888889,11.11111111,1396,1262,36,32,4,0,0,0,4,0,0,4,0,0,0,0,gRNA_CDK9_targ_1651_3642
HDR,43.1630972,56.8369028,1396,1262,1214,524,690,0,0,1,690,0,0,689,0,0,1,0,gRNA_CDK9_targ_1651_3642
Reference,0.0,100.0,773,698,2,0,2,0,1,0,1,1,0,1,0,0,0,0,gRNA_CDK9_targ_1652_3643
HDR,8.28729282,91.71270718,773,698,543,45,498,0,0,1,497,0,1,497,0,0,0,0,gRNA_CDK9_targ_1652_3643
Reference,0.0,100.0,773,698,138,0,138,0,2,0,136,2,0,136,0,0,0,0,gRNA_CDK9_targ_1652_3644
HDR,0.0,100.0,773,698,407,0,407,0,0,0,407,0,0,407,0,0,0,0,gRNA_CDK9_targ_1652_3644
Reference,0.0,100.0,773,698,153,0,153,0,2,151,7,2,144,0,0,0,7,0,gRNA_CDK9_targ_1652_3645
HDR,97.29064039,2.70935961,773,698,406,395,11,0,0,0,11,0,0,11,0,0,0,0,gRNA_CDK9_targ_1652_3645
Reference,0.0,100.0,1509,1508,95,0,95,0,15,5,80,13,2,75,0,2,3,0,gRNA_CDK9_targ_1653_3646
HDR,31.37583893,68.62416107,1509,1508,1192,374,818,0,0,3,815,0,3,815,0,0,0,0,gRNA_CDK9_targ_1653_3646
Reference,0.66401062,99.33598938,3374,3374,753,5,748,0,400,0,358,390,0,348,0,10,0,0,gRNA_CDK9_targ_1654_3647
HDR,96.28571429,3.71428571,3374,3374,2100,2022,78,0,0,0,78,0,0,78,0,0,0,0,gRNA_CDK9_targ_1654_3647
Reference,3.98517146,96.01482854,2111,2031,1079,43,1036,0,4,1,1032,3,1,1031,0,1,0,0,gRNA_CDK9_targ_1655_3648
HDR,0.0,100.0,2111,2031,947,0,947,0,1,0,946,1,0,946,0,0,0,0,gRNA_CDK9_targ_1655_3648
Reference,54.43037975,45.56962025,2111,2031,79,43,36,0,3,1,32,3,1,32,0,0,0,0,gRNA_CDK9_targ_1655_3649
HDR,33.53783231,66.46216769,2111,2031,1467,492,975,0,1,0,974,1,0,974,0,0,0,0,gRNA_CDK9_targ_1655_3649
Reference,7.65124555,92.34875445,2111,2031,562,43,519,0,3,1,515,3,1,515,0,0,0,0,gRNA_CDK9_targ_1655_3650
HDR,84.85804416,15.14195584,2111,2031,951,807,144,0,1,0,143,1,0,143,0,0,0,0,gRNA_CDK9_targ_1655_3650
Reference,34.93975904,65.06024096,1012,1012,498,174,324,0,0,0,324,0,0,324,0,0,0,0,gRNA_CDK9_targ_1656_3651
HDR,86.51911469,13.48088531,1012,1012,497,430,67,0,0,0,67,0,0,67,0,0,0,0,gRNA_CDK9_targ_1656_3651
Reference,18.33508957,81.66491043,1012,1012,949,174,775,0,1,0,774,1,0,774,0,0,0,0,gRNA_CDK9_targ_1656_3652
HDR,12.0,88.0,1012,1012,50,6,44,0,0,0,44,0,0,44,0,0,0,0,gRNA_CDK9_targ_1656_3652
Reference,34.86973948,65.13026052,1012,1012,499,174,325,0,1,0,324,1,0,324,0,0,0,0,gRNA_CDK9_targ_1656_3653
HDR,91.30434783,8.69565217,1012,1012,46,42,4,0,0,0,4,0,0,4,0,0,0,0,gRNA_CDK9_targ_1656_3653
Reference,33.33333333,66.66666667,1957,1896,3,1,2,0,1,0,2,0,0,1,0,1,0,0,gRNA_CDK9_targ_1657_3654
HDR,21.87004754,78.12995246,1957,1896,1893,414,1479,0,0,1,1479,0,0,1478,0,0,1,0,gRNA_CDK9_targ_1657_3654
Reference,0.0984252,99.9015748,1957,1896,1016,1,1015,0,1,0,1015,0,0,1014,0,1,0,0,gRNA_CDK9_targ_1657_3655
HDR,0.0,100.0,1957,1896,873,0,873,0,0,0,873,0,0,873,0,0,0,0,gRNA_CDK9_targ_1657_3655
Reference,33.33333333,66.66666667,1957,1896,3,1,2,0,1,0,2,0,0,1,0,1,0,0,gRNA_CDK9_targ_1657_3656
HDR,66.25,33.75,1957,1896,880,583,297,0,0,1,297,0,0,296,0,0,1,0,gRNA_CDK9_targ_1657_3656
Reference,9.44785276,90.55214724,2622,2621,815,77,738,0,0,226,738,0,0,512,0,0,226,0,gRNA_CDK9_targ_1658_3657
HDR,1.60932297,98.39067703,2622,2621,1802,29,1773,0,0,0,1773,0,0,1773,0,0,0,0,gRNA_CDK9_targ_1658_3657
Reference,21.875,78.125,2622,2621,352,77,275,0,0,226,275,0,0,49,0,0,226,0,gRNA_CDK9_targ_1658_3658
HDR,21.3498015,78.6501985,2622,2621,2267,484,1783,0,0,0,1783,0,0,1783,0,0,0,0,gRNA_CDK9_targ_1658_3658
Reference,23.69230769,76.30769231,2622,2621,325,77,248,0,0,228,248,0,0,20,0,0,228,0,gRNA_CDK9_targ_1658_3659
HDR,84.45070423,15.54929577,2622,2621,1775,1499,276,0,0,0,276,0,0,276,0,0,0,0,gRNA_CDK9_targ_1658_3659
Reference,3.45963756,96.54036244,1180,1180,607,21,586,0,1,1,585,1,0,584,0,0,1,0,gRNA_CDK9_targ_1659_3660
HDR,0.0,100.0,1180,1180,570,0,570,0,0,0,570,0,0,570,0,0,0,0,gRNA_CDK9_targ_1659_3660
Reference,27.27272727,72.72727273,1180,1180,77,21,56,0,1,0,55,1,0,55,0,0,0,0,gRNA_CDK9_targ_1659_3661
HDR,41.63346614,58.36653386,1180,1180,1004,418,586,0,1,1,584,1,1,584,0,0,0,0,gRNA_CDK9_targ_1659_3661
Reference,12.0,88.0,1180,1180,175,21,154,0,1,0,153,1,0,153,0,0,0,0,gRNA_CDK9_targ_1659_3662
HDR,13.81118881,86.18881119,1180,1180,572,79,493,0,1,0,492,1,0,492,0,0,0,0,gRNA_CDK9_targ_1659_3662
Reference,,,395,391,0,0,0,0,0,0,0,0,0,0,0,0,0,0,gRNA_CDK9_targ_1660_3663
HDR,47.57033248,52.42966752,395,391,391,186,205,0,0,1,204,0,1,204,0,0,0,0,gRNA_CDK9_targ_1660_3663
Reference,28.57142857,71.42857143,73,73,35,10,25,0,0,0,25,0,0,25,0,0,0,0,gRNA_CDK9_targ_1668_3664
HDR,0.0,100.0,73,73,3,0,3,0,0,0,3,0,0,3,0,0,0,0,gRNA_CDK9_targ_1668_3664
Reference,52.63157895,47.36842105,73,73,19,10,9,0,0,0,9,0,0,9,0,0,0,0,gRNA_CDK9_targ_1668_3665
HDR,76.19047619,23.80952381,73,73,21,16,5,0,2,0,5,0,0,3,0,2,0,0,gRNA_CDK9_targ_1668_3665
Reference,52.63157895,47.36842105,73,73,19,10,9,0,0,0,9,0,0,9,0,0,0,0,gRNA_CDK9_targ_1668_3666
HDR,40.0,60.0,73,73,5,2,3,0,2,0,3,0,0,1,0,2,0,0,gRNA_CDK9_targ_1668_3666
Reference,16.66666667,83.33333333,14,14,6,1,5,0,0,0,5,0,0,5,0,0,0,0,gRNA_CDK9_targ_1669_3667
HDR,0.0,100.0,14,14,3,0,3,0,0,0,3,0,0,3,0,0,0,0,gRNA_CDK9_targ_1669_3667
Reference,12.5,87.5,14,14,8,1,7,0,0,0,7,0,0,7,0,0,0,0,gRNA_CDK9_targ_1669_3668
HDR,16.66666667,83.33333333,14,14,6,1,5,0,0,0,5,0,0,5,0,0,0,0,gRNA_CDK9_targ_1669_3668
Reference,12.5,87.5,14,14,8,1,7,0,0,0,7,0,0,7,0,0,0,0,gRNA_CDK9_targ_1669_3669
HDR,40.0,60.0,14,14,5,2,3,0,0,0,3,0,0,3,0,0,0,0,gRNA_CDK9_targ_1669_3669
Reference,1.11111111,98.88888889,1654,1654,450,5,445,0,30,0,421,24,0,415,0,6,0,0,gRNA_CDK9_targ_1670_3670
HDR,36.9467028,63.0532972,1654,1654,1107,409,698,0,53,0,698,0,0,645,0,53,0,0,gRNA_CDK9_targ_1670_3670
Reference,0.43975374,99.56024626,1654,1654,1137,5,1132,0,178,0,1108,24,0,954,0,154,0,0,gRNA_CDK9_targ_1670_3671
HDR,1.75438596,98.24561404,1654,1654,114,2,112,0,0,0,112,0,0,112,0,0,0,0,gRNA_CDK9_targ_1670_3671
Reference,0.92081031,99.07918969,1654,1654,543,5,538,0,125,0,514,24,0,413,0,101,0,0,gRNA_CDK9_targ_1670_3672
HDR,30.35714286,69.64285714,1654,1654,112,34,78,0,0,0,78,0,0,78,0,0,0,0,gRNA_CDK9_targ_1670_3672
Reference,75.0,25.0,1659,1659,4,3,1,0,1,0,1,0,0,0,0,1,0,0,gRNA_CDK9_targ_1671_3673
HDR,12.86601597,87.13398403,1659,1659,1127,145,982,0,2,1,980,2,0,979,0,0,1,0,gRNA_CDK9_targ_1671_3673
Reference,71.42857143,28.57142857,517,515,7,5,2,0,0,0,2,0,0,2,0,0,0,0,gRNA_CDK9_targ_1673_3674
HDR,31.35964912,68.64035088,517,515,456,143,313,0,0,1,312,0,1,312,0,0,0,0,gRNA_CDK9_targ_1673_3674
Reference,0.0,100.0,86,86,5,0,5,0,0,5,5,0,0,0,0,0,5,0,gRNA_CDK9_targ_1674_3675
HDR,97.5308642,2.4691358,86,86,81,79,2,0,0,0,2,0,0,2,0,0,0,0,gRNA_CDK9_targ_1674_3675
Reference,26.31578947,73.68421053,2272,2272,19,5,14,0,6,3,6,5,3,5,0,1,0,0,gRNA_CDK9_targ_1675_3676
HDR,80.73679538,19.26320462,2272,2272,2253,1819,434,0,0,1,433,0,1,433,0,0,0,0,gRNA_CDK9_targ_1675_3676
Reference,37.5,62.5,722,722,8,3,5,0,0,0,5,0,0,5,0,0,0,0,gRNA_CDK9_targ_1676_3677
HDR,69.48176583,30.51823417,722,722,521,362,159,0,0,0,159,0,0,159,0,0,0,0,gRNA_CDK9_targ_1676_3677
Reference,62.1978022,37.8021978,1033,1033,455,283,172,0,1,0,171,1,0,171,0,0,0,0,gRNA_CDK9_targ_1680_3678
HDR,85.19736842,14.80263158,1033,1033,304,259,45,0,1,1,43,1,1,43,0,0,0,0,gRNA_CDK9_targ_1680_3678
Reference,1.09090909,98.90909091,1825,1825,550,6,544,0,345,1,239,304,0,199,1,40,0,0,gRNA_CDK9_targ_1681_3679
HDR,0.0,100.0,1825,1825,1267,0,1267,0,0,2,1267,0,0,1265,0,0,2,0,gRNA_CDK9_targ_1681_3679
Reference,1.70940171,98.29059829,1825,1825,351,6,345,0,345,1,40,304,0,0,1,40,0,0,gRNA_CDK9_targ_1681_3680
HDR,0.06915629,99.93084371,1825,1825,1446,1,1445,0,0,2,1445,0,0,1443,0,0,2,0,gRNA_CDK9_targ_1681_3680
Reference,4.41176471,95.58823529,1825,1825,136,6,130,0,0,0,130,0,0,130,0,0,0,0,gRNA_CDK9_targ_1681_3681
HDR,0.0,100.0,1825,1825,1317,0,1317,0,0,2,1317,0,0,1315,0,0,2,0,gRNA_CDK9_targ_1681_3681
Reference,1.70940171,98.29059829,1825,1825,351,6,345,0,345,1,40,304,0,0,1,40,0,0,gRNA_CDK9_targ_1681_3682
HDR,9.81161695,90.18838305,1825,1825,1274,125,1149,0,0,2,1149,0,0,1147,0,0,2,0,gRNA_CDK9_targ_1681_3682
Reference,60.0,40.0,1825,1825,10,6,4,0,1,0,4,0,0,3,0,1,0,0,gRNA_CDK9_targ_1681_3683
HDR,0.0,100.0,1825,1825,1146,0,1146,0,0,2,1146,0,0,1144,0,0,2,0,gRNA_CDK9_targ_1681_3683
Reference,1.70454545,98.29545455,1825,1825,352,6,346,0,345,1,41,304,0,1,1,40,0,0,gRNA_CDK9_targ_1681_3684
HDR,14.71927162,85.28072838,1825,1825,1318,194,1124,0,0,2,1124,0,0,1122,0,0,2,0,gRNA_CDK9_targ_1681_3684
Reference,1.69971671,98.30028329,1825,1825,353,6,347,0,345,1,42,304,0,2,1,40,0,0,gRNA_CDK9_targ_1681_3685
HDR,73.75934738,26.24065262,1825,1825,1471,1085,386,0,0,2,384,0,2,384,0,0,0,0,gRNA_CDK9_targ_1681_3685
Reference,19.95030174,80.04969826,4937,4937,2817,562,2255,0,1,8,2253,1,1,2246,0,0,7,0,gRNA_CDK9_targ_1682_3686
HDR,18.25396825,81.74603175,4937,4937,1386,253,1133,0,0,2,1132,0,1,1131,0,0,1,0,gRNA_CDK9_targ_1682_3686
Reference,55.86481113,44.13518887,4937,4937,1006,562,444,0,0,2,443,0,1,442,0,0,1,0,gRNA_CDK9_targ_1682_3687
HDR,53.14745617,46.85254383,4937,4937,3479,1849,1630,0,0,9,1625,0,5,1621,0,0,4,0,gRNA_CDK9_targ_1682_3687
Reference,46.98996656,53.01003344,4937,4937,1196,562,634,0,1,277,364,1,269,356,0,0,8,0,gRNA_CDK9_targ_1682_3688
HDR,34.31372549,65.68627451,4937,4937,1428,490,938,0,0,2,937,0,1,936,0,0,1,0,gRNA_CDK9_targ_1682_3688
Reference,0.0,100.0,2765,2694,1782,0,1782,0,419,1352,980,1,801,11,0,418,551,0,gRNA_CDK9_targ_1683_3689
HDR,0.0,100.0,2765,2694,905,0,905,0,0,0,905,0,0,905,0,0,0,0,gRNA_CDK9_targ_1683_3689
Reference,0.0,100.0,2765,2694,2561,0,2561,0,415,1351,1759,1,801,795,0,414,550,0,gRNA_CDK9_targ_1683_3690
HDR,0.0,100.0,2765,2694,121,0,121,0,3,2,119,1,1,116,0,2,1,0,gRNA_CDK9_targ_1683_3690
Reference,0.0,100.0,2765,2694,1781,0,1781,0,417,1352,979,1,801,12,0,416,551,0,gRNA_CDK9_targ_1683_3691
HDR,0.0,100.0,2765,2694,118,0,118,0,0,0,118,0,0,118,0,0,0,0,gRNA_CDK9_targ_1683_3691
Reference,63.03030303,36.96969697,3722,3721,165,104,61,0,0,3,59,0,2,58,0,0,1,0,gRNA_CDK9_targ_1684_3692
HDR,17.42534068,82.57465932,3722,3721,3449,601,2848,0,0,146,2706,0,142,2702,0,0,4,0,gRNA_CDK9_targ_1684_3692
Reference,31.53153153,68.46846847,1281,1192,666,210,456,0,10,2,444,10,2,444,0,0,0,0,gRNA_CDK9_targ_1685_3693
HDR,0.0,100.0,1281,1192,492,0,492,0,0,1,492,0,0,491,0,0,1,0,gRNA_CDK9_targ_1685_3693
Reference,37.70028275,62.29971725,5422,5422,1061,400,661,0,2,0,659,2,0,659,0,0,0,0,gRNA_CDK9_targ_1689_3694
HDR,86.42774566,13.57225434,5422,5422,4325,3738,587,0,0,1,586,0,1,586,0,0,0,0,gRNA_CDK9_targ_1689_3694
Reference,69.49152542,30.50847458,1985,1985,59,41,18,0,0,1,18,0,0,17,0,0,1,0,gRNA_CDK9_targ_1690_3695
HDR,0.0,100.0,1985,1985,1184,0,1184,0,0,0,1184,0,0,1184,0,0,0,0,gRNA_CDK9_targ_1690_3695
Reference,85.41666667,14.58333333,1985,1985,48,41,7,0,0,1,7,0,0,6,0,0,1,0,gRNA_CDK9_targ_1690_3696
HDR,0.62111801,99.37888199,1985,1985,1932,12,1920,0,0,0,1920,0,0,1920,0,0,0,0,gRNA_CDK9_targ_1690_3696
Reference,85.41666667,14.58333333,1985,1985,48,41,7,0,0,1,7,0,0,6,0,0,1,0,gRNA_CDK9_targ_1690_3697
HDR,57.20228809,42.79771191,1985,1985,1923,1100,823,0,0,0,823,0,0,823,0,0,0,0,gRNA_CDK9_targ_1690_3697
Reference,21.09842306,78.90157694,4594,4594,1839,388,1451,0,2,58,1393,2,56,1391,0,0,2,0,gRNA_CDK9_targ_1691_3698
HDR,0.03656307,99.96343693,4594,4594,2735,1,2734,0,1,2,2733,1,0,2731,0,0,2,0,gRNA_CDK9_targ_1691_3698
Reference,43.51978172,56.48021828,1340,1340,733,319,414,0,0,3,412,0,2,411,0,0,1,0,gRNA_CDK9_targ_1693_3699
HDR,44.62081129,55.37918871,1340,1340,567,253,314,0,0,0,314,0,0,314,0,0,0,0,gRNA_CDK9_targ_1693_3699
Reference,53.34957369,46.65042631,1629,1627,821,438,383,0,0,3,381,0,2,380,0,0,1,0,gRNA_CDK9_targ_1694_3700
HDR,41.70542636,58.29457364,1629,1627,645,269,376,0,1,0,375,1,0,375,0,0,0,0,gRNA_CDK9_targ_1694_3700
Reference,58.18036712,41.81963288,1829,1829,1253,729,524,0,1,0,524,0,0,523,0,1,0,0,gRNA_CDK9_targ_1695_3701
HDR,90.87719298,9.12280702,1829,1829,570,518,52,0,0,0,52,0,0,52,0,0,0,0,gRNA_CDK9_targ_1695_3701
Reference,72.64770241,27.35229759,1345,1345,914,664,250,0,6,120,128,2,120,124,0,4,0,0,gRNA_CDK9_targ_1696_3702
HDR,33.02107728,66.97892272,1345,1345,427,141,286,0,0,0,286,0,0,286,0,0,0,0,gRNA_CDK9_targ_1696_3702
Reference,77.66081871,22.33918129,1345,1345,855,664,191,0,6,0,189,2,0,185,0,4,0,0,gRNA_CDK9_targ_1696_3703
HDR,0.71428571,99.28571429,1345,1345,280,2,278,0,0,0,278,0,0,278,0,0,0,0,gRNA_CDK9_targ_1696_3703
Reference,72.56830601,27.43169399,1345,1345,915,664,251,0,6,120,129,2,120,125,0,4,0,0,gRNA_CDK9_targ_1696_3704
HDR,95.39007092,4.60992908,1345,1345,282,269,13,0,0,0,13,0,0,13,0,0,0,0,gRNA_CDK9_targ_1696_3704
Reference,86.36363636,13.63636364,210,210,198,171,27,0,0,0,27,0,0,27,0,0,0,0,gRNA_CDK9_targ_1697_3705
HDR,0.0,100.0,210,210,8,0,8,0,0,0,8,0,0,8,0,0,0,0,gRNA_CDK9_targ_1697_3705
Reference,97.15909091,2.84090909,210,210,176,171,5,0,0,0,5,0,0,5,0,0,0,0,gRNA_CDK9_targ_1697_3706
HDR,56.0,44.0,210,210,25,14,11,0,0,0,11,0,0,11,0,0,0,0,gRNA_CDK9_targ_1697_3706
Reference,94.47513812,5.52486188,210,210,181,171,10,0,0,0,10,0,0,10,0,0,0,0,gRNA_CDK9_targ_1697_3707
HDR,36.36363636,63.63636364,210,210,11,4,7,0,0,0,7,0,0,7,0,0,0,0,gRNA_CDK9_targ_1697_3707
Reference,46.6543892,53.3456108,2820,2820,1629,760,869,0,0,2,868,0,1,867,0,0,1,0,gRNA_CDK9_targ_1698_3708
HDR,3.82293763,96.17706237,2820,2820,497,19,478,0,0,0,478,0,0,478,0,0,0,0,gRNA_CDK9_targ_1698_3708
Reference,63.70494552,36.29505448,2820,2820,1193,760,433,0,0,2,432,0,1,431,0,0,1,0,gRNA_CDK9_targ_1698_3709
HDR,41.43070045,58.56929955,2820,2820,1342,556,786,0,0,1,786,0,0,785,0,0,1,0,gRNA_CDK9_targ_1698_3709
Reference,52.1978022,47.8021978,2820,2820,1456,760,696,0,0,3,695,0,1,693,0,0,2,0,gRNA_CDK9_targ_1698_3710
HDR,59.89650712,40.10349288,2820,2820,773,463,310,0,0,1,310,0,0,309,0,0,1,0,gRNA_CDK9_targ_1698_3710
Reference,22.22222222,77.77777778,3563,3249,18,4,14,0,1,0,13,1,0,13,0,0,0,0,gRNA_CDK9_targ_1700_3711
HDR,0.03243594,99.96756406,3563,3249,3083,1,3082,0,16,2,3082,0,0,3064,0,16,2,0,gRNA_CDK9_targ_1700_3711
Reference,2.63157895,97.36842105,3563,3249,152,4,148,0,1,0,147,1,0,147,0,0,0,0,gRNA_CDK9_targ_1700_3712
HDR,0.10619469,99.89380531,3563,3249,2825,3,2822,0,16,3,2822,0,0,2803,0,16,3,0,gRNA_CDK9_targ_1700_3712
Reference,28.57142857,71.42857143,3563,3249,14,4,10,0,1,0,9,1,0,9,0,0,0,0,gRNA_CDK9_targ_1700_3713
HDR,34.84309285,65.15690715,3563,3249,3091,1077,2014,0,16,3,1998,15,1,1995,0,1,2,0,gRNA_CDK9_targ_1700_3713
Reference,1.01694915,98.98305085,2473,2473,295,3,292,0,282,0,291,1,0,10,0,281,0,0,gRNA_CDK9_targ_1701_3714
HDR,0.0,100.0,2473,2473,1956,0,1956,0,1,0,1955,1,0,1955,0,0,0,0,gRNA_CDK9_targ_1701_3714
Reference,30.0,70.0,2473,2473,10,3,7,0,2,0,6,1,0,5,0,1,0,0,gRNA_CDK9_targ_1701_3715
HDR,0.05060729,99.94939271,2473,2473,1976,1,1975,0,0,0,1975,0,0,1975,0,0,0,0,gRNA_CDK9_targ_1701_3715
Reference,1.01351351,98.98648649,2473,2473,296,3,293,0,282,0,292,1,0,11,0,281,0,0,gRNA_CDK9_targ_1701_3716
HDR,74.12683824,25.87316176,2473,2473,2176,1613,563,0,1,0,562,1,0,562,0,0,0,0,gRNA_CDK9_targ_1701_3716
Reference,1.17647059,98.82352941,6755,6754,85,1,84,0,3,0,82,2,0,81,0,1,0,0,gRNA_CDK9_targ_1702_3717
HDR,19.95896288,80.04103712,6755,6754,5361,1070,4291,0,285,0,4016,275,0,4006,0,10,0,0,gRNA_CDK9_targ_1702_3717
Reference,0.30959752,99.69040248,828,828,323,1,322,0,0,0,322,0,0,322,0,0,0,0,gRNA_CDK9_targ_1703_3718
HDR,10.0990099,89.9009901,828,828,505,51,454,0,0,0,454,0,0,454,0,0,0,0,gRNA_CDK9_targ_1703_3718
Reference,0.55555556,99.44444444,828,828,180,1,179,0,0,0,179,0,0,179,0,0,0,0,gRNA_CDK9_targ_1703_3719
HDR,30.49535604,69.50464396,828,828,646,197,449,0,0,0,449,0,0,449,0,0,0,0,gRNA_CDK9_targ_1703_3719
Reference,0.24213075,99.75786925,828,828,413,1,412,0,0,0,412,0,0,412,0,0,0,0,gRNA_CDK9_targ_1703_3720
HDR,22.9468599,77.0531401,828,828,414,95,319,0,0,0,319,0,0,319,0,0,0,0,gRNA_CDK9_targ_1703_3720
Reference,0.98039216,99.01960784,828,828,102,1,101,0,0,0,101,0,0,101,0,0,0,0,gRNA_CDK9_targ_1703_3721
HDR,23.23943662,76.76056338,828,828,426,99,327,0,0,0,327,0,0,327,0,0,0,0,gRNA_CDK9_targ_1703_3721
Reference,0.44444444,99.55555556,828,828,225,1,224,0,0,0,224,0,0,224,0,0,0,0,gRNA_CDK9_targ_1703_3722
HDR,1.26182965,98.73817035,828,828,317,4,313,0,0,0,313,0,0,313,0,0,0,0,gRNA_CDK9_targ_1703_3722
Reference,1.2195122,98.7804878,828,828,82,1,81,0,0,0,81,0,0,81,0,0,0,0,gRNA_CDK9_targ_1703_3723
HDR,0.63492063,99.36507937,828,828,315,2,313,0,0,0,313,0,0,313,0,0,0,0,gRNA_CDK9_targ_1703_3723
Reference,0.25252525,99.74747475,828,828,396,1,395,0,0,0,395,0,0,395,0,0,0,0,gRNA_CDK9_targ_1703_3724
HDR,69.83758701,30.16241299,828,828,431,301,130,0,0,0,130,0,0,130,0,0,0,0,gRNA_CDK9_targ_1703_3724
Reference,34.69387755,65.30612245,502,502,490,170,320,0,1,0,319,1,0,319,0,0,0,0,gRNA_CDK9_targ_1704_3725
HDR,0.0,100.0,502,502,11,0,11,0,0,0,11,0,0,11,0,0,0,0,gRNA_CDK9_targ_1704_3725
Reference,94.97206704,5.02793296,502,502,179,170,9,0,1,0,8,1,0,8,0,0,0,0,gRNA_CDK9_targ_1704_3726
HDR,0.93167702,99.06832298,502,502,322,3,319,0,0,1,319,0,0,318,0,0,1,0,gRNA_CDK9_targ_1704_3726
Reference,91.89189189,8.10810811,502,502,185,170,15,0,0,0,15,0,0,15,0,0,0,0,gRNA_CDK9_targ_1704_3727
HDR,5.40540541,94.59459459,502,502,37,2,35,0,0,0,35,0,0,35,0,0,0,0,gRNA_CDK9_targ_1704_3727
Reference,94.97206704,5.02793296,502,502,179,170,9,0,0,0,9,0,0,9,0,0,0,0,gRNA_CDK9_targ_1704_3728
HDR,0.0,100.0,502,502,11,0,11,0,0,0,11,0,0,11,0,0,0,0,gRNA_CDK9_targ_1704_3728
Reference,36.55913978,63.44086022,502,502,465,170,295,0,1,1,294,1,0,293,0,0,1,0,gRNA_CDK9_targ_1704_3729
HDR,0.0,100.0,502,502,11,0,11,0,0,0,11,0,0,11,0,0,0,0,gRNA_CDK9_targ_1704_3729
Reference,96.04519774,3.95480226,502,502,177,170,7,0,1,0,6,1,0,6,0,0,0,0,gRNA_CDK9_targ_1704_3730
HDR,1.27388535,98.72611465,502,502,314,4,310,0,0,1,310,0,0,309,0,0,1,0,gRNA_CDK9_targ_1704_3730
Reference,90.42553191,9.57446809,502,502,188,170,18,0,1,0,17,1,0,17,0,0,0,0,gRNA_CDK9_targ_1704_3731
HDR,0.0,100.0,502,502,34,0,34,0,0,0,34,0,0,34,0,0,0,0,gRNA_CDK9_targ_1704_3731
Reference,0.0,100.0,2274,2273,128,0,128,0,0,0,128,0,0,128,0,0,0,0,gRNA_CDK9_targ_1705_3732
HDR,0.0,100.0,2274,2273,2144,0,2144,0,2,3,2144,0,0,2139,0,2,3,0,gRNA_CDK9_targ_1705_3732
Reference,0.0,100.0,2274,2273,1,0,1,0,0,0,1,0,0,1,0,0,0,0,gRNA_CDK9_targ_1705_3733
HDR,0.0,100.0,2274,2273,1954,0,1954,0,2,3,1954,0,0,1949,0,2,3,0,gRNA_CDK9_targ_1705_3733
Reference,0.0,100.0,2274,2273,676,0,676,0,0,0,676,0,0,676,0,0,0,0,gRNA_CDK9_targ_1705_3734
HDR,0.06738544,99.93261456,2274,2273,1484,1,1483,0,2,3,1483,0,0,1478,0,2,3,0,gRNA_CDK9_targ_1705_3734
Reference,0.0,100.0,2274,2273,10,0,10,0,0,0,10,0,0,10,0,0,0,0,gRNA_CDK9_targ_1705_3735
HDR,0.37313433,99.62686567,2274,2273,2144,8,2136,0,2,3,2135,0,1,2131,0,2,2,0,gRNA_CDK9_targ_1705_3735
Reference,0.0,100.0,2274,2273,120,0,120,0,0,0,120,0,0,120,0,0,0,0,gRNA_CDK9_targ_1705_3736
HDR,0.0,100.0,2274,2273,1477,0,1477,0,2,3,1476,0,1,1472,0,2,2,0,gRNA_CDK9_targ_1705_3736
Reference,0.0,100.0,2274,2273,316,0,316,0,0,0,316,0,0,316,0,0,0,0,gRNA_CDK9_targ_1705_3737
HDR,0.37617555,99.62382445,2274,2273,1595,6,1589,0,2,3,1588,0,1,1584,0,2,2,0,gRNA_CDK9_targ_1705_3737
Reference,0.0,100.0,2274,2273,10,0,10,0,0,0,10,0,0,10,0,0,0,0,gRNA_CDK9_targ_1705_3738
HDR,32.37527115,67.62472885,2274,2273,1844,597,1247,0,2,3,1244,0,3,1242,0,2,0,0,gRNA_CDK9_targ_1705_3738
Reference,0.08474576,99.91525424,1807,1806,1180,1,1179,0,0,4,1178,0,1,1175,0,0,3,0,gRNA_CDK9_targ_1706_3739
HDR,0.0,100.0,1807,1806,613,0,613,0,0,3,613,0,0,610,0,0,3,0,gRNA_CDK9_targ_1706_3739
Reference,0.44052863,99.55947137,1807,1806,227,1,226,0,0,1,226,0,0,225,0,0,1,0,gRNA_CDK9_targ_1706_3740
HDR,0.0,100.0,1807,1806,1578,0,1578,0,0,5,1578,0,0,1573,0,0,5,0,gRNA_CDK9_targ_1706_3740
Reference,100.0,0.0,1807,1806,1,1,0,0,0,0,0,0,0,0,0,0,0,0,gRNA_CDK9_targ_1706_3741
HDR,4.89160645,95.10839355,1807,1806,1799,88,1711,0,0,5,1711,0,0,1706,0,0,5,0,gRNA_CDK9_targ_1706_3741
Reference,0.44052863,99.55947137,1807,1806,227,1,226,0,0,2,225,0,1,224,0,0,1,0,gRNA_CDK9_targ_1706_3742
HDR,0.0,100.0,1807,1806,613,0,613,0,0,3,613,0,0,610,0,0,3,0,gRNA_CDK9_targ_1706_3742
Reference,25.0,75.0,1807,1806,4,1,3,0,0,2,2,0,1,1,0,0,1,0,gRNA_CDK9_targ_1706_3743
HDR,0.15974441,99.84025559,1807,1806,626,1,625,0,0,3,625,0,0,622,0,0,3,0,gRNA_CDK9_targ_1706_3743
Reference,50.0,50.0,1807,1806,2,1,1,0,0,1,1,0,0,0,0,0,1,0,gRNA_CDK9_targ_1706_3744
HDR,31.74904943,68.25095057,1807,1806,1578,501,1077,0,0,5,1076,0,1,1072,0,0,4,0,gRNA_CDK9_targ_1706_3744
Reference,0.46511628,99.53488372,1807,1806,215,1,214,0,0,2,213,0,1,212,0,0,1,0,gRNA_CDK9_targ_1706_3745
HDR,20.72243346,79.27756654,1807,1806,1578,327,1251,0,0,5,1249,0,2,1246,0,0,3,0,gRNA_CDK9_targ_1706_3745
Reference,0.0,100.0,1930,1930,516,0,516,0,188,1,385,131,0,327,0,57,1,0,gRNA_CDK9_targ_1707_3746
HDR,13.73937677,86.26062323,1930,1930,1412,194,1218,0,0,3,1217,0,1,1215,0,0,2,0,gRNA_CDK9_targ_1707_3746
Reference,33.46774194,66.53225806,2314,2313,496,166,330,0,115,1,225,104,1,214,0,11,0,0,gRNA_CDK9_targ_1708_3747
HDR,9.11174785,90.88825215,2314,2313,1745,159,1586,0,1,3,1585,1,0,1582,0,0,3,0,gRNA_CDK9_targ_1708_3747
Reference,96.78899083,3.21100917,3410,3136,218,211,7,0,0,0,7,0,0,7,0,0,0,0,gRNA_CDK9_targ_1709_3748
HDR,28.83461868,71.16538132,3410,3136,2334,673,1661,0,0,0,1661,0,0,1661,0,0,0,0,gRNA_CDK9_targ_1709_3748
Reference,0.0,100.0,3672,3672,1,0,1,0,0,0,1,0,0,1,0,0,0,0,gRNA_CDK9_targ_1710_3749
HDR,5.00310752,94.99689248,3672,3672,3218,161,3057,0,8,1,3049,8,0,3048,0,0,1,0,gRNA_CDK9_targ_1710_3749
Reference,7.80141844,92.19858156,3415,3415,282,22,260,0,257,1,8,251,1,2,0,6,0,0,gRNA_CDK9_targ_1711_3750
HDR,80.6132879,19.3867121,3415,3415,2935,2366,569,0,372,0,205,364,0,197,0,8,0,0,gRNA_CDK9_targ_1711_3750
Reference,6.55124006,93.44875994,5161,5160,2137,140,1997,0,80,3,1996,0,1,1914,0,80,2,0,gRNA_CDK9_targ_1712_3751
HDR,3.87596899,96.12403101,5161,5160,2967,115,2852,0,0,0,2852,0,0,2852,0,0,0,0,gRNA_CDK9_targ_1712_3751
Reference,27.61341223,72.38658777,5161,5160,507,140,367,0,79,1,366,0,1,287,0,79,0,0,gRNA_CDK9_targ_1712_3752
HDR,29.88445378,70.11554622,5161,5160,3808,1138,2670,0,0,1,2670,0,0,2669,0,0,1,0,gRNA_CDK9_targ_1712_3752
Reference,16.9286578,83.0713422,5161,5160,827,140,687,0,80,2,686,0,1,605,0,80,1,0,gRNA_CDK9_targ_1712_3753
HDR,60.99265991,39.00734009,5161,5160,2861,1745,1116,0,0,0,1116,0,0,1116,0,0,0,0,gRNA_CDK9_targ_1712_3753
Reference,18.57142857,81.42857143,4804,4804,210,39,171,0,0,0,171,0,0,171,0,0,0,0,gRNA_CDK9_targ_1713_3754
HDR,48.57773418,51.42226582,4804,4804,4078,1981,2097,0,0,2,2096,0,1,2095,0,0,1,0,gRNA_CDK9_targ_1713_3754
Reference,91.72932331,8.27067669,2924,2924,133,122,11,0,0,0,11,0,0,11,0,0,0,0,gRNA_CDK9_targ_1714_3755
HDR,97.17898833,2.82101167,2924,2924,2056,1998,58,0,0,1,57,0,1,57,0,0,0,0,gRNA_CDK9_targ_1714_3755
Reference,17.61363636,82.38636364,3828,3555,528,93,435,0,1,430,13,0,422,4,0,1,8,0,gRNA_CDK9_targ_1717_3756
HDR,89.41344778,10.58655222,3828,3555,2796,2500,296,0,0,3,293,0,3,293,0,0,0,0,gRNA_CDK9_targ_1717_3756
Reference,100.0,0.0,1940,1938,1,1,0,0,0,0,0,0,0,0,0,0,0,0,gRNA_CDK9_targ_1718_3757
HDR,82.30088496,17.69911504,1940,1938,1469,1209,260,0,12,1,260,0,0,247,0,12,1,0,gRNA_CDK9_targ_1718_3757
Reference,7.45428973,92.54571027,4688,4688,2844,212,2632,0,513,1,2172,460,0,2118,0,53,1,0,gRNA_CDK9_targ_1719_3758
HDR,0.0,100.0,4688,4688,1481,0,1481,0,0,0,1481,0,0,1481,0,0,0,0,gRNA_CDK9_targ_1719_3758
Reference,40.8477842,59.1522158,4688,4688,519,212,307,0,252,0,67,240,0,55,0,12,0,0,gRNA_CDK9_targ_1719_3759
HDR,45.53686934,54.46313066,4688,4688,3865,1760,2105,0,6,1,2098,6,1,2098,0,0,0,0,gRNA_CDK9_targ_1719_3759
Reference,25.79075426,74.20924574,4688,4688,822,212,610,0,508,0,150,460,0,102,0,48,0,0,gRNA_CDK9_targ_1719_3760
HDR,79.19868277,20.80131723,4688,4688,1822,1443,379,0,0,0,379,0,0,379,0,0,0,0,gRNA_CDK9_targ_1719_3760
Reference,0.26954178,99.73045822,3631,3631,742,2,740,0,131,0,687,53,0,609,0,78,0,0,gRNA_CDK9_targ_1720_3761
HDR,41.71062547,58.28937453,3631,3631,2654,1107,1547,0,0,4,1546,0,1,1543,0,0,3,0,gRNA_CDK9_targ_1720_3761
Reference,0.0965251,99.9034749,2927,2926,1036,1,1035,0,3,6,1035,0,0,1026,0,3,6,0,gRNA_CDK9_targ_1721_3762
HDR,0.16017085,99.83982915,2927,2926,1873,3,1870,0,0,1,1870,0,0,1869,0,0,1,0,gRNA_CDK9_targ_1721_3762
Reference,0.0,100.0,827,827,41,0,41,0,41,0,6,35,0,0,0,6,0,0,gRNA_CDK9_targ_1724_3763
HDR,57.89473684,42.10526316,827,827,399,231,168,0,1,0,168,0,0,167,0,1,0,0,gRNA_CDK9_targ_1724_3763
Reference,1.07526882,98.92473118,1649,1649,93,1,92,0,92,0,5,87,0,0,0,5,0,0,gRNA_CDK9_targ_1725_3764
HDR,89.61832061,10.38167939,1649,1649,1310,1174,136,0,0,0,136,0,0,136,0,0,0,0,gRNA_CDK9_targ_1725_3764
Reference,0.54945055,99.45054945,1087,1087,182,1,181,0,0,2,180,0,1,179,0,0,1,0,gRNA_CDK9_targ_1728_3765
HDR,73.77232143,26.22767857,1087,1087,896,661,235,0,0,2,233,0,2,233,0,0,0,0,gRNA_CDK9_targ_1728_3765
Reference,92.07920792,7.92079208,1627,1627,101,93,8,0,1,1,6,1,1,6,0,0,0,0,gRNA_CDK9_targ_1729_3766
HDR,89.39393939,10.60606061,1627,1627,1518,1357,161,0,0,3,158,0,3,158,0,0,0,0,gRNA_CDK9_targ_1729_3766
Reference,6.01145038,93.98854962,4220,4220,3144,189,2955,0,852,1,2120,835,0,2102,0,17,1,0,gRNA_CDK9_targ_1730_3767
HDR,0.0,100.0,4220,4220,1071,0,1071,0,0,129,946,0,125,942,0,0,4,0,gRNA_CDK9_targ_1730_3767
Reference,18.0861244,81.9138756,4220,4220,1045,189,856,0,851,0,21,835,0,5,0,16,0,0,gRNA_CDK9_targ_1730_3768
HDR,60.62665157,39.37334843,4220,4220,2649,1606,1043,0,0,2,1042,0,1,1041,0,0,1,0,gRNA_CDK9_targ_1730_3768
Reference,13.10679612,86.89320388,4220,4220,1442,189,1253,0,853,0,418,835,0,400,0,18,0,0,gRNA_CDK9_targ_1730_3769
HDR,85.36812675,14.63187325,4220,4220,1073,916,157,0,0,129,31,0,126,28,0,0,3,0,gRNA_CDK9_targ_1730_3769
Reference,59.24050633,40.75949367,804,804,395,234,161,0,0,0,161,0,0,161,0,0,0,0,gRNA_CDK9_targ_1731_3770
HDR,0.48899756,99.51100244,804,804,409,2,407,0,0,0,407,0,0,407,0,0,0,0,gRNA_CDK9_targ_1731_3770
Reference,96.69421488,3.30578512,804,804,242,234,8,0,0,0,8,0,0,8,0,0,0,0,gRNA_CDK9_targ_1731_3771
HDR,0.0,100.0,804,804,308,0,308,0,0,0,308,0,0,308,0,0,0,0,gRNA_CDK9_targ_1731_3771
Reference,97.5,2.5,804,804,240,234,6,0,0,0,6,0,0,6,0,0,0,0,gRNA_CDK9_targ_1731_3772
HDR,3.43980344,96.56019656,804,804,407,14,393,0,0,0,393,0,0,393,0,0,0,0,gRNA_CDK9_targ_1731_3772
Reference,23.02749018,76.97250982,3015,3014,2801,645,2156,0,3,6,2153,0,3,2147,0,3,3,0,gRNA_CDK9_targ_1732_3773
HDR,,,3015,3014,0,0,0,0,0,0,0,0,0,0,0,0,0,0,gRNA_CDK9_targ_1732_3773
Reference,97.28506787,2.71493213,3015,3014,663,645,18,0,0,3,15,0,3,15,0,0,0,0,gRNA_CDK9_targ_1732_3774
HDR,17.53653445,82.46346555,3015,3014,1916,336,1580,0,3,3,1578,2,0,1574,0,1,3,0,gRNA_CDK9_targ_1732_3774
Reference,52.05811138,47.94188862,3015,3014,1239,645,594,0,2,3,591,0,3,589,0,2,0,0,gRNA_CDK9_targ_1732_3775
HDR,0.0,100.0,3015,3014,1563,0,1563,0,1,3,1563,0,0,1559,0,1,3,0,gRNA_CDK9_targ_1732_3775
Reference,72.71702368,27.28297632,3015,3014,887,645,242,0,0,3,239,0,3,239,0,0,0,0,gRNA_CDK9_targ_1732_3776
HDR,0.0,100.0,3015,3014,1,0,1,0,0,0,1,0,0,1,0,0,0,0,gRNA_CDK9_targ_1732_3776
Reference,52.01612903,47.98387097,3015,3014,1240,645,595,0,2,3,592,0,3,590,0,2,0,0,gRNA_CDK9_targ_1732_3777
HDR,0.0,100.0,3015,3014,1,0,1,0,0,0,1,0,0,1,0,0,0,0,gRNA_CDK9_targ_1732_3777
Reference,72.88135593,27.11864407,3015,3014,885,645,240,0,0,3,237,0,3,237,0,0,0,0,gRNA_CDK9_targ_1732_3778
HDR,63.59564939,36.40435061,3015,3014,1563,994,569,0,1,3,565,1,3,565,0,0,0,0,gRNA_CDK9_targ_1732_3778
Reference,52.01612903,47.98387097,3015,3014,1240,645,595,0,2,3,592,0,3,590,0,2,0,0,gRNA_CDK9_targ_1732_3779
HDR,0.0,100.0,3015,3014,1562,0,1562,0,1,3,1562,0,0,1558,0,1,3,0,gRNA_CDK9_targ_1732_3779
Reference,23.97734424,76.02265576,1880,1880,1589,381,1208,0,1,0,1207,1,0,1207,0,0,0,0,gRNA_CDK9_targ_1733_3780
HDR,1.72413793,98.27586207,1880,1880,58,1,57,0,0,2,55,0,2,55,0,0,0,0,gRNA_CDK9_targ_1733_3780
Reference,91.14832536,8.85167464,1880,1880,418,381,37,0,1,27,9,1,27,9,0,0,0,0,gRNA_CDK9_targ_1733_3781
HDR,46.97452229,53.02547771,1880,1880,1256,590,666,0,0,1,665,0,1,665,0,0,0,0,gRNA_CDK9_targ_1733_3781
Reference,91.36690647,8.63309353,1880,1880,417,381,36,0,1,27,8,1,27,8,0,0,0,0,gRNA_CDK9_targ_1733_3782
HDR,85.96491228,14.03508772,1880,1880,57,49,8,0,0,2,6,0,2,6,0,0,0,0,gRNA_CDK9_targ_1733_3782
Reference,37.28813559,62.71186441,592,592,413,154,259,0,0,0,259,0,0,259,0,0,0,0,gRNA_CDK9_targ_1734_3783
HDR,26.19047619,73.80952381,592,592,168,44,124,0,0,0,124,0,0,124,0,0,0,0,gRNA_CDK9_targ_1734_3783
Reference,64.08450704,35.91549296,2371,2371,710,455,255,0,0,0,255,0,0,255,0,0,0,0,gRNA_CDK9_targ_1735_3784
HDR,69.04090268,30.95909732,2371,2371,1418,979,439,0,0,4,435,0,4,435,0,0,0,0,gRNA_CDK9_targ_1735_3784
Reference,0.0,100.0,1178,1177,700,0,700,0,1,308,400,0,300,391,0,1,8,0,gRNA_CDK9_targ_1736_3785
HDR,0.24390244,99.75609756,1178,1177,410,1,409,0,0,0,409,0,0,409,0,0,0,0,gRNA_CDK9_targ_1736_3785
Reference,0.0,100.0,1178,1177,3,0,3,0,0,0,3,0,0,3,0,0,0,0,gRNA_CDK9_targ_1736_3786
HDR,34.13333333,65.86666667,1178,1177,750,256,494,0,0,0,494,0,0,494,0,0,0,0,gRNA_CDK9_targ_1736_3786
Reference,0.0,100.0,1178,1177,424,0,424,0,1,308,124,0,300,115,0,1,8,0,gRNA_CDK9_targ_1736_3787
HDR,53.05263158,46.94736842,1178,1177,475,252,223,0,0,0,223,0,0,223,0,0,0,0,gRNA_CDK9_targ_1736_3787
Reference,0.0,100.0,2261,2101,5,0,5,0,1,1,5,0,0,4,0,0,0,1,gRNA_CDK9_targ_1737_3788
HDR,0.0,100.0,2261,2101,1991,0,1991,0,0,1096,931,0,1060,895,0,0,36,0,gRNA_CDK9_targ_1737_3788
Reference,0.0,100.0,2261,2101,2,0,2,0,1,1,2,0,0,1,0,0,0,1,gRNA_CDK9_targ_1737_3789
HDR,0.0,100.0,2261,2101,1414,0,1414,0,0,1096,354,0,1060,318,0,0,36,0,gRNA_CDK9_targ_1737_3789
Reference,0.0,100.0,2261,2101,6,0,6,0,1,2,5,0,1,4,0,0,0,1,gRNA_CDK9_targ_1737_3790
HDR,11.59056698,88.40943302,2261,2101,1993,231,1762,0,0,1097,701,0,1061,665,0,0,36,0,gRNA_CDK9_targ_1737_3790
Reference,0.0,100.0,3970,3967,2281,0,2281,0,5,307,2276,4,1,1969,0,1,306,0,gRNA_CDK9_targ_1738_3791
HDR,0.0,100.0,3970,3967,1406,0,1406,0,0,0,1406,0,0,1406,0,0,0,0,gRNA_CDK9_targ_1738_3791
Reference,0.0,100.0,3970,3967,10,0,10,0,2,1,7,2,1,7,0,0,0,0,gRNA_CDK9_targ_1738_3792
HDR,8.25316456,91.74683544,3970,3967,3950,326,3624,0,0,331,3603,0,21,3293,0,0,310,0,gRNA_CDK9_targ_1738_3792
Reference,0.0,100.0,3970,3967,1233,0,1233,0,5,1,1228,4,1,1227,0,1,0,0,gRNA_CDK9_targ_1738_3793
HDR,0.0,100.0,3970,3967,2103,0,2103,0,0,331,2082,0,21,1772,0,0,310,0,gRNA_CDK9_targ_1738_3793
Reference,0.0,100.0,3970,3967,17,0,17,0,5,1,12,4,1,11,0,1,0,0,gRNA_CDK9_targ_1738_3794
HDR,28.88888889,71.11111111,3970,3967,1665,481,1184,0,0,4,1184,0,0,1180,0,0,4,0,gRNA_CDK9_targ_1738_3794
Reference,0.0,100.0,3970,3967,843,0,843,0,5,1,838,4,1,837,0,1,0,0,gRNA_CDK9_targ_1738_3795
HDR,0.0,100.0,3970,3967,838,0,838,0,0,25,817,0,21,813,0,0,4,0,gRNA_CDK9_targ_1738_3795
Reference,0.0,100.0,3970,3967,11,0,11,0,5,1,6,4,1,5,0,1,0,0,gRNA_CDK9_targ_1738_3796
HDR,30.15756687,69.84243313,3970,3967,2729,823,1906,0,0,331,1582,0,324,1575,0,0,7,0,gRNA_CDK9_targ_1738_3796
Reference,0.0,100.0,3970,3967,640,0,640,0,5,1,635,4,1,634,0,1,0,0,gRNA_CDK9_targ_1738_3797
HDR,19.883796,80.116204,3970,3967,3098,616,2482,0,0,310,2482,0,0,2172,0,0,310,0,gRNA_CDK9_targ_1738_3797
Reference,57.29250604,42.70749396,4702,4701,2482,1422,1060,0,218,2,846,213,1,840,0,5,1,0,gRNA_CDK9_targ_1739_3798
HDR,74.64916252,25.35083748,4702,4701,2209,1649,560,0,94,0,560,0,0,466,0,94,0,0,gRNA_CDK9_targ_1739_3798
Reference,93.12977099,6.87022901,2692,2692,131,122,9,0,0,0,9,0,0,9,0,0,0,0,gRNA_CDK19_targ_6273_3799
HDR,97.11050371,2.88949629,2692,2692,2561,2487,74,0,0,0,74,0,0,74,0,0,0,0,gRNA_CDK19_targ_6273_3799
Reference,7.0155902,92.9844098,1822,1822,898,63,835,0,77,2,831,3,1,756,0,74,1,0,gRNA_CDK19_targ_6274_3800
HDR,0.0,100.0,1822,1822,917,0,917,0,186,2,752,164,0,730,1,21,1,0,gRNA_CDK19_targ_6274_3800
Reference,19.77920883,80.22079117,3813,3813,1087,215,872,0,1,1,871,1,0,870,0,0,1,0,gRNA_CDK19_targ_6275_3801
HDR,0.0,100.0,3813,3813,1908,0,1908,0,0,1,1908,0,0,1907,0,0,1,0,gRNA_CDK19_targ_6275_3801
Reference,96.84684685,3.15315315,3813,3813,222,215,7,0,1,1,6,1,0,5,0,0,1,0,gRNA_CDK19_targ_6275_3802
HDR,29.96800569,70.03199431,3813,3813,2813,843,1970,0,0,1,1970,0,0,1969,0,0,1,0,gRNA_CDK19_targ_6275_3802
Reference,96.41255605,3.58744395,3813,3813,223,215,8,0,1,1,7,1,0,6,0,0,1,0,gRNA_CDK19_targ_6275_3803
HDR,93.74037968,6.25962032,3813,3813,1949,1827,122,0,0,1,121,0,1,121,0,0,0,0,gRNA_CDK19_targ_6275_3803
Reference,8.71003308,91.28996692,3404,3404,907,79,828,0,1,1,828,0,0,826,0,1,1,0,gRNA_CDK19_targ_6276_3804
HDR,4.05948553,95.94051447,3404,3404,2488,101,2387,0,5,1,2385,1,1,2381,0,4,0,0,gRNA_CDK19_targ_6276_3804
Reference,56.0,44.0,1114,1112,25,14,11,0,7,1,5,6,0,3,0,1,1,0,gRNA_CDK19_targ_6279_3805
HDR,1.61662818,98.38337182,1114,1112,433,7,426,0,25,0,426,0,0,401,0,25,0,0,gRNA_CDK19_targ_6279_3805
Reference,5.09090909,94.90909091,1114,1112,275,14,261,0,0,0,261,0,0,261,0,0,0,0,gRNA_CDK19_targ_6279_3806
HDR,0.0,100.0,1114,1112,494,0,494,0,33,1,493,0,1,460,0,33,0,0,gRNA_CDK19_targ_6279_3806
Reference,5.09090909,94.90909091,1114,1112,275,14,261,0,7,0,255,6,0,254,0,1,0,0,gRNA_CDK19_targ_6279_3807
HDR,30.19230769,69.80769231,1114,1112,520,157,363,0,33,0,361,2,0,330,0,31,0,0,gRNA_CDK19_targ_6279_3807
Reference,,,751,576,0,0,0,0,0,0,0,0,0,0,0,0,0,0,gRNA_CDK19_targ_6280_3808
HDR,0.0,100.0,751,576,565,0,565,0,347,11,313,252,0,207,0,95,11,0,gRNA_CDK19_targ_6280_3808
Reference,0.0,100.0,751,576,289,0,289,0,289,0,289,0,0,0,0,289,0,0,gRNA_CDK19_targ_6280_3809
HDR,0.0,100.0,751,576,274,0,274,0,56,10,273,1,0,208,0,55,10,0,gRNA_CDK19_targ_6280_3809
Reference,0.0,100.0,751,576,1,0,1,0,1,0,1,0,0,0,0,1,0,0,gRNA_CDK19_targ_6280_3810
HDR,66.90909091,33.09090909,751,576,275,184,91,0,57,10,42,39,10,24,0,18,0,0,gRNA_CDK19_targ_6280_3810
Reference,42.55319149,57.44680851,5067,5062,282,120,162,0,149,3,162,0,0,10,0,149,3,0,gRNA_CDK19_targ_6284_3811
HDR,44.78721009,55.21278991,5067,5062,4441,1989,2452,0,243,2,2257,195,0,2207,0,48,2,0,gRNA_CDK19_targ_6284_3811
Reference,25.0,75.0,1025,1025,4,1,3,0,0,0,3,0,0,3,0,0,0,0,gRNA_CDK19_targ_6286_3812
HDR,57.41573034,42.58426966,1025,1025,890,511,379,0,74,0,305,74,0,305,0,0,0,0,gRNA_CDK19_targ_6286_3812
Reference,,,1355,1355,0,0,0,0,0,0,0,0,0,0,0,0,0,0,gRNA_CDK19_targ_6287_3813
HDR,0.0,100.0,1355,1355,1097,0,1097,0,97,232,789,81,227,768,0,16,5,0,gRNA_CDK19_targ_6287_3813
Reference,36.0,64.0,1904,1904,175,63,112,0,0,0,112,0,0,112,0,0,0,0,gRNA_CDK19_targ_6288_3814
HDR,10.47717842,89.52282158,1904,1904,964,101,863,0,0,0,863,0,0,863,0,0,0,0,gRNA_CDK19_targ_6288_3814
Reference,56.75675676,43.24324324,2278,2278,222,126,96,0,1,74,24,1,71,21,0,0,3,0,gRNA_CDK19_targ_6289_3815
HDR,0.16538037,99.83461963,2278,2278,1814,3,1811,0,87,3,1726,85,0,1721,0,2,3,0,gRNA_CDK19_targ_6289_3815
Reference,94.91525424,5.08474576,2480,2470,59,56,3,0,0,1,3,0,0,2,0,0,1,0,gRNA_CDK19_targ_6291_3816
HDR,7.14879468,92.85120532,2480,2470,2406,172,2234,0,27,51,2210,24,0,2156,0,3,51,0,gRNA_CDK19_targ_6291_3816
Reference,20.97378277,79.02621723,2480,2470,267,56,211,0,27,0,211,0,0,184,0,27,0,0,gRNA_CDK19_targ_6291_3817
HDR,0.0,100.0,2480,2470,1868,0,1868,0,0,51,1868,0,0,1817,0,0,51,0,gRNA_CDK19_targ_6291_3817
Reference,6.00214362,93.99785638,2480,2470,933,56,877,0,0,51,877,0,0,826,0,0,51,0,gRNA_CDK19_targ_6291_3818
HDR,0.0,100.0,2480,2470,1434,0,1434,0,0,0,1434,0,0,1434,0,0,0,0,gRNA_CDK19_targ_6291_3818
Reference,94.91525424,5.08474576,2480,2470,59,56,3,0,0,1,3,0,0,2,0,0,1,0,gRNA_CDK19_targ_6291_3819
HDR,13.90277147,86.09722853,2480,2470,2201,306,1895,0,0,51,1844,0,51,1844,0,0,0,0,gRNA_CDK19_targ_6291_3819
Reference,93.33333333,6.66666667,2480,2470,60,56,4,0,0,1,4,0,0,3,0,0,1,0,gRNA_CDK19_targ_6291_3820
HDR,0.13020833,99.86979167,2480,2470,1536,2,1534,0,27,0,1510,24,0,1507,0,3,0,0,gRNA_CDK19_targ_6291_3820
Reference,9.8245614,90.1754386,2480,2470,570,56,514,0,0,0,514,0,0,514,0,0,0,0,gRNA_CDK19_targ_6291_3821
HDR,0.0,100.0,2480,2470,1507,0,1507,0,0,0,1507,0,0,1507,0,0,0,0,gRNA_CDK19_targ_6291_3821
Reference,23.33333333,76.66666667,2480,2470,240,56,184,0,0,1,184,0,0,183,0,0,1,0,gRNA_CDK19_targ_6291_3822
HDR,73.14375987,26.85624013,2480,2470,1899,1389,510,0,27,51,486,24,0,432,0,3,51,0,gRNA_CDK19_targ_6291_3822
Reference,0.0,100.0,3639,3591,5,0,5,0,0,0,5,0,0,5,0,0,0,0,gRNA_CDK19_targ_6292_3823
HDR,0.0,100.0,3639,3591,3546,0,3546,0,0,3,3546,0,0,3543,0,0,3,0,gRNA_CDK19_targ_6292_3823
Reference,0.0,100.0,3639,3591,4,0,4,0,0,0,4,0,0,4,0,0,0,0,gRNA_CDK19_targ_6292_3824
HDR,0.0,100.0,3639,3591,3340,0,3340,0,0,3,3340,0,0,3337,0,0,3,0,gRNA_CDK19_targ_6292_3824
Reference,0.0,100.0,3639,3591,772,0,772,0,0,1,772,0,0,771,0,0,1,0,gRNA_CDK19_targ_6292_3825
HDR,0.0,100.0,3639,3591,2800,0,2800,0,0,2,2800,0,0,2798,0,0,2,0,gRNA_CDK19_targ_6292_3825
Reference,0.0,100.0,3639,3591,5,0,5,0,0,0,5,0,0,5,0,0,0,0,gRNA_CDK19_targ_6292_3826
HDR,13.67950865,86.32049135,3639,3591,3582,490,3092,0,0,3,3091,0,1,3089,0,0,2,0,gRNA_CDK19_targ_6292_3826
Reference,0.0,100.0,3639,3591,29,0,29,0,0,0,29,0,0,29,0,0,0,0,gRNA_CDK19_targ_6292_3827
HDR,0.07125045,99.92874955,3639,3591,2807,2,2805,0,0,2,2805,0,0,2803,0,0,2,0,gRNA_CDK19_targ_6292_3827
Reference,0.0,100.0,3639,3591,243,0,243,0,0,0,243,0,0,243,0,0,0,0,gRNA_CDK19_targ_6292_3828
HDR,0.0,100.0,3639,3591,2814,0,2814,0,0,2,2814,0,0,2812,0,0,2,0,gRNA_CDK19_targ_6292_3828
Reference,0.0,100.0,3639,3591,6,0,6,0,0,0,6,0,0,6,0,0,0,0,gRNA_CDK19_targ_6292_3829
HDR,79.72932331,20.27067669,3639,3591,3325,2651,674,0,0,3,672,0,2,671,0,0,1,0,gRNA_CDK19_targ_6292_3829
Reference,31.37166139,68.62833861,2251,2251,2209,693,1516,0,0,1,1516,0,0,1515,0,0,1,0,gRNA_CDK19_targ_6293_3830
HDR,0.0,100.0,2251,2251,3,0,3,0,0,0,3,0,0,3,0,0,0,0,gRNA_CDK19_targ_6293_3830
Reference,98.01980198,1.98019802,2251,2251,707,693,14,0,0,0,14,0,0,14,0,0,0,0,gRNA_CDK19_targ_6293_3831
HDR,94.68085106,5.31914894,2251,2251,1222,1157,65,0,0,0,65,0,0,65,0,0,0,0,gRNA_CDK19_targ_6293_3831
Reference,67.34693878,32.65306122,2251,2251,1029,693,336,0,0,1,336,0,0,335,0,0,1,0,gRNA_CDK19_targ_6293_3832
HDR,7.5,92.5,2251,2251,40,3,37,0,0,0,37,0,0,37,0,0,0,0,gRNA_CDK19_targ_6293_3832
Reference,100.0,0.0,2938,2937,4,4,0,0,0,0,0,0,0,0,0,0,0,0,gRNA_CDK19_targ_6294_3833
HDR,60.4205783,39.5794217,2938,2937,2663,1609,1054,0,0,0,1054,0,0,1054,0,0,0,0,gRNA_CDK19_targ_6294_3833
Reference,0.19083969,99.80916031,2938,2937,2096,4,2092,0,0,0,2092,0,0,2092,0,0,0,0,gRNA_CDK19_targ_6294_3834
HDR,0.0,100.0,2938,2937,658,0,658,0,0,0,658,0,0,658,0,0,0,0,gRNA_CDK19_targ_6294_3834
Reference,1.50943396,98.49056604,2938,2937,265,4,261,0,0,0,261,0,0,261,0,0,0,0,gRNA_CDK19_targ_6294_3835
HDR,60.14405762,39.85594238,2938,2937,833,501,332,0,0,0,332,0,0,332,0,0,0,0,gRNA_CDK19_targ_6294_3835
Reference,96.30484988,3.69515012,2038,2038,433,417,16,0,1,0,15,1,0,15,0,0,0,0,gRNA_CDK19_targ_6295_3836
HDR,96.46504321,3.53495679,2038,2038,1273,1228,45,0,0,1,44,0,1,44,0,0,0,0,gRNA_CDK19_targ_6295_3836
Reference,51.93992491,48.06007509,2878,2865,799,415,384,0,131,0,256,128,0,253,0,3,0,0,gRNA_CDK19_targ_6296_3837
HDR,97.03989704,2.96010296,2878,2865,1554,1508,46,0,0,0,46,0,0,46,0,0,0,0,gRNA_CDK19_targ_6296_3837
Reference,97.56097561,2.43902439,2499,2498,123,120,3,0,1,1,3,0,0,2,0,0,0,1,gRNA_CDK19_targ_6299_3838
HDR,40.49165121,59.50834879,2499,2498,2156,873,1283,0,267,0,1044,239,0,1016,0,28,0,0,gRNA_CDK19_targ_6299_3838
Reference,70.46153846,29.53846154,2333,2333,325,229,96,0,90,0,6,90,0,6,0,0,0,0,gRNA_CDK19_targ_6300_3839
HDR,55.13353116,44.86646884,2333,2333,1685,929,756,0,60,0,716,40,0,696,0,20,0,0,gRNA_CDK19_targ_6300_3839
Reference,34.30962343,65.69037657,2185,2185,239,82,157,0,0,153,5,0,152,4,0,0,1,0,gRNA_CDK19_targ_6301_3840
HDR,65.7239819,34.2760181,2185,2185,1768,1162,606,0,0,4,602,0,4,602,0,0,0,0,gRNA_CDK19_targ_6301_3840
Reference,22.22222222,77.77777778,1202,1189,9,2,7,0,2,0,5,2,0,5,0,0,0,0,gRNA_CDK19_targ_6302_3841
HDR,11.80811808,88.19188192,1202,1189,1084,128,956,0,0,1,956,0,0,955,0,0,1,0,gRNA_CDK19_targ_6302_3841
Reference,95.76719577,4.23280423,986,986,945,905,40,0,0,0,40,0,0,40,0,0,0,0,gRNA_CDK19_targ_6303_3842
HDR,92.85714286,7.14285714,986,986,28,26,2,0,0,0,2,0,0,2,0,0,0,0,gRNA_CDK19_targ_6303_3842
Reference,37.03703704,62.96296296,1541,1540,27,10,17,0,0,0,17,0,0,17,0,0,0,0,gRNA_CDK19_targ_6304_3843
HDR,55.97222222,44.02777778,1541,1540,1440,806,634,0,1,43,593,1,40,590,0,0,3,0,gRNA_CDK19_targ_6304_3843
Reference,,,3718,3718,0,0,0,0,0,0,0,0,0,0,0,0,0,0,gRNA_CDK19_targ_6305_3844
HDR,96.42684693,3.57315307,3718,3718,2071,1997,74,0,0,2,72,0,2,72,0,0,0,0,gRNA_CDK19_targ_6305_3844
Reference,95.54030875,4.45969125,3027,3027,583,557,26,0,0,0,26,0,0,26,0,0,0,0,gRNA_CDK19_targ_6306_3845
HDR,93.38649156,6.61350844,3027,3027,2132,1991,141,0,0,0,141,0,0,141,0,0,0,0,gRNA_CDK19_targ_6306_3845
Reference,62.5,37.5,3424,3401,8,5,3,0,3,0,0,3,0,0,0,0,0,0,gRNA_CDK19_targ_6307_3846
HDR,18.4660767,81.5339233,3424,3401,3390,626,2764,0,185,5,2598,164,2,2574,0,21,3,0,gRNA_CDK19_targ_6307_3846
Reference,91.30434783,8.69565217,3881,3873,207,189,18,0,0,7,11,0,7,11,0,0,0,0,gRNA_CDK19_targ_6308_3847
HDR,0.32973621,99.67026379,3881,3873,3336,11,3325,0,91,8,3249,74,2,3226,0,17,6,0,gRNA_CDK19_targ_6308_3847
Reference,63.21070234,36.78929766,3881,3876,299,189,110,0,75,10,103,0,7,25,0,75,3,0,gRNA_CDK19_targ_6308_3848
HDR,0.0,100.0,3881,3876,3083,0,3083,0,218,9,3081,0,2,2859,0,215,4,3,gRNA_CDK19_targ_6308_3848
Reference,90.0,10.0,3881,3881,210,189,21,0,0,7,14,0,7,14,0,0,0,0,gRNA_CDK19_targ_6308_3849
HDR,22.57342657,77.42657343,3881,3881,3575,807,2768,0,218,11,2749,16,3,2542,0,199,5,3,gRNA_CDK19_targ_6308_3849
Reference,82.35294118,17.64705882,2700,2699,17,14,3,0,0,1,2,0,1,2,0,0,0,0,gRNA_CDK19_targ_6309_3850
HDR,3.23475046,96.76524954,2700,2699,2164,70,2094,0,7,0,2094,0,0,2087,0,7,0,0,gRNA_CDK19_targ_6309_3850
Reference,0.22421525,99.77578475,5774,5774,446,1,445,0,25,95,351,1,93,325,0,24,2,0,gRNA_CDK19_targ_6310_3851
HDR,0.0,100.0,5774,5774,5153,0,5153,0,0,8,5152,0,1,5145,0,0,7,0,gRNA_CDK19_targ_6310_3851
Reference,2.85714286,97.14285714,5774,5774,35,1,34,0,25,0,33,1,0,9,0,24,0,0,gRNA_CDK19_targ_6310_3852
HDR,0.0,100.0,5774,5774,5226,0,5226,0,0,8,5225,0,1,5218,0,0,7,0,gRNA_CDK19_targ_6310_3852
Reference,0.7518797,99.2481203,5774,5774,133,1,132,0,25,94,38,1,93,13,0,24,1,0,gRNA_CDK19_targ_6310_3853
HDR,3.98058252,96.01941748,5774,5774,5150,205,4945,0,0,8,4940,0,5,4937,0,0,3,0,gRNA_CDK19_targ_6310_3853
Reference,41.09589041,58.90410959,356,356,219,90,129,0,0,0,129,0,0,129,0,0,0,0,gRNA_CDK19_targ_6311_3854
HDR,0.0,100.0,356,356,131,0,131,0,0,0,131,0,0,131,0,0,0,0,gRNA_CDK19_targ_6311_3854
Reference,96.70275591,3.29724409,4911,4911,4064,3930,134,0,0,3,131,0,3,131,0,0,0,0,gRNA_CDK19_targ_6312_3855
HDR,97.68786127,2.31213873,4911,4911,692,676,16,0,0,0,16,0,0,16,0,0,0,0,gRNA_CDK19_targ_6312_3855
Reference,7.77202073,92.22797927,6638,6572,1158,90,1068,0,1,256,827,0,241,811,0,1,15,0,gRNA_CDK19_targ_6313_3856
HDR,0.04218519,99.95781481,6638,6572,4741,2,4739,0,2,178,4566,2,171,4559,0,0,7,0,gRNA_CDK19_targ_6313_3856
Reference,6.24566273,93.75433727,6638,6572,1441,90,1351,0,3,258,1110,0,241,1090,0,3,17,0,gRNA_CDK19_targ_6313_3857
HDR,0.0,100.0,6638,6572,4765,0,4765,0,0,178,4594,0,171,4587,0,0,7,0,gRNA_CDK19_targ_6313_3857
Reference,3.22696307,96.77303693,6638,6572,2789,90,2699,0,2,215,2660,0,39,2482,0,2,176,0,gRNA_CDK19_targ_6313_3858
HDR,11.30841121,88.69158879,6638,6572,3210,363,2847,0,0,2,2847,0,0,2845,0,0,2,0,gRNA_CDK19_targ_6313_3858
Reference,3.26086957,96.73913043,6638,6572,2760,90,2670,0,0,214,2631,0,39,2456,0,0,175,0,gRNA_CDK19_targ_6313_3859
HDR,0.55751174,99.44248826,6638,6572,3408,19,3389,0,1,3,3388,1,0,3385,0,0,3,0,gRNA_CDK19_targ_6313_3859
Reference,7.1942446,92.8057554,6638,6572,1251,90,1161,0,1,258,920,0,241,902,0,1,17,0,gRNA_CDK19_targ_6313_3860
HDR,20.54101605,79.45898395,6638,6572,4547,934,3613,0,0,178,3442,0,171,3435,0,0,7,0,gRNA_CDK19_targ_6313_3860
Reference,15.0,85.0,6638,6572,600,90,510,0,1,295,230,0,280,214,0,1,15,0,gRNA_CDK19_targ_6313_3861
HDR,0.07630675,99.92369325,6638,6572,2621,2,2619,0,0,2,2619,0,0,2617,0,0,2,0,gRNA_CDK19_targ_6313_3861
Reference,6.21976503,93.78023497,6638,6572,1447,90,1357,0,0,295,1077,0,280,1062,0,0,15,0,gRNA_CDK19_targ_6313_3862
HDR,11.28269776,88.71730224,6638,6572,3173,358,2815,0,2,3,2812,2,1,2810,0,0,2,0,gRNA_CDK19_targ_6313_3862
Reference,9.24024641,90.75975359,6638,6572,974,90,884,0,3,297,604,0,280,584,0,3,17,0,gRNA_CDK19_targ_6313_3863
HDR,0.14858841,99.85141159,6638,6572,2692,4,2688,0,0,2,2688,0,0,2686,0,0,2,0,gRNA_CDK19_targ_6313_3863
Reference,7.04225352,92.95774648,6638,6572,1278,90,1188,0,2,297,908,0,280,889,0,2,17,0,gRNA_CDK19_targ_6313_3864
HDR,0.03307972,99.96692028,6638,6572,3023,1,3022,0,0,3,3021,0,1,3019,0,0,2,0,gRNA_CDK19_targ_6313_3864
Reference,4.77453581,95.22546419,6638,6572,1885,90,1795,0,0,470,1515,0,280,1325,0,0,190,0,gRNA_CDK19_targ_6313_3865
HDR,0.0,100.0,6638,6572,2082,0,2082,0,1,2,2081,1,0,2079,0,0,2,0,gRNA_CDK19_targ_6313_3865
Reference,6.68647845,93.31352155,6638,6572,1346,90,1256,0,3,297,976,0,280,956,0,3,17,0,gRNA_CDK19_targ_6313_3866
HDR,9.32461874,90.67538126,6638,6572,4590,428,4162,0,0,2,4161,0,1,4160,0,0,1,0,gRNA_CDK19_targ_6313_3866
Reference,6.92840647,93.07159353,6638,6572,1299,90,1209,0,1,297,929,0,280,911,0,1,17,0,gRNA_CDK19_targ_6313_3867
HDR,19.23076923,80.76923077,6638,6572,4784,920,3864,0,0,3,3862,0,2,3861,0,0,1,0,gRNA_CDK19_targ_6313_3867
Reference,3.95083406,96.04916594,6638,6572,2278,90,2188,0,0,472,1908,0,280,1716,0,0,192,0,gRNA_CDK19_targ_6313_3868
HDR,0.02615747,99.97384253,6638,6572,3823,1,3822,0,2,3,3820,2,0,3817,0,0,3,0,gRNA_CDK19_targ_6313_3868
Reference,3.22465066,96.77534934,6638,6572,2791,90,2701,0,2,472,2421,0,280,2227,0,2,192,0,gRNA_CDK19_targ_6313_3869
HDR,6.20669746,93.79330254,6638,6572,3464,215,3249,0,0,3,3249,0,0,3246,0,0,3,0,gRNA_CDK19_targ_6313_3869
Reference,6.11413043,93.88586957,6638,6572,1472,90,1382,0,1,472,1102,0,280,909,0,1,192,0,gRNA_CDK19_targ_6313_3870
HDR,51.67146974,48.32853026,6638,6572,3470,1793,1677,0,0,3,1676,0,1,1674,0,0,2,0,gRNA_CDK19_targ_6313_3870
Reference,6.8627451,93.1372549,5111,5111,5100,350,4750,0,3,5,4747,3,0,4742,0,0,5,0,gRNA_CDK19_targ_6314_3871
HDR,0.0,100.0,5111,5111,3,0,3,0,0,0,3,0,0,3,0,0,0,0,gRNA_CDK19_targ_6314_3871
Reference,96.68508287,3.31491713,5111,5111,362,350,12,0,3,0,9,3,0,9,0,0,0,0,gRNA_CDK19_targ_6314_3872
HDR,96.54975763,3.45024237,5111,5111,3507,3386,121,0,0,4,117,0,4,117,0,0,0,0,gRNA_CDK19_targ_6314_3872
Reference,21.875,78.125,5111,5111,1600,350,1250,0,3,1,1247,3,0,1246,0,0,1,0,gRNA_CDK19_targ_6314_3873
HDR,12.5,87.5,5111,5111,8,1,7,0,0,0,7,0,0,7,0,0,0,0,gRNA_CDK19_targ_6314_3873
Reference,62.26851852,37.73148148,2695,2695,1728,1076,652,0,11,15,645,6,1,626,0,5,14,0,gRNA_CDK19_targ_6315_3874
HDR,96.84361549,3.15638451,2695,2695,697,675,22,0,0,0,22,0,0,22,0,0,0,0,gRNA_CDK19_targ_6315_3874
Reference,2.21374046,97.78625954,7463,7463,2620,58,2562,0,272,2,2297,265,0,2288,0,7,2,0,gRNA_CDK19_targ_6316_3875
HDR,0.02188184,99.97811816,7463,7463,4570,1,4569,0,0,2,4569,0,0,4567,0,0,2,0,gRNA_CDK19_targ_6316_3875
Reference,2.65957447,97.34042553,3932,3932,3384,90,3294,0,0,1,3294,0,0,3293,0,0,1,0,gRNA_CDK19_targ_6317_3876
HDR,0.0,100.0,3932,3932,542,0,542,0,0,0,542,0,0,542,0,0,0,0,gRNA_CDK19_targ_6317_3876
Reference,4.79488546,95.20511454,3932,3932,1877,90,1787,0,0,1,1787,0,0,1786,0,0,1,0,gRNA_CDK19_targ_6317_3877
HDR,6.9027611,93.0972389,3932,3932,1666,115,1551,0,0,0,1551,0,0,1551,0,0,0,0,gRNA_CDK19_targ_6317_3877
Reference,19.73684211,80.26315789,3932,3932,456,90,366,0,0,1,366,0,0,365,0,0,1,0,gRNA_CDK19_targ_6317_3878
HDR,37.52559228,62.47440772,3932,3932,3419,1283,2136,0,0,0,2136,0,0,2136,0,0,0,0,gRNA_CDK19_targ_6317_3878
Reference,4.38810336,95.61189664,3932,3932,2051,90,1961,0,0,1,1961,0,0,1960,0,0,1,0,gRNA_CDK19_targ_6317_3879
HDR,0.0,100.0,3932,3932,331,0,331,0,0,0,331,0,0,331,0,0,0,0,gRNA_CDK19_targ_6317_3879
Reference,17.54385965,82.45614035,3932,3932,513,90,423,0,0,1,423,0,0,422,0,0,1,0,gRNA_CDK19_targ_6317_3880
HDR,38.02559415,61.97440585,3932,3932,547,208,339,0,0,0,339,0,0,339,0,0,0,0,gRNA_CDK19_targ_6317_3880
Reference,22.78481013,77.21518987,3932,3932,395,90,305,0,0,1,305,0,0,304,0,0,1,0,gRNA_CDK19_targ_6317_3881
HDR,63.09650053,36.90349947,3932,3932,1886,1190,696,0,0,0,696,0,0,696,0,0,0,0,gRNA_CDK19_targ_6317_3881
Reference,4.91266376,95.08733624,3932,3932,1832,90,1742,0,0,1,1742,0,0,1741,0,0,1,0,gRNA_CDK19_targ_6317_3882
HDR,18.15087918,81.84912082,3932,3932,1763,320,1443,0,0,0,1443,0,0,1443,0,0,0,0,gRNA_CDK19_targ_6317_3882
Reference,0.0,100.0,1264,1263,302,0,302,0,1,0,301,1,0,301,0,0,0,0,gRNA_CDK19_targ_6318_3883
HDR,0.0,100.0,1264,1263,959,0,959,0,0,0,959,0,0,959,0,0,0,0,gRNA_CDK19_targ_6318_3883
Reference,0.0,100.0,1264,1263,2,0,2,0,1,0,1,1,0,1,0,0,0,0,gRNA_CDK19_targ_6318_3884
HDR,22.68041237,77.31958763,1264,1263,1261,286,975,0,0,0,975,0,0,975,0,0,0,0,gRNA_CDK19_targ_6318_3884
Reference,0.0,100.0,1264,1263,2,0,2,0,1,0,1,1,0,1,0,0,0,0,gRNA_CDK19_targ_6318_3885
HDR,94.58896982,5.41103018,1264,1263,961,909,52,0,0,0,52,0,0,52,0,0,0,0,gRNA_CDK19_targ_6318_3885
Reference,92.62435678,7.37564322,846,846,583,540,43,0,1,0,42,1,0,42,0,0,0,0,gRNA_CDK19_targ_6319_3886
HDR,97.31800766,2.68199234,846,846,261,254,7,0,0,0,7,0,0,7,0,0,0,0,gRNA_CDK19_targ_6319_3886
Reference,3.5971223,96.4028777,3081,3081,1668,60,1608,0,89,0,1608,0,0,1519,0,89,0,0,gRNA_CDK19_targ_6320_3887
HDR,0.0,100.0,3081,3081,1274,0,1274,0,0,58,1274,0,0,1216,0,0,58,0,gRNA_CDK19_targ_6320_3887
Reference,86.95652174,13.04347826,3081,3081,69,60,9,0,0,1,9,0,0,8,0,0,1,0,gRNA_CDK19_targ_6320_3888
HDR,0.0,100.0,3081,3081,2546,0,2546,0,2,57,2546,0,0,2487,0,2,57,0,gRNA_CDK19_targ_6320_3888
Reference,14.63414634,85.36585366,3081,3081,410,60,350,0,0,0,350,0,0,350,0,0,0,0,gRNA_CDK19_targ_6320_3889
HDR,0.0,100.0,3081,3081,1956,0,1956,0,90,58,1870,86,0,1808,0,4,58,0,gRNA_CDK19_targ_6320_3889
Reference,41.95804196,58.04195804,3081,3081,143,60,83,0,1,0,83,0,0,82,0,1,0,0,gRNA_CDK19_targ_6320_3890
HDR,0.0,100.0,3081,3081,1408,0,1408,0,2,57,1351,0,57,1349,0,2,0,0,gRNA_CDK19_targ_6320_3890
Reference,5.35236396,94.64763604,3081,3081,1121,60,1061,0,1,0,1061,0,0,1060,0,1,0,0,gRNA_CDK19_targ_6320_3891
HDR,0.23455825,99.76544175,3081,3081,1279,3,1276,0,1,58,1218,0,58,1217,0,1,0,0,gRNA_CDK19_targ_6320_3891
Reference,92.30769231,7.69230769,3081,3081,65,60,5,0,0,0,5,0,0,5,0,0,0,0,gRNA_CDK19_targ_6320_3892
HDR,21.24600639,78.75399361,3081,3081,2504,532,1972,0,2,57,1915,0,57,1913,0,2,0,0,gRNA_CDK19_targ_6320_3892
Reference,16.80672269,83.19327731,3081,3081,357,60,297,0,1,0,297,0,0,296,0,1,0,0,gRNA_CDK19_targ_6320_3893
HDR,31.54793787,68.45206213,3081,3081,1867,589,1278,0,2,58,1221,0,57,1218,0,2,1,0,gRNA_CDK19_targ_6320_3893
Reference,0.56818182,99.43181818,3222,3222,352,2,350,0,342,346,350,0,0,0,0,4,8,338,gRNA_CDK19_targ_6321_3894
HDR,0.0,100.0,3222,3222,2868,0,2868,0,0,4,2868,0,0,2864,0,0,4,0,gRNA_CDK19_targ_6321_3894
Reference,0.56657224,99.43342776,3222,3222,353,2,351,0,343,347,351,0,0,0,0,4,8,339,gRNA_CDK19_targ_6321_3895
HDR,0.0,100.0,3222,3222,2867,0,2867,0,0,4,2867,0,0,2863,0,0,4,0,gRNA_CDK19_targ_6321_3895
Reference,0.56657224,99.43342776,3222,3222,353,2,351,0,343,347,351,0,0,0,0,4,8,339,gRNA_CDK19_targ_6321_3896
HDR,47.17573222,52.82426778,3222,3222,2868,1353,1515,0,0,4,1513,0,2,1511,0,0,2,0,gRNA_CDK19_targ_6321_3896
Reference,15.06591337,84.93408663,6018,5784,1593,240,1353,0,0,227,1131,0,222,1126,0,0,5,0,gRNA_CDK19_targ_6322_3897
HDR,0.05583473,99.94416527,6018,5784,3582,2,3580,0,6,1,3580,0,0,3573,0,6,1,0,gRNA_CDK19_targ_6322_3897
Reference,39.86710963,60.13289037,6018,5784,602,240,362,0,123,226,27,113,222,13,0,10,4,0,gRNA_CDK19_targ_6322_3898
HDR,22.0594391,77.9405609,6018,5784,4778,1054,3724,0,46,2,3688,35,1,3676,0,11,1,0,gRNA_CDK19_targ_6322_3898
Reference,38.33865815,61.66134185,6018,5786,626,240,386,0,123,244,33,113,240,19,0,10,4,0,gRNA_CDK19_targ_6322_3899
HDR,73.06525038,26.93474962,6018,5786,3954,2889,1065,0,48,1,1030,35,0,1016,0,13,1,0,gRNA_CDK19_targ_6322_3899
Reference,16.15120275,83.84879725,2480,2480,873,141,732,0,367,154,282,297,153,211,0,70,1,0,gRNA_CDK19_targ_6323_3900
HDR,20.58414465,79.41585535,2480,2480,1438,296,1142,0,1,1,1141,0,1,1140,0,1,0,0,gRNA_CDK19_targ_6323_3900
Reference,11.7519827,88.2480173,2739,2738,1387,163,1224,0,3,7,1221,3,0,1214,0,0,7,0,gRNA_CDK19_targ_6324_3901
HDR,38.41368585,61.58631415,2739,2738,1286,494,792,0,0,0,792,0,0,792,0,0,0,0,gRNA_CDK19_targ_6324_3901
Reference,52.05761317,47.94238683,3864,3698,486,253,233,0,223,1,39,193,1,9,0,30,0,0,gRNA_CDK19_targ_6325_3902
HDR,66.65085389,33.34914611,3864,3698,2108,1405,703,0,4,0,699,4,0,699,0,0,0,0,gRNA_CDK19_targ_6325_3902
Reference,97.27427598,2.72572402,4039,4038,1174,1142,32,0,0,0,32,0,0,32,0,0,0,0,gRNA_CDK19_targ_6326_3903
HDR,75.50432277,24.49567723,4039,4038,2082,1572,510,0,0,0,510,0,0,510,0,0,0,0,gRNA_CDK19_targ_6326_3903
Reference,92.0,8.0,1669,1669,25,23,2,0,0,0,2,0,0,2,0,0,0,0,gRNA_CDK19_targ_6329_3904
HDR,0.6097561,99.3902439,1669,1669,1640,10,1630,0,0,0,1630,0,0,1630,0,0,0,0,gRNA_CDK19_targ_6329_3904
Reference,77.77777778,22.22222222,3180,3159,9,7,2,0,0,1,1,0,1,1,0,0,0,0,gRNA_CDK19_targ_6330_3905
HDR,5.44969512,94.55030488,3180,3159,2624,143,2481,0,166,0,2331,150,0,2315,0,16,0,0,gRNA_CDK19_targ_6330_3905
Reference,0.91743119,99.08256881,3180,3159,763,7,756,0,161,1,755,0,1,594,0,161,0,0,gRNA_CDK19_targ_6330_3906
HDR,0.0,100.0,3180,3159,1586,0,1586,0,0,1,1586,0,0,1585,0,0,1,0,gRNA_CDK19_targ_6330_3906
Reference,70.0,30.0,3180,3159,10,7,3,0,0,1,2,0,1,2,0,0,0,0,gRNA_CDK19_targ_6330_3907
HDR,0.05339028,99.94660972,3180,3159,1873,1,1872,0,5,1,1872,0,0,1866,0,5,1,0,gRNA_CDK19_targ_6330_3907
Reference,0.1146789,99.8853211,2076,2075,872,1,871,0,94,0,780,91,0,777,0,3,0,0,gRNA_CDK19_targ_6331_3908
HDR,0.0,100.0,2076,2075,1195,0,1195,0,0,0,1195,0,0,1195,0,0,0,0,gRNA_CDK19_targ_6331_3908
Reference,0.20325203,99.79674797,2076,2075,492,1,491,0,93,0,400,91,0,398,0,2,0,0,gRNA_CDK19_targ_6331_3909
HDR,0.0,100.0,2076,2075,1443,0,1443,0,0,0,1443,0,0,1443,0,0,0,0,gRNA_CDK19_targ_6331_3909
Reference,0.72463768,99.27536232,2076,2075,138,1,137,0,0,0,137,0,0,137,0,0,0,0,gRNA_CDK19_targ_6331_3910
HDR,10.66520066,89.33479934,2076,2075,1819,194,1625,0,1,0,1624,1,0,1624,0,0,0,0,gRNA_CDK19_targ_6331_3910
Reference,0.15923567,99.84076433,2076,2075,628,1,627,0,94,0,536,91,0,533,0,3,0,0,gRNA_CDK19_targ_6331_3911
HDR,0.0,100.0,2076,2075,1199,0,1199,0,0,0,1199,0,0,1199,0,0,0,0,gRNA_CDK19_targ_6331_3911
Reference,0.39525692,99.60474308,2076,2075,253,1,252,0,93,0,161,91,0,159,0,2,0,0,gRNA_CDK19_targ_6331_3912
HDR,0.0,100.0,2076,2075,1200,0,1200,0,0,0,1200,0,0,1200,0,0,0,0,gRNA_CDK19_targ_6331_3912
Reference,0.72992701,99.27007299,2076,2075,137,1,136,0,0,0,136,0,0,136,0,0,0,0,gRNA_CDK19_targ_6331_3913
HDR,15.14522822,84.85477178,2076,2075,1446,219,1227,0,1,0,1226,1,0,1226,0,0,0,0,gRNA_CDK19_targ_6331_3913
Reference,0.15974441,99.84025559,2076,2075,626,1,625,0,93,0,534,91,0,532,0,2,0,0,gRNA_CDK19_targ_6331_3914
HDR,80.45007032,19.54992968,2076,2075,1422,1144,278,0,0,0,278,0,0,278,0,0,0,0,gRNA_CDK19_targ_6331_3914
Reference,95.88377724,4.11622276,3302,3125,413,396,17,0,1,0,16,1,0,16,0,0,0,0,gRNA_CDK19_targ_6332_3915
HDR,71.27937337,28.72062663,3302,3125,2681,1911,770,0,0,0,770,0,0,770,0,0,0,0,gRNA_CDK19_targ_6332_3915
Reference,96.90721649,3.09278351,3900,3900,97,94,3,0,0,0,3,0,0,3,0,0,0,0,gRNA_CDK19_targ_6333_3916
HDR,63.28865642,36.71134358,3900,3900,3059,1936,1123,0,1,1,1122,1,0,1121,0,0,1,0,gRNA_CDK19_targ_6333_3916
Reference,11.80371353,88.19628647,3642,3641,754,89,665,0,2,0,664,1,0,663,0,1,0,0,gRNA_CDK19_targ_6334_3917
HDR,0.0,100.0,3642,3641,2361,0,2361,0,0,1,2361,0,0,2360,0,0,1,0,gRNA_CDK19_targ_6334_3917
Reference,9.6112311,90.3887689,3642,3641,926,89,837,0,0,1,837,0,0,836,0,0,1,0,gRNA_CDK19_targ_6334_3918
HDR,0.05952381,99.94047619,3642,3641,1680,1,1679,0,0,3,1679,0,0,1676,0,0,3,0,gRNA_CDK19_targ_6334_3918
Reference,10.7358263,89.2641737,3642,3641,829,89,740,0,2,0,739,1,0,738,0,1,0,0,gRNA_CDK19_targ_6334_3919
HDR,5.50098232,94.49901768,3642,3641,2036,112,1924,0,0,3,1924,0,0,1921,0,0,3,0,gRNA_CDK19_targ_6334_3919
Reference,100.0,0.0,1932,1932,4,4,0,0,0,0,0,0,0,0,0,0,0,0,gRNA_CDK19_targ_6335_3920
HDR,7.47826087,92.52173913,1932,1932,1725,129,1596,0,150,1,1448,147,1,1445,0,3,0,0,gRNA_CDK19_targ_6335_3920
Reference,58.53658537,41.46341463,794,794,41,24,17,0,0,1,17,0,0,16,0,0,1,0,gRNA_CDK19_targ_6337_3921
HDR,23.05630027,76.94369973,794,794,746,172,574,0,1,0,574,0,0,573,0,1,0,0,gRNA_CDK19_targ_6337_3921
Reference,22.59615385,77.40384615,9474,9472,208,47,161,0,1,1,160,0,1,159,0,1,0,0,gRNA_CDK19_targ_6338_3922
HDR,0.08678403,99.91321597,9474,9472,8066,7,8059,0,87,18,8058,0,1,7954,0,87,17,0,gRNA_CDK19_targ_6338_3922
Reference,33.33333333,66.66666667,4713,4534,3,1,2,0,0,0,2,0,0,2,0,0,0,0,gRNA_CDK19_targ_6339_3923
HDR,37.30715288,62.69284712,4713,4534,4278,1596,2682,0,0,3,2680,0,2,2679,0,0,1,0,gRNA_CDK19_targ_6339_3923
Reference,0.0,100.0,780,779,272,0,272,0,1,0,271,1,0,271,0,0,0,0,gRNA_CDK19_targ_6340_3924
HDR,0.0,100.0,780,779,283,0,283,0,0,0,283,0,0,283,0,0,0,0,gRNA_CDK19_targ_6340_3924
Reference,0.0,100.0,780,779,742,0,742,0,1,0,741,1,0,741,0,0,0,0,gRNA_CDK19_targ_6340_3925
HDR,0.0,100.0,780,779,36,0,36,0,0,0,36,0,0,36,0,0,0,0,gRNA_CDK19_targ_6340_3925
Reference,0.0,100.0,780,779,495,0,495,0,1,0,494,1,0,494,0,0,0,0,gRNA_CDK19_targ_6340_3926
HDR,0.0,100.0,780,779,35,0,35,0,0,0,35,0,0,35,0,0,0,0,gRNA_CDK19_targ_6340_3926
Reference,6.27297794,93.72702206,4584,4584,4352,273,4079,0,408,289,3798,0,281,3382,0,408,8,0,gRNA_CDK19_targ_6341_3927
HDR,0.0,100.0,4584,4584,226,0,226,0,0,0,226,0,0,226,0,0,0,0,gRNA_CDK19_targ_6341_3927
Reference,38.94436519,61.05563481,4584,4584,701,273,428,0,408,1,427,0,1,19,0,408,0,0,gRNA_CDK19_targ_6341_3928
HDR,0.60186578,99.39813422,4584,4584,3323,20,3303,0,0,2,3303,0,0,3301,0,0,2,0,gRNA_CDK19_targ_6341_3928
Reference,26.14942529,73.85057471,4584,4584,1044,273,771,0,406,2,770,0,1,363,0,406,1,0,gRNA_CDK19_targ_6341_3929
HDR,0.15644556,99.84355444,4584,4584,3196,5,3191,0,1,1,3191,0,0,3189,0,1,1,0,gRNA_CDK19_targ_6341_3929
Reference,21.64948454,78.35051546,4584,4584,1261,273,988,0,408,287,707,0,281,293,0,408,6,0,gRNA_CDK19_targ_6341_3930
HDR,0.0,100.0,4584,4584,231,0,231,0,0,0,231,0,0,231,0,0,0,0,gRNA_CDK19_targ_6341_3930
Reference,19.6685879,80.3314121,4584,4584,1388,273,1115,0,407,288,834,0,281,420,0,407,7,0,gRNA_CDK19_targ_6341_3931
HDR,0.0,100.0,4584,4584,231,0,231,0,0,0,231,0,0,231,0,0,0,0,gRNA_CDK19_targ_6341_3931
Reference,34.03990025,65.96009975,4584,4584,802,273,529,0,407,1,528,0,1,121,0,407,0,0,gRNA_CDK19_targ_6341_3932
HDR,75.04621072,24.95378928,4584,4584,3246,2436,810,0,0,1,809,0,1,809,0,0,0,0,gRNA_CDK19_targ_6341_3932
Reference,20.40358744,79.59641256,4584,4584,1338,273,1065,0,408,288,784,0,281,369,0,408,7,0,gRNA_CDK19_targ_6341_3933
HDR,7.37677804,92.62322196,4584,4584,3023,223,2800,0,0,1,2800,0,0,2799,0,0,1,0,gRNA_CDK19_targ_6341_3933
Reference,4.0,96.0,1178,1178,50,2,48,0,44,3,46,0,2,1,0,44,1,0,gRNA_CDK19_targ_6342_3934
HDR,0.0,100.0,1178,1178,1025,0,1025,0,376,191,660,365,0,458,0,11,191,0,gRNA_CDK19_targ_6342_3934
Reference,0.47169811,99.52830189,1178,1178,424,2,422,0,419,3,420,0,2,0,0,419,1,0,gRNA_CDK19_targ_6342_3935
HDR,0.17953321,99.82046679,1178,1178,557,1,556,0,0,191,556,0,0,365,0,0,191,0,gRNA_CDK19_targ_6342_3935
Reference,4.08163265,95.91836735,1178,1178,49,2,47,0,44,3,45,0,2,0,0,44,1,0,gRNA_CDK19_targ_6342_3936
HDR,27.79255319,72.20744681,1178,1178,752,209,543,0,1,191,543,0,0,351,0,1,191,0,gRNA_CDK19_targ_6342_3936
Reference,0.84459459,99.15540541,3119,3115,592,5,587,0,7,2,585,0,2,578,0,7,0,0,gRNA_CDK19_targ_6343_3937
HDR,0.0,100.0,3119,3115,2267,0,2267,0,2,2,2267,0,0,2263,0,2,2,0,gRNA_CDK19_targ_6343_3937
Reference,1.75438596,98.24561404,3119,3115,285,5,280,0,0,2,278,0,2,278,0,0,0,0,gRNA_CDK19_targ_6343_3938
HDR,0.10604454,99.89395546,3119,3115,2829,3,2826,0,8,9,2826,0,0,2809,0,8,9,0,gRNA_CDK19_targ_6343_3938
Reference,1.75438596,98.24561404,3119,3115,285,5,280,0,0,2,278,0,2,278,0,0,0,0,gRNA_CDK19_targ_6343_3939
HDR,4.56942004,95.43057996,3119,3115,2276,104,2172,0,2,9,2170,1,1,2161,0,1,8,0,gRNA_CDK19_targ_6343_3939
Reference,0.0,100.0,1709,1697,1567,0,1567,0,0,4,1567,0,0,1563,0,0,4,0,gRNA_CDK19_targ_6344_3940
HDR,0.0,100.0,1709,1697,125,0,125,0,0,0,125,0,0,125,0,0,0,0,gRNA_CDK19_targ_6344_3940
Reference,,,1709,1697,0,0,0,0,0,0,0,0,0,0,0,0,0,0,gRNA_CDK19_targ_6344_3941
HDR,0.0,100.0,1709,1697,1568,0,1568,0,0,4,1568,0,0,1564,0,0,4,0,gRNA_CDK19_targ_6344_3941
Reference,0.0,100.0,1709,1697,127,0,127,0,0,0,127,0,0,127,0,0,0,0,gRNA_CDK19_targ_6344_3942
HDR,0.0,100.0,1709,1697,1569,0,1569,0,0,4,1569,0,0,1565,0,0,4,0,gRNA_CDK19_targ_6344_3942
Reference,0.0,100.0,1709,1697,1,0,1,0,0,0,1,0,0,1,0,0,0,0,gRNA_CDK19_targ_6344_3943
HDR,0.0,100.0,1709,1697,1696,0,1696,0,0,4,1696,0,0,1692,0,0,4,0,gRNA_CDK19_targ_6344_3943
Reference,0.0,100.0,1709,1697,1190,0,1190,0,0,3,1190,0,0,1187,0,0,3,0,gRNA_CDK19_targ_6344_3944
HDR,0.0,100.0,1709,1697,502,0,502,0,0,1,502,0,0,501,0,0,1,0,gRNA_CDK19_targ_6344_3944
Reference,0.0,100.0,1709,1697,5,0,5,0,0,0,5,0,0,5,0,0,0,0,gRNA_CDK19_targ_6344_3945
HDR,0.0,100.0,1709,1697,130,0,130,0,0,0,130,0,0,130,0,0,0,0,gRNA_CDK19_targ_6344_3945
Reference,0.0,100.0,1709,1697,4,0,4,0,0,0,4,0,0,4,0,0,0,0,gRNA_CDK19_targ_6344_3946
HDR,0.0,100.0,1709,1697,6,0,6,0,0,0,6,0,0,6,0,0,0,0,gRNA_CDK19_targ_6344_3946
Reference,0.0,100.0,1709,1697,1,0,1,0,0,0,1,0,0,1,0,0,0,0,gRNA_CDK19_targ_6344_3947
HDR,0.0,100.0,1709,1697,130,0,130,0,0,0,130,0,0,130,0,0,0,0,gRNA_CDK19_targ_6344_3947
Reference,0.0,100.0,1709,1697,1071,0,1071,0,0,3,1071,0,0,1068,0,0,3,0,gRNA_CDK19_targ_6344_3948
HDR,0.0,100.0,1709,1697,5,0,5,0,0,0,5,0,0,5,0,0,0,0,gRNA_CDK19_targ_6344_3948
Reference,0.0,100.0,1709,1697,127,0,127,0,0,0,127,0,0,127,0,0,0,0,gRNA_CDK19_targ_6344_3949
HDR,0.0,100.0,1709,1697,1570,0,1570,0,0,4,1570,0,0,1566,0,0,4,0,gRNA_CDK19_targ_6344_3949
Reference,,,1709,1697,0,0,0,0,0,0,0,0,0,0,0,0,0,0,gRNA_CDK19_targ_6344_3950
HDR,0.0,100.0,1709,1697,1696,0,1696,0,0,4,1696,0,0,1692,0,0,4,0,gRNA_CDK19_targ_6344_3950
Reference,0.0,100.0,1709,1697,128,0,128,0,0,0,128,0,0,128,0,0,0,0,gRNA_CDK19_targ_6344_3951
HDR,0.0,100.0,1709,1697,506,0,506,0,0,1,506,0,0,505,0,0,1,0,gRNA_CDK19_targ_6344_3951
Reference,,,1709,1697,0,0,0,0,0,0,0,0,0,0,0,0,0,0,gRNA_CDK19_targ_6344_3952
HDR,0.0,100.0,1709,1697,1569,0,1569,0,0,4,1569,0,0,1565,0,0,4,0,gRNA_CDK19_targ_6344_3952
Reference,0.0,100.0,1709,1697,128,0,128,0,0,0,128,0,0,128,0,0,0,0,gRNA_CDK19_targ_6344_3953
HDR,0.0,100.0,1709,1697,506,0,506,0,0,1,506,0,0,505,0,0,1,0,gRNA_CDK19_targ_6344_3953
Reference,0.0,100.0,1709,1697,1,0,1,0,0,0,1,0,0,1,0,0,0,0,gRNA_CDK19_targ_6344_3954
HDR,0.0,100.0,1709,1697,507,0,507,0,0,1,507,0,0,506,0,0,1,0,gRNA_CDK19_targ_6344_3954
Reference,0.0,100.0,1709,1697,3,0,3,0,0,0,3,0,0,3,0,0,0,0,gRNA_CDK19_targ_6344_3955
HDR,0.0,100.0,1709,1697,1567,0,1567,0,0,4,1567,0,0,1563,0,0,4,0,gRNA_CDK19_targ_6344_3955
Reference,0.0,100.0,1709,1697,1,0,1,0,0,0,1,0,0,1,0,0,0,0,gRNA_CDK19_targ_6344_3956
HDR,0.0,100.0,1709,1697,1691,0,1691,0,0,4,1691,0,0,1687,0,0,4,0,gRNA_CDK19_targ_6344_3956
Reference,0.0,100.0,1709,1697,1065,0,1065,0,0,3,1065,0,0,1062,0,0,3,0,gRNA_CDK19_targ_6344_3957
HDR,0.0,100.0,1709,1697,503,0,503,0,0,1,503,0,0,502,0,0,1,0,gRNA_CDK19_targ_6344_3957
Reference,0.0,100.0,1709,1697,4,0,4,0,0,0,4,0,0,4,0,0,0,0,gRNA_CDK19_targ_6344_3958
HDR,0.0,100.0,1709,1697,1692,0,1692,0,0,4,1692,0,0,1688,0,0,4,0,gRNA_CDK19_targ_6344_3958
Reference,0.0,100.0,1709,1697,1188,0,1188,0,0,3,1188,0,0,1185,0,0,3,0,gRNA_CDK19_targ_6344_3959
HDR,0.0,100.0,1709,1697,502,0,502,0,0,1,502,0,0,501,0,0,1,0,gRNA_CDK19_targ_6344_3959
Reference,0.0,100.0,1709,1697,1065,0,1065,0,0,3,1065,0,0,1062,0,0,3,0,gRNA_CDK19_targ_6344_3960
HDR,0.0,100.0,1709,1697,626,0,626,0,0,1,626,0,0,625,0,0,1,0,gRNA_CDK19_targ_6344_3960
Reference,,,1709,1697,0,0,0,0,0,0,0,0,0,0,0,0,0,0,gRNA_CDK19_targ_6344_3961
HDR,65.92356688,34.07643312,1709,1697,1570,1035,535,0,0,4,533,0,2,531,0,0,2,0,gRNA_CDK19_targ_6344_3961
Reference,0.0,100.0,1709,1697,127,0,127,0,0,0,127,0,0,127,0,0,0,0,gRNA_CDK19_targ_6344_3962
HDR,0.0,100.0,1709,1697,1567,0,1567,0,0,4,1567,0,0,1563,0,0,4,0,gRNA_CDK19_targ_6344_3962
Reference,0.0,100.0,1709,1697,1,0,1,0,0,0,1,0,0,1,0,0,0,0,gRNA_CDK19_targ_6344_3963
HDR,0.0,100.0,1709,1697,1568,0,1568,0,0,4,1568,0,0,1564,0,0,4,0,gRNA_CDK19_targ_6344_3963
Reference,0.0,100.0,1709,1697,127,0,127,0,0,0,127,0,0,127,0,0,0,0,gRNA_CDK19_targ_6344_3964
HDR,0.0,100.0,1709,1697,1568,0,1568,0,0,4,1568,0,0,1564,0,0,4,0,gRNA_CDK19_targ_6344_3964
Reference,0.0,100.0,1709,1697,3,0,3,0,0,0,3,0,0,3,0,0,0,0,gRNA_CDK19_targ_6344_3965
HDR,0.0,100.0,1709,1697,1693,0,1693,0,0,4,1693,0,0,1689,0,0,4,0,gRNA_CDK19_targ_6344_3965
Reference,0.0,100.0,1709,1697,129,0,129,0,0,0,129,0,0,129,0,0,0,0,gRNA_CDK19_targ_6344_3966
HDR,0.0,100.0,1709,1697,508,0,508,0,0,1,508,0,0,507,0,0,1,0,gRNA_CDK19_targ_6344_3966
Reference,0.0,100.0,1709,1697,6,0,6,0,0,0,6,0,0,6,0,0,0,0,gRNA_CDK19_targ_6344_3967
HDR,0.0,100.0,1709,1697,632,0,632,0,0,1,632,0,0,631,0,0,1,0,gRNA_CDK19_targ_6344_3967
Reference,0.0,100.0,1709,1697,5,0,5,0,0,0,5,0,0,5,0,0,0,0,gRNA_CDK19_targ_6344_3968
HDR,0.0,100.0,1709,1697,509,0,509,0,0,1,509,0,0,508,0,0,1,0,gRNA_CDK19_targ_6344_3968
Reference,0.0,100.0,1709,1697,126,0,126,0,0,0,126,0,0,126,0,0,0,0,gRNA_CDK19_targ_6344_3969
HDR,30.84767368,69.15232632,1709,1697,1569,484,1085,0,0,4,1084,0,1,1081,0,0,3,0,gRNA_CDK19_targ_6344_3969
Reference,0.0,100.0,1709,1697,4,0,4,0,0,0,4,0,0,4,0,0,0,0,gRNA_CDK19_targ_6344_3970
HDR,0.06381621,99.93618379,1709,1697,1567,1,1566,0,0,4,1566,0,0,1562,0,0,4,0,gRNA_CDK19_targ_6344_3970
Reference,0.48076923,99.51923077,1163,1159,624,3,621,0,1,2,619,0,2,618,0,1,0,0,gRNA_CDK19_targ_6345_3971
HDR,0.0,100.0,1163,1159,533,0,533,0,0,2,533,0,0,531,0,0,2,0,gRNA_CDK19_targ_6345_3971
Reference,0.37641154,99.62358846,1163,1159,797,3,794,0,1,2,792,0,2,791,0,1,0,0,gRNA_CDK19_targ_6345_3972
HDR,3.03867403,96.96132597,1163,1159,362,11,351,0,0,2,351,0,0,349,0,0,2,0,gRNA_CDK19_targ_6345_3972
Reference,0.51546392,99.48453608,1163,1159,582,3,579,0,0,2,579,0,0,577,0,0,2,0,gRNA_CDK19_targ_6345_3973
HDR,0.0,100.0,1163,1159,570,0,570,0,0,0,570,0,0,570,0,0,0,0,gRNA_CDK19_targ_6345_3973
Reference,0.50251256,99.49748744,1163,1159,597,3,594,0,1,2,592,0,2,591,0,1,0,0,gRNA_CDK19_targ_6345_3974
HDR,0.5988024,99.4011976,1163,1159,334,2,332,0,0,2,332,0,0,330,0,0,2,0,gRNA_CDK19_targ_6345_3974
Reference,1.44230769,98.55769231,1163,1159,208,3,205,0,1,2,203,0,2,202,0,1,0,0,gRNA_CDK19_targ_6345_3975
HDR,0.0,100.0,1163,1159,155,0,155,0,0,0,155,0,0,155,0,0,0,0,gRNA_CDK19_targ_6345_3975
Reference,0.79155673,99.20844327,1163,1159,379,3,376,0,0,2,374,0,2,374,0,0,0,0,gRNA_CDK19_targ_6345_3976
HDR,0.0,100.0,1163,1159,154,0,154,0,0,0,154,0,0,154,0,0,0,0,gRNA_CDK19_targ_6345_3976
Reference,0.36630037,99.63369963,1163,1159,819,3,816,0,1,2,814,0,2,813,0,1,0,0,gRNA_CDK19_targ_6345_3977
HDR,0.0,100.0,1163,1159,338,0,338,0,0,2,338,0,0,336,0,0,2,0,gRNA_CDK19_targ_6345_3977
Reference,0.35971223,99.64028777,2051,2047,834,3,831,0,119,3,773,57,1,709,0,62,2,0,gRNA_CDK19_targ_6346_3978
HDR,0.0,100.0,2051,2047,1023,0,1023,0,0,156,1020,0,3,867,0,0,153,0,gRNA_CDK19_targ_6346_3978
Reference,2.29007634,97.70992366,2051,2047,131,3,128,0,119,2,70,57,1,7,0,62,1,0,gRNA_CDK19_targ_6346_3979
HDR,0.0,100.0,2051,2047,1726,0,1726,0,0,159,1723,0,3,1567,0,0,156,0,gRNA_CDK19_targ_6346_3979
Reference,2.27272727,97.72727273,2051,2047,132,3,129,0,119,2,71,57,1,8,0,62,1,0,gRNA_CDK19_targ_6346_3980
HDR,0.0,100.0,2051,2047,1725,0,1725,0,0,155,1725,0,0,1570,0,0,155,0,gRNA_CDK19_targ_6346_3980
Reference,2.27272727,97.72727273,2051,2047,132,3,129,0,119,1,72,57,0,9,0,62,1,0,gRNA_CDK19_targ_6346_3981
HDR,0.0,100.0,2051,2047,1028,0,1028,0,0,156,1025,0,3,872,0,0,153,0,gRNA_CDK19_targ_6346_3981
Reference,2.27272727,97.72727273,2051,2047,132,3,129,0,119,1,72,57,0,9,0,62,1,0,gRNA_CDK19_targ_6346_3982
HDR,0.0,100.0,2051,2047,1029,0,1029,0,0,158,1026,0,3,871,0,0,155,0,gRNA_CDK19_targ_6346_3982
Reference,2.29007634,97.70992366,2051,2047,131,3,128,0,119,1,71,57,0,8,0,62,1,0,gRNA_CDK19_targ_6346_3983
HDR,38.63504916,61.36495084,2051,2047,1729,668,1061,0,0,156,1058,0,3,905,0,0,153,0,gRNA_CDK19_targ_6346_3983
Reference,2.30769231,97.69230769,2051,2047,130,3,127,0,119,1,70,57,0,7,0,62,1,0,gRNA_CDK19_targ_6346_3984
HDR,41.50724638,58.49275362,2051,2047,1725,716,1009,0,0,156,863,0,146,853,0,0,10,0,gRNA_CDK19_targ_6346_3984
Reference,0.0,100.0,2598,2597,1442,0,1442,0,1,0,1442,0,0,1441,0,1,0,0,gRNA_CDK19_targ_6347_3985
HDR,0.0,100.0,2598,2597,978,0,978,0,1,0,978,0,0,977,0,1,0,0,gRNA_CDK19_targ_6347_3985
Reference,0.0,100.0,2598,2597,1,0,1,0,0,0,1,0,0,1,0,0,0,0,gRNA_CDK19_targ_6347_3986
HDR,0.0,100.0,2598,2597,2366,0,2366,0,2,0,2366,0,0,2364,0,2,0,0,gRNA_CDK19_targ_6347_3986
Reference,0.0,100.0,2598,2597,475,0,475,0,0,0,475,0,0,475,0,0,0,0,gRNA_CDK19_targ_6347_3987
HDR,0.0,100.0,2598,2597,1945,0,1945,0,2,0,1945,0,0,1943,0,2,0,0,gRNA_CDK19_targ_6347_3987
Reference,0.0,100.0,2598,2597,514,0,514,0,0,0,514,0,0,514,0,0,0,0,gRNA_CDK19_targ_6347_3988
HDR,0.0,100.0,2598,2597,2081,0,2081,0,2,0,2081,0,0,2079,0,2,0,0,gRNA_CDK19_targ_6347_3988
Reference,0.0,100.0,2598,2597,229,0,229,0,0,0,229,0,0,229,0,0,0,0,gRNA_CDK19_targ_6347_3989
HDR,0.0,100.0,2598,2597,1154,0,1154,0,1,0,1154,0,0,1153,0,1,0,0,gRNA_CDK19_targ_6347_3989
Reference,0.0,100.0,2598,2597,478,0,478,0,0,0,478,0,0,478,0,0,0,0,gRNA_CDK19_targ_6347_3990
HDR,0.0,100.0,2598,2597,982,0,982,0,1,0,982,0,0,981,0,1,0,0,gRNA_CDK19_targ_6347_3990
Reference,0.0,100.0,2598,2597,402,0,402,0,0,0,402,0,0,402,0,0,0,0,gRNA_CDK19_targ_6347_3991
HDR,0.0,100.0,2598,2597,868,0,868,0,1,0,868,0,0,867,0,1,0,0,gRNA_CDK19_targ_6347_3991
Reference,0.0,100.0,2598,2597,223,0,223,0,0,0,223,0,0,223,0,0,0,0,gRNA_CDK19_targ_6347_3992
HDR,0.09429514,99.90570486,2598,2597,2121,2,2119,0,2,0,2119,0,0,2117,0,2,0,0,gRNA_CDK19_targ_6347_3992
Reference,0.0,100.0,2598,2597,224,0,224,0,0,0,224,0,0,224,0,0,0,0,gRNA_CDK19_targ_6347_3993
HDR,11.91162344,88.08837656,2598,2597,2082,248,1834,0,2,0,1834,0,0,1832,0,2,0,0,gRNA_CDK19_targ_6347_3993
Reference,0.0,100.0,2598,2597,397,0,397,0,0,0,397,0,0,397,0,0,0,0,gRNA_CDK19_targ_6347_3994
HDR,0.0,100.0,2598,2597,1831,0,1831,0,2,0,1831,0,0,1829,0,2,0,0,gRNA_CDK19_targ_6347_3994
Reference,0.0,100.0,2598,2597,475,0,475,0,0,0,475,0,0,475,0,0,0,0,gRNA_CDK19_targ_6347_3995
HDR,5.25319451,94.74680549,2598,2597,2113,111,2002,0,2,0,2002,0,0,2000,0,2,0,0,gRNA_CDK19_targ_6347_3995
Reference,0.0,100.0,2598,2597,227,0,227,0,0,0,227,0,0,227,0,0,0,0,gRNA_CDK19_targ_6347_3996
HDR,0.0,100.0,2598,2597,2190,0,2190,0,2,0,2190,0,0,2188,0,2,0,0,gRNA_CDK19_targ_6347_3996
Reference,0.0,100.0,2598,2597,652,0,652,0,0,0,652,0,0,652,0,0,0,0,gRNA_CDK19_targ_6347_3997
HDR,0.05151984,99.94848016,2598,2597,1941,1,1940,0,2,0,1940,0,0,1938,0,2,0,0,gRNA_CDK19_targ_6347_3997
Reference,0.0,100.0,2598,2597,223,0,223,0,0,0,223,0,0,223,0,0,0,0,gRNA_CDK19_targ_6347_3998
HDR,34.01546157,65.98453843,2598,2597,2199,748,1451,0,2,0,1451,0,0,1449,0,2,0,0,gRNA_CDK19_targ_6347_3998
Reference,0.0,100.0,2598,2597,225,0,225,0,0,0,225,0,0,225,0,0,0,0,gRNA_CDK19_targ_6347_3999
HDR,42.62210797,57.37789203,2598,2597,1945,829,1116,0,2,0,1115,1,0,1114,0,1,0,0,gRNA_CDK19_targ_6347_3999
Reference,1.99452483,98.00547517,6287,6287,2557,51,2506,0,0,0,2506,0,0,2506,0,0,0,0,gRNA_CDK19_targ_6348_4000
HDR,0.0,100.0,6287,6287,3381,0,3381,0,0,411,2979,0,402,2970,0,0,9,0,gRNA_CDK19_targ_6348_4000
Reference,86.44067797,13.55932203,6287,6287,59,51,8,0,0,0,8,0,0,8,0,0,0,0,gRNA_CDK19_targ_6348_4001
HDR,0.01701838,99.98298162,6287,6287,5876,1,5875,0,0,413,5472,0,403,5462,0,0,10,0,gRNA_CDK19_targ_6348_4001
Reference,4.22885572,95.77114428,6287,6287,1206,51,1155,0,0,2,1154,0,1,1153,0,0,1,0,gRNA_CDK19_targ_6348_4002
HDR,0.0,100.0,6287,6287,3899,0,3899,0,0,1,3899,0,0,3898,0,0,1,0,gRNA_CDK19_targ_6348_4002
Reference,86.44067797,13.55932203,6287,6287,59,51,8,0,0,0,8,0,0,8,0,0,0,0,gRNA_CDK19_targ_6348_4003
HDR,11.77891065,88.22108935,6287,6287,3727,439,3288,0,0,412,2884,0,404,2876,0,0,8,0,gRNA_CDK19_targ_6348_4003
Reference,4.33673469,95.66326531,6287,6287,1176,51,1125,0,0,2,1124,0,1,1123,0,0,1,0,gRNA_CDK19_targ_6348_4004
HDR,0.03871467,99.96128533,6287,6287,2583,1,2582,0,0,411,2179,0,403,2171,0,0,8,0,gRNA_CDK19_targ_6348_4004
Reference,12.59259259,87.40740741,6287,6287,405,51,354,0,0,1,353,0,1,353,0,0,0,0,gRNA_CDK19_targ_6348_4005
HDR,35.97430407,64.02569593,6287,6287,4670,1680,2990,0,0,2,2988,0,2,2988,0,0,0,0,gRNA_CDK19_targ_6348_4005
Reference,83.60655738,16.39344262,6287,6287,61,51,10,0,0,1,9,0,1,9,0,0,0,0,gRNA_CDK19_targ_6348_4006
HDR,22.82958199,77.17041801,6287,6287,4354,994,3360,0,0,2,3359,0,1,3358,0,0,1,0,gRNA_CDK19_targ_6348_4006
Reference,8.16326531,91.83673469,1852,1400,588,48,540,0,360,1,540,0,0,180,0,359,0,1,gRNA_CDK19_targ_6349_4007
HDR,0.0,100.0,1852,1400,811,0,811,0,1,0,811,0,0,810,0,1,0,0,gRNA_CDK19_targ_6349_4007
Reference,96.0,4.0,1852,1400,50,48,2,0,0,0,2,0,0,2,0,0,0,0,gRNA_CDK19_targ_6349_4008
HDR,0.0,100.0,1852,1400,1349,0,1349,0,361,1,1349,0,0,988,0,360,0,1,gRNA_CDK19_targ_6349_4008
Reference,96.0,4.0,1852,1400,50,48,2,0,0,0,2,0,0,2,0,0,0,0,gRNA_CDK19_targ_6349_4009
HDR,0.0,100.0,1852,1400,1350,0,1350,0,361,1,1350,0,0,989,0,360,0,1,gRNA_CDK19_targ_6349_4009
Reference,4.44444444,95.55555556,1852,1400,1080,48,1032,0,359,1,1032,0,0,673,0,358,0,1,gRNA_CDK19_targ_6349_4010
HDR,0.0,100.0,1852,1400,317,0,317,0,0,0,317,0,0,317,0,0,0,0,gRNA_CDK19_targ_6349_4010
Reference,94.11764706,5.88235294,1852,1400,51,48,3,0,0,0,3,0,0,3,0,0,0,0,gRNA_CDK19_targ_6349_4011
HDR,0.0,100.0,1852,1400,811,0,811,0,0,0,811,0,0,811,0,0,0,0,gRNA_CDK19_targ_6349_4011
Reference,96.0,4.0,1852,1400,50,48,2,0,0,0,2,0,0,2,0,0,0,0,gRNA_CDK19_targ_6349_4012
HDR,0.0,100.0,1852,1400,812,0,812,0,1,0,811,1,0,811,0,0,0,0,gRNA_CDK19_targ_6349_4012
Reference,8.19112628,91.80887372,1852,1400,586,48,538,0,360,1,538,0,0,178,0,359,0,1,gRNA_CDK19_targ_6349_4013
HDR,0.0,100.0,1852,1400,315,0,315,0,0,0,315,0,0,315,0,0,0,0,gRNA_CDK19_targ_6349_4013
Reference,96.0,4.0,1852,1400,50,48,2,0,0,0,2,0,0,2,0,0,0,0,gRNA_CDK19_targ_6349_4014
HDR,0.14814815,99.85185185,1852,1400,1350,2,1348,0,361,1,1024,323,0,987,1,37,0,0,gRNA_CDK19_targ_6349_4014
Reference,92.30769231,7.69230769,1852,1400,52,48,4,0,1,1,4,0,0,3,0,0,0,1,gRNA_CDK19_targ_6349_4015
HDR,0.0,100.0,1852,1400,320,0,320,0,2,0,320,0,0,318,0,2,0,0,gRNA_CDK19_targ_6349_4015
Reference,96.0,4.0,1852,1400,50,48,2,0,0,0,2,0,0,2,0,0,0,0,gRNA_CDK19_targ_6349_4016
HDR,0.0,100.0,1852,1400,318,0,318,0,0,0,318,0,0,318,0,0,0,0,gRNA_CDK19_targ_6349_4016
Reference,96.0,4.0,1852,1400,50,48,2,0,0,0,2,0,0,2,0,0,0,0,gRNA_CDK19_targ_6349_4017
HDR,0.22238695,99.77761305,1852,1400,1349,3,1346,0,361,1,1346,0,0,985,0,360,0,1,gRNA_CDK19_targ_6349_4017
Reference,8.21917808,91.78082192,1852,1400,584,48,536,0,359,1,536,0,0,177,0,358,0,1,gRNA_CDK19_targ_6349_4018
HDR,0.0,100.0,1852,1400,813,0,813,0,0,0,813,0,0,813,0,0,0,0,gRNA_CDK19_targ_6349_4018
Reference,8.20512821,91.79487179,1852,1400,585,48,537,0,360,1,537,0,0,177,0,359,0,1,gRNA_CDK19_targ_6349_4019
HDR,0.0,100.0,1852,1400,814,0,814,0,1,0,814,0,0,813,0,1,0,0,gRNA_CDK19_targ_6349_4019
Reference,96.0,4.0,1852,1400,50,48,2,0,0,0,2,0,0,2,0,0,0,0,gRNA_CDK19_targ_6349_4020
HDR,0.14825797,99.85174203,1852,1400,1349,2,1347,0,361,1,1347,0,0,986,0,360,0,1,gRNA_CDK19_targ_6349_4020
Reference,94.11764706,5.88235294,1852,1400,51,48,3,0,0,0,3,0,0,3,0,0,0,0,gRNA_CDK19_targ_6349_4021
HDR,0.49140049,99.50859951,1852,1400,814,4,810,0,0,0,810,0,0,810,0,0,0,0,gRNA_CDK19_targ_6349_4021
Reference,4.12087912,95.87912088,4180,3614,364,15,349,0,21,271,226,0,123,57,0,21,148,0,gRNA_CDK19_targ_6350_4022
HDR,0.0,100.0,4180,3614,3165,0,3165,0,0,395,3165,0,0,2770,0,0,395,0,gRNA_CDK19_targ_6350_4022
Reference,17.85714286,82.14285714,4180,3614,84,15,69,0,0,0,69,0,0,69,0,0,0,0,gRNA_CDK19_targ_6350_4023
HDR,0.0,100.0,4180,3614,3137,0,3137,0,0,244,3137,0,0,2893,0,0,244,0,gRNA_CDK19_targ_6350_4023
Reference,0.87209302,99.12790698,4180,3378,1720,15,1705,0,0,9,1705,0,0,1696,0,0,9,0,gRNA_CDK19_targ_6350_4024
HDR,0.0,100.0,4180,3378,1301,0,1301,0,21,0,1281,20,0,1280,0,1,0,0,gRNA_CDK19_targ_6350_4024
Reference,4.62962963,95.37037037,4180,3378,324,15,309,0,21,9,309,0,0,279,0,21,9,0,gRNA_CDK19_targ_6350_4025
HDR,0.0,100.0,4180,3378,2676,0,2676,0,0,147,2533,0,143,2529,0,0,4,0,gRNA_CDK19_targ_6350_4025
Reference,3.88601036,96.11398964,4180,3625,386,15,371,0,0,348,248,0,123,23,0,0,225,0,gRNA_CDK19_targ_6350_4026
HDR,3.40288925,96.59711075,4180,3625,3115,106,3009,0,8,398,3009,0,0,2603,0,8,398,0,gRNA_CDK19_targ_6350_4026
Reference,4.6728972,95.3271028,4180,3379,321,15,306,0,0,271,183,0,123,35,0,0,148,0,gRNA_CDK19_targ_6350_4027
HDR,0.0,100.0,4180,3379,1416,0,1416,0,0,151,1416,0,0,1265,0,0,151,0,gRNA_CDK19_targ_6350_4027
Reference,5.51470588,94.48529412,4180,3379,272,15,257,0,21,201,134,0,123,35,0,21,78,0,gRNA_CDK19_targ_6350_4028
HDR,0.0,100.0,4180,3379,2662,0,2662,0,0,151,2662,0,0,2511,0,0,151,0,gRNA_CDK19_targ_6350_4028
Reference,6.0,94.0,4180,3378,250,15,235,0,0,147,235,0,0,88,0,0,147,0,gRNA_CDK19_targ_6350_4029
HDR,0.0,100.0,4180,3378,1307,0,1307,0,21,0,1287,20,0,1286,0,1,0,0,gRNA_CDK19_targ_6350_4029
Reference,14.5631068,85.4368932,4180,3379,103,15,88,0,21,0,88,0,0,67,0,21,0,0,gRNA_CDK19_targ_6350_4030
HDR,0.0,100.0,4180,3379,2828,0,2828,0,0,147,2685,0,143,2681,0,0,4,0,gRNA_CDK19_targ_6350_4030
Reference,2.81425891,97.18574109,4180,3378,533,15,518,0,0,86,518,0,0,432,0,0,86,0,gRNA_CDK19_targ_6350_4031
HDR,0.0,100.0,4180,3378,1414,0,1414,0,0,147,1271,0,143,1267,0,0,4,0,gRNA_CDK19_targ_6350_4031
Reference,3.23275862,96.76724138,4180,3614,464,15,449,0,0,348,326,0,123,101,0,0,225,0,gRNA_CDK19_targ_6350_4032
HDR,0.06355259,99.93644741,4180,3614,3147,2,3145,0,21,395,3125,20,0,2729,0,1,395,0,gRNA_CDK19_targ_6350_4032
Reference,4.46428571,95.53571429,4180,3614,336,15,321,0,21,201,198,0,123,99,0,21,78,0,gRNA_CDK19_targ_6350_4033
HDR,22.06587784,77.93412216,4180,3614,3127,690,2437,0,0,395,2437,0,0,2042,0,0,395,0,gRNA_CDK19_targ_6350_4033
Reference,2.85171103,97.14828897,4180,3379,526,15,511,0,21,210,388,0,123,280,0,21,87,0,gRNA_CDK19_targ_6350_4034
HDR,0.0,100.0,4180,3379,2702,0,2702,0,0,151,2702,0,0,2551,0,0,151,0,gRNA_CDK19_targ_6350_4034
Reference,3.91644909,96.08355091,4180,3378,383,15,368,0,0,86,368,0,0,282,0,0,86,0,gRNA_CDK19_targ_6350_4035
HDR,0.0,100.0,4180,3378,2550,0,2550,0,0,0,2550,0,0,2550,0,0,0,0,gRNA_CDK19_targ_6350_4035
Reference,3.23974082,96.76025918,4180,3379,463,15,448,0,0,348,325,0,123,100,0,0,225,0,gRNA_CDK19_targ_6350_4036
HDR,15.02590674,84.97409326,4180,3379,2702,406,2296,0,0,151,2296,0,0,2145,0,0,151,0,gRNA_CDK19_targ_6350_4036
Reference,8.25898547,91.74101453,5426,5426,3923,324,3599,0,0,2,3597,0,2,3597,0,0,0,0,gRNA_CDK19_targ_6351_4037
HDR,0.0,100.0,5426,5426,1495,0,1495,0,0,0,1495,0,0,1495,0,0,0,0,gRNA_CDK19_targ_6351_4037
Reference,48.64864865,51.35135135,5426,5426,666,324,342,0,0,1,341,0,1,341,0,0,0,0,gRNA_CDK19_targ_6351_4038
HDR,55.42548402,44.57451598,5426,5426,4442,2462,1980,0,0,0,1980,0,0,1980,0,0,0,0,gRNA_CDK19_targ_6351_4038
Reference,47.64705882,52.35294118,5426,5426,680,324,356,0,0,2,354,0,2,354,0,0,0,0,gRNA_CDK19_targ_6351_4039
HDR,53.49301397,46.50698603,5426,5426,1503,804,699,0,0,0,699,0,0,699,0,0,0,0,gRNA_CDK19_targ_6351_4039
Reference,55.0,45.0,1383,1367,40,22,18,0,0,0,18,0,0,18,0,0,0,0,gRNA_CDK19_targ_6352_4040
HDR,0.19880716,99.80119284,1383,1367,1006,2,1004,0,0,1,1003,0,1,1003,0,0,0,0,gRNA_CDK19_targ_6352_4040
Reference,2.36933798,97.63066202,6495,6492,1435,34,1401,0,1,1068,414,0,987,332,0,1,81,0,gRNA_CDK19_targ_6353_4041
HDR,0.09912768,99.90087232,6495,6492,5044,5,5039,0,0,5,5037,0,2,5034,0,0,3,0,gRNA_CDK19_targ_6353_4041
Reference,1.5625,98.4375,2260,2260,128,2,126,0,0,0,126,0,0,126,0,0,0,0,gRNA_CDK19_targ_6354_4042
HDR,15.97353497,84.02646503,2260,2260,2116,338,1778,0,49,2,1759,18,1,1727,0,31,1,0,gRNA_CDK19_targ_6354_4042
Reference,0.49019608,99.50980392,2260,2260,408,2,406,0,0,1,406,0,0,405,0,0,1,0,gRNA_CDK19_targ_6354_4043
HDR,6.93069307,93.06930693,2260,2260,1717,119,1598,0,2,1,1598,0,0,1595,0,2,1,0,gRNA_CDK19_targ_6354_4043
Reference,28.57142857,71.42857143,2260,2260,7,2,5,0,0,0,5,0,0,5,0,0,0,0,gRNA_CDK19_targ_6354_4044
HDR,57.48122473,42.51877527,2260,2260,1731,995,736,0,49,1,717,18,1,686,0,31,0,0,gRNA_CDK19_targ_6354_4044
Reference,0.0,100.0,3632,3632,17,0,17,0,1,15,3,0,14,1,0,1,1,0,gRNA_CDK19_targ_6355_4045
HDR,0.0,100.0,3632,3632,3430,0,3430,0,0,3,3430,0,0,3427,0,0,3,0,gRNA_CDK19_targ_6355_4045
Reference,0.0,100.0,3632,3632,5,0,5,0,0,2,4,0,1,3,0,0,1,0,gRNA_CDK19_targ_6355_4046
HDR,0.0,100.0,3632,3632,3431,0,3431,0,0,3,3431,0,0,3428,0,0,3,0,gRNA_CDK19_targ_6355_4046
Reference,0.0,100.0,3632,3632,2,0,2,0,0,2,1,0,1,0,0,0,1,0,gRNA_CDK19_targ_6355_4047
HDR,0.0,100.0,3632,3632,3433,0,3433,0,1,3,3432,1,0,3429,0,0,3,0,gRNA_CDK19_targ_6355_4047
Reference,0.0,100.0,3632,3632,15,0,15,0,0,15,1,0,14,0,0,0,1,0,gRNA_CDK19_targ_6355_4048
HDR,0.0,100.0,3632,3632,3431,0,3431,0,0,3,3431,0,0,3428,0,0,3,0,gRNA_CDK19_targ_6355_4048
Reference,0.0,100.0,3632,3632,15,0,15,0,0,15,1,0,14,0,0,0,1,0,gRNA_CDK19_targ_6355_4049
HDR,0.08736168,99.91263832,3632,3632,3434,3,3431,0,0,3,3431,0,0,3428,0,0,3,0,gRNA_CDK19_targ_6355_4049
Reference,0.0,100.0,3632,3632,2,0,2,0,0,2,1,0,1,0,0,0,1,0,gRNA_CDK19_targ_6355_4050
HDR,0.0,100.0,3632,3632,3432,0,3432,0,1,3,3431,1,0,3428,0,0,3,0,gRNA_CDK19_targ_6355_4050
Reference,0.0,100.0,3632,3632,15,0,15,0,0,15,1,0,14,0,0,0,1,0,gRNA_CDK19_targ_6355_4051
HDR,81.43189756,18.56810244,3632,3632,3436,2798,638,0,1,3,634,1,3,634,0,0,0,0,gRNA_CDK19_targ_6355_4051
Reference,1.36054422,98.63945578,9272,9270,294,4,290,0,209,8,273,16,1,73,0,193,7,0,gRNA_CDK19_targ_6356_4052
HDR,82.79058422,17.20941578,9272,9270,8199,6788,1411,0,215,2,1404,5,2,1194,0,210,0,0,gRNA_CDK19_targ_6356_4052
Reference,49.04458599,50.95541401,5788,5788,157,77,80,0,1,0,80,0,0,79,0,1,0,0,gRNA_CDK19_targ_6357_4053
HDR,79.66573816,20.33426184,5788,5788,5026,4004,1022,0,0,1,1021,0,1,1021,0,0,0,0,gRNA_CDK19_targ_6357_4053
Reference,17.64705882,82.35294118,3147,3147,34,6,28,0,0,3,25,0,3,25,0,0,0,0,gRNA_CDK19_targ_6360_4054
HDR,28.27111272,71.72888728,3147,3147,2759,780,1979,0,0,4,1978,0,1,1975,0,0,3,0,gRNA_CDK19_targ_6360_4054
Reference,5.40540541,94.59459459,4703,4703,111,6,105,0,2,0,105,0,0,103,0,2,0,0,gRNA_CDK19_targ_6361_4055
HDR,48.34037417,51.65962583,4703,4703,3314,1602,1712,0,2,1,1712,0,0,1709,0,2,1,0,gRNA_CDK19_targ_6361_4055
Reference,74.07407407,25.92592593,2366,2366,27,20,7,0,3,0,7,0,0,4,0,3,0,0,gRNA_CDK19_targ_6362_4056
HDR,0.04708098,99.95291902,2366,2366,2124,1,2123,0,0,1,2123,0,0,2122,0,0,1,0,gRNA_CDK19_targ_6362_4056
Reference,8.72781065,91.27218935,3408,3408,1352,118,1234,0,7,1,1234,0,0,1226,0,7,1,0,gRNA_CDK19_targ_6363_4057
HDR,15.06116208,84.93883792,3408,3408,1308,197,1111,0,0,0,1111,0,0,1111,0,0,0,0,gRNA_CDK19_targ_6363_4057
Reference,97.2826087,2.7173913,1839,1838,184,179,5,0,0,0,5,0,0,5,0,0,0,0,gRNA_CDK19_targ_6364_4058
HDR,96.33173844,3.66826156,1839,1838,1254,1208,46,0,0,1,45,0,1,45,0,0,0,0,gRNA_CDK19_targ_6364_4058
Reference,94.4606414,5.5393586,1279,1279,343,324,19,0,0,9,11,0,8,10,0,0,1,0,gRNA_CDK19_targ_6365_4059
HDR,98.17596567,1.82403433,1279,1279,932,915,17,0,0,1,16,0,1,16,0,0,0,0,gRNA_CDK19_targ_6365_4059
Reference,62.85714286,37.14285714,1052,1052,315,198,117,0,1,1,115,1,1,115,0,0,0,0,gRNA_CDK19_targ_6366_4060
HDR,80.27210884,19.72789116,1052,1052,735,590,145,0,0,0,145,0,0,145,0,0,0,0,gRNA_CDK19_targ_6366_4060
Reference,,,1042,1031,0,0,0,0,0,0,0,0,0,0,0,0,0,0,gRNA_CDK19_targ_6373_4061
HDR,0.0,100.0,1042,1031,1029,0,1029,0,2,2,1027,1,1,1025,0,1,1,0,gRNA_CDK19_targ_6373_4061
Reference,0.0,100.0,1042,1031,79,0,79,0,0,0,79,0,0,79,0,0,0,0,gRNA_CDK19_targ_6373_4062
HDR,0.0,100.0,1042,1031,950,0,950,0,1,2,949,0,1,947,0,1,1,0,gRNA_CDK19_targ_6373_4062
Reference,,,1042,1031,0,0,0,0,0,0,0,0,0,0,0,0,0,0,gRNA_CDK19_targ_6373_4063
HDR,0.6302521,99.3697479,1042,1031,952,6,946,0,2,2,943,2,1,942,0,0,1,0,gRNA_CDK19_targ_6373_4063
Reference,0.0,100.0,2013,2012,18,0,18,0,0,0,18,0,0,18,0,0,0,0,gRNA_CDK19_targ_6374_4064
HDR,0.0,100.0,2013,2012,1941,0,1941,0,0,0,1941,0,0,1941,0,0,0,0,gRNA_CDK19_targ_6374_4064
Reference,,,2013,2012,0,0,0,0,0,0,0,0,0,0,0,0,0,0,gRNA_CDK19_targ_6374_4065
HDR,0.40160643,99.59839357,2013,2012,1992,8,1984,0,0,0,1984,0,0,1984,0,0,0,0,gRNA_CDK19_targ_6374_4065
Reference,0.0,100.0,2013,2012,10,0,10,0,0,0,10,0,0,10,0,0,0,0,gRNA_CDK19_targ_6374_4066
HDR,90.89994972,9.10005028,2013,2012,1989,1808,181,0,0,0,181,0,0,181,0,0,0,0,gRNA_CDK19_targ_6374_4066
Reference,0.08032129,99.91967871,3381,3377,1245,1,1244,0,0,246,1006,0,238,998,0,0,8,0,gRNA_CDK19_targ_6377_4067
HDR,12.94005709,87.05994291,3381,3377,2102,272,1830,0,0,0,1830,0,0,1830,0,0,0,0,gRNA_CDK19_targ_6377_4067
Reference,0.0,100.0,3454,3453,12,0,12,0,0,0,12,0,0,12,0,0,0,0,gRNA_CDK19_targ_6378_4068
HDR,6.54450262,93.45549738,3454,3453,3438,225,3213,0,0,415,2815,0,398,2798,0,0,17,0,gRNA_CDK19_targ_6378_4068
Reference,0.0,100.0,1953,1952,26,0,26,0,26,0,26,0,0,0,0,26,0,0,gRNA_CDK19_targ_6379_4069
HDR,0.0,100.0,1953,1952,1843,0,1843,0,2,3,1841,2,0,1838,0,0,3,0,gRNA_CDK19_targ_6379_4069
Reference,0.0,100.0,1953,1953,39,0,39,0,28,0,39,0,0,11,0,28,0,0,gRNA_CDK19_targ_6379_4070
HDR,0.0,100.0,1953,1953,1661,0,1661,0,0,2,1661,0,0,1659,0,0,2,0,gRNA_CDK19_targ_6379_4070
Reference,0.0,100.0,1953,1952,36,0,36,0,26,0,36,0,0,10,0,26,0,0,gRNA_CDK19_targ_6379_4071
HDR,24.5687402,75.4312598,1953,1952,1913,470,1443,0,0,4,1443,0,0,1439,0,0,4,0,gRNA_CDK19_targ_6379_4071
Reference,0.0,100.0,3739,3739,1350,0,1350,0,0,151,1202,0,148,1199,0,0,3,0,gRNA_CDK19_targ_6380_4072
HDR,0.0,100.0,3739,3739,2387,0,2387,0,0,2,2386,0,1,2385,0,0,1,0,gRNA_CDK19_targ_6380_4072
Reference,0.0,100.0,3739,3739,152,0,152,0,0,151,4,0,148,1,0,0,3,0,gRNA_CDK19_targ_6380_4073
HDR,3.61111111,96.38888889,3739,3739,3240,117,3123,0,0,2,3122,0,1,3121,0,0,1,0,gRNA_CDK19_targ_6380_4073
Reference,0.0,100.0,3739,3739,495,0,495,0,0,150,347,0,148,345,0,0,2,0,gRNA_CDK19_targ_6380_4074
HDR,16.8760469,83.1239531,3739,3739,2388,403,1985,0,0,1,1985,0,0,1984,0,0,1,0,gRNA_CDK19_targ_6380_4074
Reference,0.0,100.0,1684,1680,1,0,1,0,0,0,1,0,0,1,0,0,0,0,gRNA_CDK19_targ_6381_4075
HDR,17.64705882,82.35294118,1684,1680,1649,291,1358,0,2,1,1355,2,1,1355,0,0,0,0,gRNA_CDK19_targ_6381_4075
Reference,1.12359551,98.87640449,4346,4332,178,2,176,0,0,79,98,0,78,97,0,0,1,0,gRNA_CDK19_targ_6382_4076
HDR,21.8980021,78.1019979,4346,4332,3804,833,2971,0,3,80,2892,3,76,2888,0,0,4,0,gRNA_CDK19_targ_6382_4076
Reference,0.07415647,99.92584353,4346,4330,2697,2,2695,0,4,80,2618,0,77,2611,0,4,3,0,gRNA_CDK19_targ_6382_4077
HDR,0.0,100.0,4346,4330,1174,0,1174,0,0,0,1174,0,0,1174,0,0,0,0,gRNA_CDK19_targ_6382_4077
Reference,1.07526882,98.92473118,4346,4332,186,2,184,0,1,80,106,0,78,103,0,1,2,0,gRNA_CDK19_targ_6382_4078
HDR,52.51353442,47.48646558,4346,4332,1293,679,614,0,0,79,538,0,76,535,0,0,3,0,gRNA_CDK19_targ_6382_4078
Reference,60.0,40.0,2949,2946,5,3,2,0,0,2,0,0,2,0,0,0,0,0,gRNA_CDK19_targ_6383_4079
HDR,0.03531073,99.96468927,2949,2946,2832,1,2831,0,1,4,2830,0,1,2826,0,1,3,0,gRNA_CDK19_targ_6383_4079
Reference,37.5,62.5,2949,2946,8,3,5,0,0,3,3,0,2,2,0,0,1,0,gRNA_CDK19_targ_6383_4080
HDR,0.0,100.0,2949,2946,2845,0,2845,0,2,3,2845,0,0,2840,0,2,3,0,gRNA_CDK19_targ_6383_4080
Reference,60.0,40.0,2949,2946,5,3,2,0,0,2,0,0,2,0,0,0,0,0,gRNA_CDK19_targ_6383_4081
HDR,84.12265758,15.87734242,2949,2946,2935,2469,466,0,2,11,457,1,8,453,0,1,3,0,gRNA_CDK19_targ_6383_4081
Reference,38.3363472,61.6636528,1580,1579,553,212,341,0,0,1,341,0,0,340,0,0,1,0,gRNA_CDK19_targ_6384_4082
HDR,0.375,99.625,1580,1579,800,3,797,0,0,0,797,0,0,797,0,0,0,0,gRNA_CDK19_targ_6384_4082
Reference,94.64285714,5.35714286,1580,1579,224,212,12,0,0,0,12,0,0,12,0,0,0,0,gRNA_CDK19_targ_6384_4083
HDR,23.72505543,76.27494457,1580,1579,1353,321,1032,0,0,1,1031,0,1,1031,0,0,0,0,gRNA_CDK19_targ_6384_4083
Reference,95.06726457,4.93273543,1580,1579,223,212,11,0,0,0,11,0,0,11,0,0,0,0,gRNA_CDK19_targ_6384_4084
HDR,75.71008815,24.28991185,1580,1579,1021,773,248,0,0,0,248,0,0,248,0,0,0,0,gRNA_CDK19_targ_6384_4084
Reference,0.55401662,99.44598338,1723,1723,361,2,359,0,1,109,358,0,1,249,0,1,108,0,gRNA_CDK19_targ_6385_4085
HDR,0.51622419,99.48377581,1723,1723,1356,7,1349,0,0,1,1348,0,1,1348,0,0,0,0,gRNA_CDK19_targ_6385_4085
Reference,88.0239521,11.9760479,2547,2546,167,147,20,0,2,13,8,0,10,7,2,0,1,0,gRNA_CDK19_targ_6386_4086
HDR,64.83839373,35.16160627,2547,2546,2042,1324,718,0,0,2,716,0,2,716,0,0,0,0,gRNA_CDK19_targ_6386_4086
Reference,20.0,80.0,3006,3006,5,1,4,0,4,0,1,3,0,0,0,1,0,0,gRNA_CDK19_targ_6389_4087
HDR,75.66854991,24.33145009,3006,3006,2655,2009,646,0,0,0,646,0,0,646,0,0,0,0,gRNA_CDK19_targ_6389_4087
Reference,0.0,100.0,2963,2963,1,0,1,0,0,0,1,0,0,1,0,0,0,0,gRNA_CDK19_targ_6390_4088
HDR,0.3429878,99.6570122,2963,2963,2624,9,2615,0,0,1,2615,0,0,2614,0,0,1,0,gRNA_CDK19_targ_6390_4088
Reference,5.91715976,94.08284024,4842,4842,338,20,318,0,0,172,148,0,170,146,0,0,2,0,gRNA_CDK19_targ_6392_4089
HDR,24.27553444,75.72446556,4842,4842,4210,1022,3188,0,0,1,3187,0,1,3187,0,0,0,0,gRNA_CDK19_targ_6392_4089
Reference,1.19760479,98.80239521,4842,4842,1670,20,1650,0,0,173,1479,0,171,1477,0,0,2,0,gRNA_CDK19_targ_6392_4090
HDR,0.07307271,99.92692729,4842,4842,2737,2,2735,0,0,0,2735,0,0,2735,0,0,0,0,gRNA_CDK19_targ_6392_4090
Reference,3.21027287,96.78972713,4842,4842,623,20,603,0,0,174,432,0,171,429,0,0,3,0,gRNA_CDK19_targ_6392_4091
HDR,84.46694084,15.53305916,4842,4842,3161,2670,491,0,0,0,491,0,0,491,0,0,0,0,gRNA_CDK19_targ_6392_4091
Reference,42.51134644,57.48865356,2626,2626,661,281,380,0,0,1,379,0,1,379,0,0,0,0,gRNA_CDK19_targ_6393_4092
HDR,71.78571429,28.21428571,2626,2626,1960,1407,553,0,0,1,553,0,0,552,0,0,1,0,gRNA_CDK19_targ_6393_4092
Reference,8.65051903,91.34948097,3022,3022,1445,125,1320,0,1,1,1319,1,0,1318,0,0,1,0,gRNA_CDK19_targ_6394_4093
HDR,61.43695015,38.56304985,3022,3022,1364,838,526,0,0,0,526,0,0,526,0,0,0,0,gRNA_CDK19_targ_6394_4093
Reference,73.4375,26.5625,1746,1746,128,94,34,0,0,1,33,0,1,33,0,0,0,0,gRNA_CDK19_targ_6395_4094
HDR,52.86343612,47.13656388,1746,1746,1362,720,642,0,0,0,642,0,0,642,0,0,0,0,gRNA_CDK19_targ_6395_4094
Reference,94.73684211,5.26315789,874,874,19,18,1,0,0,0,1,0,0,1,0,0,0,0,gRNA_CDK19_targ_6396_4095
HDR,83.05084746,16.94915254,874,874,826,686,140,0,0,0,140,0,0,140,0,0,0,0,gRNA_CDK19_targ_6396_4095
Reference,97.61235955,2.38764045,1465,1465,1424,1390,34,0,0,2,32,0,2,32,0,0,0,0,gRNA_CDK19_targ_6398_4096
HDR,100.0,0.0,1465,1465,38,38,0,0,0,0,0,0,0,0,0,0,0,0,gRNA_CDK19_targ_6398_4096
Reference,96.92118227,3.07881773,2519,2519,812,787,25,0,0,1,24,0,1,24,0,0,0,0,gRNA_CDK19_targ_6399_4097
HDR,97.43589744,2.56410256,2519,2519,1404,1368,36,0,0,2,34,0,2,34,0,0,0,0,gRNA_CDK19_targ_6399_4097
Reference,96.60159074,3.39840926,1500,1500,1383,1336,47,0,0,2,45,0,2,45,0,0,0,0,gRNA_CDK19_targ_6400_4098
HDR,97.84946237,2.15053763,1500,1500,93,91,2,0,0,0,2,0,0,2,0,0,0,0,gRNA_CDK19_targ_6400_4098
Reference,95.91346154,4.08653846,668,668,416,399,17,0,0,3,14,0,3,14,0,0,0,0,gRNA_CDK19_targ_6401_4099
HDR,98.80478088,1.19521912,668,668,251,248,3,0,0,0,3,0,0,3,0,0,0,0,gRNA_CDK19_targ_6401_4099
Reference,95.32846715,4.67153285,1298,1298,685,653,32,0,0,0,32,0,0,32,0,0,0,0,gRNA_CDK19_targ_6402_4100
HDR,55.44747082,44.55252918,1298,1298,514,285,229,0,0,0,229,0,0,229,0,0,0,0,gRNA_CDK19_targ_6402_4100
Reference,96.75977654,3.24022346,1192,1192,895,866,29,0,0,1,28,0,1,28,0,0,0,0,gRNA_CDK19_targ_6403_4101
HDR,96.27118644,3.72881356,1192,1192,295,284,11,0,0,0,11,0,0,11,0,0,0,0,gRNA_CDK19_targ_6403_4101
Reference,98.55907781,1.44092219,369,369,347,342,5,0,0,0,5,0,0,5,0,0,0,0,gRNA_CDK19_targ_6406_4102
HDR,100.0,0.0,369,369,21,21,0,0,0,0,0,0,0,0,0,0,0,0,gRNA_CDK19_targ_6406_4102
Reference,14.71774194,85.28225806,2077,2077,496,73,423,0,0,0,423,0,0,423,0,0,0,0,gRNA_CDK19_targ_6407_4103
HDR,0.2529511,99.7470489,2077,2077,1186,3,1183,0,0,0,1183,0,0,1183,0,0,0,0,gRNA_CDK19_targ_6407_4103
Reference,29.55465587,70.44534413,2077,2077,247,73,174,0,0,0,174,0,0,174,0,0,0,0,gRNA_CDK19_targ_6407_4104
HDR,0.16038492,99.83961508,2077,2077,1247,2,1245,0,0,0,1245,0,0,1245,0,0,0,0,gRNA_CDK19_targ_6407_4104
Reference,14.83739837,85.16260163,2077,2077,492,73,419,0,0,0,419,0,0,419,0,0,0,0,gRNA_CDK19_targ_6407_4105
HDR,92.63410729,7.36589271,2077,2077,1249,1157,92,0,0,0,92,0,0,92,0,0,0,0,gRNA_CDK19_targ_6407_4105
Reference,9.75959813,90.24040187,2799,2799,2787,272,2515,0,0,1,2514,0,1,2514,0,0,0,0,gRNA_CDK19_targ_6408_4106
HDR,0.0,100.0,2799,2799,1,0,1,0,0,0,1,0,0,1,0,0,0,0,gRNA_CDK19_targ_6408_4106
Reference,96.45390071,3.54609929,2799,2799,282,272,10,0,0,1,9,0,1,9,0,0,0,0,gRNA_CDK19_targ_6408_4107
HDR,96.78256357,3.21743643,2799,2799,1927,1865,62,0,0,0,62,0,0,62,0,0,0,0,gRNA_CDK19_targ_6408_4107
Reference,31.33640553,68.66359447,2799,2799,868,272,596,0,0,1,595,0,1,595,0,0,0,0,gRNA_CDK19_targ_6408_4108
HDR,0.0,100.0,2799,2799,8,0,8,0,0,0,8,0,0,8,0,0,0,0,gRNA_CDK19_targ_6408_4108
Reference,9.64125561,90.35874439,1805,1801,1784,172,1612,0,22,2,1612,0,0,1588,0,22,2,0,gRNA_CDK19_targ_6409_4109
HDR,0.0,100.0,1805,1801,10,0,10,0,0,0,10,0,0,10,0,0,0,0,gRNA_CDK19_targ_6409_4109
Reference,82.69230769,17.30769231,1805,1801,208,172,36,0,0,2,36,0,0,34,0,0,2,0,gRNA_CDK19_targ_6409_4110
HDR,95.33201841,4.66798159,1805,1801,1521,1450,71,0,22,0,49,22,0,49,0,0,0,0,gRNA_CDK19_targ_6409_4110
Reference,61.64874552,38.35125448,1805,1801,279,172,107,0,0,2,107,0,0,105,0,0,2,0,gRNA_CDK19_targ_6409_4111
HDR,62.5,37.5,1805,1801,16,10,6,0,0,0,6,0,0,6,0,0,0,0,gRNA_CDK19_targ_6409_4111
Reference,20.98121086,79.01878914,2076,1960,958,201,757,0,22,8,753,0,4,727,0,22,4,0,gRNA_CDK19_targ_6410_4112
HDR,73.23420074,26.76579926,2076,1960,538,394,144,0,0,1,144,0,0,143,0,0,1,0,gRNA_CDK19_targ_6410_4112
Reference,31.26177024,68.73822976,1380,1380,531,166,365,0,192,171,182,183,0,2,0,9,171,0,gRNA_CDK19_targ_6412_4113
HDR,0.0,100.0,1380,1380,846,0,846,0,0,0,846,0,0,846,0,0,0,0,gRNA_CDK19_targ_6412_4113
Reference,96.37305699,3.62694301,674,674,193,186,7,0,0,0,7,0,0,7,0,0,0,0,gRNA_CDK19_targ_6413_4114
HDR,0.0,100.0,674,674,386,0,386,0,0,0,386,0,0,386,0,0,0,0,gRNA_CDK19_targ_6413_4114
Reference,90.29126214,9.70873786,674,674,206,186,20,0,0,14,20,0,0,6,0,0,14,0,gRNA_CDK19_targ_6413_4115
HDR,0.0,100.0,674,674,241,0,241,0,0,0,241,0,0,241,0,0,0,0,gRNA_CDK19_targ_6413_4115
Reference,90.29126214,9.70873786,674,674,206,186,20,0,0,14,20,0,0,6,0,0,14,0,gRNA_CDK19_targ_6413_4116
HDR,41.86046512,58.13953488,674,674,387,162,225,0,0,0,225,0,0,225,0,0,0,0,gRNA_CDK19_targ_6413_4116
Reference,1.92743764,98.07256236,2355,2355,882,17,865,0,0,0,865,0,0,865,0,0,0,0,gRNA_CDK19_targ_6414_4117
HDR,0.0,100.0,2355,2355,1392,0,1392,0,0,1,1392,0,0,1391,0,0,1,0,gRNA_CDK19_targ_6414_4117
Reference,100.0,0.0,2355,2355,17,17,0,0,0,0,0,0,0,0,0,0,0,0,gRNA_CDK19_targ_6414_4118
HDR,36.02909713,63.97090287,2355,2355,2337,842,1495,0,0,1,1495,0,0,1494,0,0,1,0,gRNA_CDK19_targ_6414_4118
Reference,100.0,0.0,2355,2355,17,17,0,0,0,0,0,0,0,0,0,0,0,0,gRNA_CDK19_targ_6414_4119
HDR,79.4976239,20.5023761,2355,2355,1473,1171,302,0,0,1,301,0,1,301,0,0,0,0,gRNA_CDK19_targ_6414_4119
Reference,,,986,986,0,0,0,0,0,0,0,0,0,0,0,0,0,0,gRNA_CDK19_targ_6418_4120
HDR,0.0,100.0,986,986,922,0,922,0,1,0,921,1,0,921,0,0,0,0,gRNA_CDK19_targ_6418_4120
Reference,,,986,986,0,0,0,0,0,0,0,0,0,0,0,0,0,0,gRNA_CDK19_targ_6418_4121
HDR,0.0,100.0,986,986,787,0,787,0,0,0,787,0,0,787,0,0,0,0,gRNA_CDK19_targ_6418_4121
Reference,,,986,986,0,0,0,0,0,0,0,0,0,0,0,0,0,0,gRNA_CDK19_targ_6418_4122
HDR,44.6969697,55.3030303,986,986,924,413,511,0,1,0,510,1,0,510,0,0,0,0,gRNA_CDK19_targ_6418_4122
Reference,48.86363636,51.13636364,2205,2202,88,43,45,0,37,5,6,37,2,3,0,0,3,0,gRNA_CDK19_targ_6419_4123
HDR,0.0,100.0,2205,2202,1771,0,1771,0,0,0,1771,0,0,1771,0,0,0,0,gRNA_CDK19_targ_6419_4123
Reference,11.08247423,88.91752577,2205,2202,388,43,345,0,340,4,7,337,1,1,0,3,3,0,gRNA_CDK19_targ_6419_4124
HDR,0.0554939,99.9445061,2205,2202,1802,1,1801,0,0,0,1801,0,0,1801,0,0,0,0,gRNA_CDK19_targ_6419_4124
Reference,11.05398458,88.94601542,2205,2202,389,43,346,0,340,5,7,337,2,1,0,3,3,0,gRNA_CDK19_targ_6419_4125
HDR,52.63742365,47.36257635,2205,2202,1801,948,853,0,0,0,853,0,0,853,0,0,0,0,gRNA_CDK19_targ_6419_4125
Reference,100.0,0.0,713,713,3,3,0,0,0,0,0,0,0,0,0,0,0,0,gRNA_CDK19_targ_6420_4126
HDR,59.3220339,40.6779661,713,713,531,315,216,0,0,0,216,0,0,216,0,0,0,0,gRNA_CDK19_targ_6420_4126
Reference,12.56756757,87.43243243,1297,832,740,93,647,0,95,0,647,0,0,552,0,95,0,0,gRNA_CDK19_targ_6421_4127
HDR,0.0,100.0,1297,832,52,0,52,0,0,0,52,0,0,52,0,0,0,0,gRNA_CDK19_targ_6421_4127
Reference,100.0,0.0,1297,832,93,93,0,0,0,0,0,0,0,0,0,0,0,0,gRNA_CDK19_targ_6421_4128
HDR,0.0,100.0,1297,832,538,0,538,0,96,0,538,0,0,442,0,96,0,0,gRNA_CDK19_targ_6421_4128
Reference,30.59210526,69.40789474,1297,832,304,93,211,0,2,0,211,0,0,209,0,2,0,0,gRNA_CDK19_targ_6421_4129
HDR,0.0,100.0,1297,832,526,0,526,0,94,0,526,0,0,432,0,94,0,0,gRNA_CDK19_targ_6421_4129
Reference,31.63265306,68.36734694,1297,832,294,93,201,0,0,0,201,0,0,201,0,0,0,0,gRNA_CDK19_targ_6421_4130
HDR,0.0,100.0,1297,832,92,0,92,0,1,0,92,0,0,91,0,1,0,0,gRNA_CDK19_targ_6421_4130
Reference,30.39215686,69.60784314,1297,832,306,93,213,0,2,0,213,0,0,211,0,2,0,0,gRNA_CDK19_targ_6421_4131
HDR,0.0,100.0,1297,832,92,0,92,0,1,0,92,0,0,91,0,1,0,0,gRNA_CDK19_targ_6421_4131
Reference,32.9787234,67.0212766,1297,1033,282,93,189,0,2,0,189,0,0,187,0,2,0,0,gRNA_CDK19_targ_6421_4132
HDR,44.09340659,55.90659341,1297,1033,728,321,407,0,295,0,116,291,0,112,0,4,0,0,gRNA_CDK19_targ_6421_4132
Reference,30.49180328,69.50819672,1297,832,305,93,212,0,2,0,212,0,0,210,0,2,0,0,gRNA_CDK19_targ_6421_4133
HDR,9.94152047,90.05847953,1297,832,513,51,462,0,94,0,462,0,0,368,0,94,0,0,gRNA_CDK19_targ_6421_4133
Reference,23.24723247,76.75276753,2456,2456,271,63,208,0,0,0,208,0,0,208,0,0,0,0,gRNA_CDK19_targ_6422_4134
HDR,8.37528604,91.62471396,2456,2456,2185,183,2002,0,0,0,2002,0,0,2002,0,0,0,0,gRNA_CDK19_targ_6422_4134
Reference,24.80314961,75.19685039,2456,2456,254,63,191,0,0,0,191,0,0,191,0,0,0,0,gRNA_CDK19_targ_6422_4135
HDR,0.10005003,99.89994997,2456,2456,1999,2,1997,0,0,0,1997,0,0,1997,0,0,0,0,gRNA_CDK19_targ_6422_4135
Reference,23.50746269,76.49253731,2456,2456,268,63,205,0,0,0,205,0,0,205,0,0,0,0,gRNA_CDK19_targ_6422_4136
HDR,66.8002003,33.1997997,2456,2456,1997,1334,663,0,0,0,663,0,0,663,0,0,0,0,gRNA_CDK19_targ_6422_4136
Reference,100.0,0.0,992,595,1,1,0,0,0,0,0,0,0,0,0,0,0,0,gRNA_CDK19_targ_6425_4137
HDR,0.0,100.0,992,595,550,0,550,0,0,114,437,0,113,436,0,0,1,0,gRNA_CDK19_targ_6425_4137
Reference,50.0,50.0,992,595,2,1,1,0,0,0,1,0,0,1,0,0,0,0,gRNA_CDK19_targ_6425_4138
HDR,0.0,100.0,992,595,549,0,549,0,0,114,436,0,113,435,0,0,1,0,gRNA_CDK19_targ_6425_4138
Reference,100.0,0.0,992,595,1,1,0,0,0,0,0,0,0,0,0,0,0,0,gRNA_CDK19_targ_6425_4139
HDR,69.76320583,30.23679417,992,595,549,383,166,0,0,114,53,0,113,52,0,0,1,0,gRNA_CDK19_targ_6425_4139
Reference,4.76190476,95.23809524,2104,2097,378,18,360,0,0,0,360,0,0,360,0,0,0,0,gRNA_CDK19_targ_6426_4140
HDR,0.0,100.0,2104,2097,1326,0,1326,0,2,4,1321,1,4,1320,0,1,0,0,gRNA_CDK19_targ_6426_4140
Reference,21.17647059,78.82352941,2104,2097,85,18,67,0,0,67,0,0,67,0,0,0,0,0,gRNA_CDK19_targ_6426_4141
HDR,18.22255414,81.77744586,2104,2097,1339,244,1095,0,3,4,1089,2,4,1088,0,1,0,0,gRNA_CDK19_targ_6426_4141
Reference,13.23529412,86.76470588,2104,2097,136,18,118,0,0,67,51,0,67,51,0,0,0,0,gRNA_CDK19_targ_6426_4142
HDR,73.64457831,26.35542169,2104,2097,1328,978,350,0,2,4,345,1,4,344,0,1,0,0,gRNA_CDK19_targ_6426_4142
Reference,38.69209809,61.30790191,1535,1535,367,142,225,0,0,1,224,0,1,224,0,0,0,0,gRNA_CDK19_targ_6430_4143
HDR,0.0,100.0,1535,1535,1131,0,1131,0,0,0,1131,0,0,1131,0,0,0,0,gRNA_CDK19_targ_6430_4143
Reference,86.06060606,13.93939394,1535,1535,165,142,23,0,0,1,22,0,1,22,0,0,0,0,gRNA_CDK19_targ_6430_4144
HDR,2.75092937,97.24907063,1535,1535,1345,37,1308,0,0,0,1308,0,0,1308,0,0,0,0,gRNA_CDK19_targ_6430_4144
Reference,97.26027397,2.73972603,1535,1535,146,142,4,0,0,1,3,0,1,3,0,0,0,0,gRNA_CDK19_targ_6430_4145
HDR,89.11149826,10.88850174,1535,1535,1148,1023,125,0,0,0,125,0,0,125,0,0,0,0,gRNA_CDK19_targ_6430_4145
Reference,97.35682819,2.64317181,2629,2629,908,884,24,0,0,0,24,0,0,24,0,0,0,0,gRNA_CDK19_targ_6431_4146
HDR,78.35443038,21.64556962,2629,2629,1580,1238,342,0,0,2,340,0,2,340,0,0,0,0,gRNA_CDK19_targ_6431_4146
Reference,95.10204082,4.89795918,2041,1983,245,233,12,0,0,0,12,0,0,12,0,0,0,0,gRNA_CDK19_targ_6432_4147
HDR,0.98039216,99.01960784,2041,1983,1632,16,1616,0,1,0,1615,1,0,1615,0,0,0,0,gRNA_CDK19_targ_6432_4147
Reference,88.88888889,11.11111111,2165,2165,9,8,1,0,0,0,1,0,0,1,0,0,0,0,gRNA_CDK19_targ_6435_4148
HDR,53.11627907,46.88372093,2165,2165,2150,1142,1008,0,1,1,1006,1,1,1006,0,0,0,0,gRNA_CDK19_targ_6435_4148
Reference,98.25174825,1.74825175,1736,1736,286,281,5,0,0,1,4,0,1,4,0,0,0,0,gRNA_CDK19_targ_6436_4149
HDR,80.40780142,19.59219858,1736,1736,1128,907,221,0,0,0,221,0,0,221,0,0,0,0,gRNA_CDK19_targ_6436_4149
Reference,33.38856669,66.61143331,4692,4690,1207,403,804,0,126,0,803,1,0,678,0,125,0,0,gRNA_CDK19_targ_6437_4150
HDR,0.0,100.0,4692,4690,3244,0,3244,0,36,2,3244,0,0,3206,0,36,2,0,gRNA_CDK19_targ_6437_4150
Reference,89.15929204,10.84070796,4692,4690,452,403,49,0,0,0,49,0,0,49,0,0,0,0,gRNA_CDK19_targ_6437_4151
HDR,5.94755339,94.05244661,4692,4690,3699,220,3479,0,161,2,3377,102,0,3316,0,59,2,0,gRNA_CDK19_targ_6437_4151
Reference,45.38288288,54.61711712,4692,4690,888,403,485,0,1,0,484,1,0,484,0,0,0,0,gRNA_CDK19_targ_6437_4152
HDR,50.49361208,49.50638792,4692,4690,3444,1739,1705,0,36,2,1703,0,2,1667,0,36,0,0,gRNA_CDK19_targ_6437_4152
Reference,94.44444444,5.55555556,2824,2824,126,119,7,0,0,0,7,0,0,7,0,0,0,0,gRNA_CDK19_targ_6438_4153
HDR,90.90004973,9.09995027,2824,2824,2011,1828,183,0,3,0,180,3,0,180,0,0,0,0,gRNA_CDK19_targ_6438_4153
Reference,96.78111588,3.21888412,4077,4077,1398,1353,45,0,2,5,43,2,0,38,0,0,5,0,gRNA_CDK19_targ_6440_4154
HDR,97.27969349,2.72030651,4077,4077,2610,2539,71,0,0,0,71,0,0,71,0,0,0,0,gRNA_CDK19_targ_6440_4154
Reference,5.60344828,94.39655172,2480,2480,2088,117,1971,0,0,3,1971,0,0,1968,0,0,3,0,gRNA_CDK19_targ_6441_4155
HDR,0.0,100.0,2480,2480,387,0,387,0,0,0,387,0,0,387,0,0,0,0,gRNA_CDK19_targ_6441_4155
Reference,43.98496241,56.01503759,2480,2480,266,117,149,0,0,0,149,0,0,149,0,0,0,0,gRNA_CDK19_targ_6441_4156
HDR,73.45735027,26.54264973,2480,2480,2204,1619,585,0,0,1,584,0,1,584,0,0,0,0,gRNA_CDK19_targ_6441_4156
Reference,42.54545455,57.45454545,2480,2480,275,117,158,0,0,2,158,0,0,156,0,0,2,0,gRNA_CDK19_targ_6441_4157
HDR,95.14066496,4.85933504,2480,2480,391,372,19,0,0,0,19,0,0,19,0,0,0,0,gRNA_CDK19_targ_6441_4157
Reference,5.72851806,94.27148194,2364,2364,803,46,757,0,15,0,757,0,0,742,0,15,0,0,gRNA_CDK19_targ_6442_4158
HDR,0.0,100.0,2364,2364,1426,0,1426,0,0,0,1426,0,0,1426,0,0,0,0,gRNA_CDK19_targ_6442_4158
Reference,25.0,75.0,4611,4611,4,1,3,0,0,1,2,0,1,2,0,0,0,0,gRNA_CDK19_targ_6443_4159
HDR,78.12013694,21.87986306,4611,4611,3213,2510,703,0,92,1,615,87,1,610,0,5,0,0,gRNA_CDK19_targ_6443_4159
Reference,1.72413793,98.27586207,903,903,116,2,114,0,0,0,114,0,0,114,0,0,0,0,gRNA_CDK19_targ_6444_4160
HDR,0.0,100.0,903,903,787,0,787,0,0,0,787,0,0,787,0,0,0,0,gRNA_CDK19_targ_6444_4160
Reference,100.0,0.0,903,903,2,2,0,0,0,0,0,0,0,0,0,0,0,0,gRNA_CDK19_targ_6444_4161
HDR,11.16121759,88.83878241,903,903,887,99,788,0,0,0,788,0,0,788,0,0,0,0,gRNA_CDK19_targ_6444_4161
Reference,13.33333333,86.66666667,903,903,15,2,13,0,0,0,13,0,0,13,0,0,0,0,gRNA_CDK19_targ_6444_4162
HDR,95.55273189,4.44726811,903,903,787,752,35,0,0,0,35,0,0,35,0,0,0,0,gRNA_CDK19_targ_6444_4162
Reference,100.0,0.0,604,479,1,1,0,0,0,0,0,0,0,0,0,0,0,0,gRNA_CDK19_targ_6445_4163
HDR,36.36363636,63.63636364,604,479,11,4,7,0,0,1,6,0,1,6,0,0,0,0,gRNA_CDK19_targ_6445_4163
Reference,29.78723404,70.21276596,1413,1413,141,42,99,0,0,0,99,0,0,99,0,0,0,0,gRNA_CDK19_targ_6446_4164
HDR,0.0,100.0,1413,1413,1263,0,1263,0,0,16,1247,0,16,1247,0,0,0,0,gRNA_CDK19_targ_6446_4164
Reference,84.0,16.0,1413,1413,50,42,8,0,0,8,0,0,8,0,0,0,0,0,gRNA_CDK19_targ_6446_4165
HDR,0.0,100.0,1413,1413,1178,0,1178,0,0,16,1162,0,16,1162,0,0,0,0,gRNA_CDK19_targ_6446_4165
Reference,4.81099656,95.18900344,1413,1413,873,42,831,0,0,9,823,0,8,822,0,0,1,0,gRNA_CDK19_targ_6446_4166
HDR,0.0,100.0,1413,1413,523,0,523,0,0,0,523,0,0,523,0,0,0,0,gRNA_CDK19_targ_6446_4166
Reference,28.18791946,71.81208054,1413,1413,149,42,107,0,0,8,99,0,8,99,0,0,0,0,gRNA_CDK19_targ_6446_4167
HDR,50.03958828,49.96041172,1413,1413,1263,632,631,0,0,16,615,0,16,615,0,0,0,0,gRNA_CDK19_targ_6446_4167
Reference,28.0,72.0,1413,1413,150,42,108,0,0,9,100,0,8,99,0,0,1,0,gRNA_CDK19_targ_6446_4168
HDR,0.0,100.0,1413,1413,540,0,540,0,0,16,524,0,16,524,0,0,0,0,gRNA_CDK19_targ_6446_4168
Reference,17.87234043,82.12765957,1413,1413,235,42,193,0,0,9,185,0,8,184,0,0,1,0,gRNA_CDK19_targ_6446_4169
HDR,0.0,100.0,1413,1413,524,0,524,0,0,0,524,0,0,524,0,0,0,0,gRNA_CDK19_targ_6446_4169
Reference,28.0,72.0,1413,1413,150,42,108,0,0,9,100,0,8,99,0,0,1,0,gRNA_CDK19_targ_6446_4170
HDR,44.23407917,55.76592083,1413,1413,1162,514,648,0,0,0,648,0,0,648,0,0,0,0,gRNA_CDK19_targ_6446_4170
Reference,14.88986784,85.11013216,1514,1514,1135,169,966,0,0,0,966,0,0,966,0,0,0,0,gRNA_CDK19_targ_6447_4171
HDR,0.28169014,99.71830986,1514,1514,355,1,354,0,1,81,278,0,76,272,0,1,5,0,gRNA_CDK19_targ_6447_4171
Reference,97.68786127,2.31213873,1514,1514,173,169,4,0,0,0,4,0,0,4,0,0,0,0,gRNA_CDK19_targ_6447_4172
HDR,6.08828006,93.91171994,1514,1514,1314,80,1234,0,1,81,1158,0,76,1152,0,1,5,0,gRNA_CDK19_targ_6447_4172
Reference,36.42241379,63.57758621,1514,1514,464,169,295,0,0,99,295,0,0,196,0,0,99,0,gRNA_CDK19_targ_6447_4173
HDR,0.0,100.0,1514,1514,1048,0,1048,0,1,3,1048,0,0,1044,0,1,3,0,gRNA_CDK19_targ_6447_4173
Reference,94.94382022,5.05617978,1514,1514,178,169,9,0,0,0,9,0,0,9,0,0,0,0,gRNA_CDK19_targ_6447_4174
HDR,29.9719888,70.0280112,1514,1514,357,107,250,0,1,80,173,0,77,169,0,1,3,0,gRNA_CDK19_targ_6447_4174
Reference,65.75875486,34.24124514,1514,1514,257,169,88,0,0,0,88,0,0,88,0,0,0,0,gRNA_CDK19_targ_6447_4175
HDR,0.0,100.0,1514,1514,170,0,170,0,1,2,169,0,1,167,0,1,1,0,gRNA_CDK19_targ_6447_4175
Reference,85.35353535,14.64646465,1514,1514,198,169,29,0,0,21,29,0,0,8,0,0,21,0,gRNA_CDK19_targ_6447_4176
HDR,82.44274809,17.55725191,1514,1514,1048,864,184,0,1,2,183,0,1,181,0,1,1,0,gRNA_CDK19_targ_6447_4176
Reference,60.5734767,39.4265233,1514,1514,279,169,110,0,0,21,110,0,0,89,0,0,21,0,gRNA_CDK19_targ_6447_4177
HDR,14.12478336,85.87521664,1514,1514,1154,163,991,0,1,2,988,1,2,988,0,0,0,0,gRNA_CDK19_targ_6447_4177
Reference,87.17948718,12.82051282,504,504,312,272,40,0,0,0,40,0,0,40,0,0,0,0,gRNA_CDK19_targ_6448_4178
HDR,95.83333333,4.16666667,504,504,192,184,8,0,0,0,8,0,0,8,0,0,0,0,gRNA_CDK19_targ_6448_4178
Reference,79.31034483,20.68965517,2400,2400,1015,805,210,0,1,0,210,0,0,209,0,1,0,0,gRNA_CDK19_targ_6449_4179
HDR,97.96107507,2.03892493,2400,2400,1079,1057,22,0,0,1,22,0,0,21,0,0,1,0,gRNA_CDK19_targ_6449_4179
Reference,74.05405405,25.94594595,3180,3179,370,274,96,0,86,0,13,83,0,10,0,3,0,0,gRNA_CDK19_targ_6451_4180
HDR,52.93417922,47.06582078,3180,3179,2522,1335,1187,0,242,1,956,230,1,944,0,12,0,0,gRNA_CDK19_targ_6451_4180
Reference,12.05455345,87.94544655,3180,3179,2273,274,1999,0,426,1,1821,178,0,1572,0,248,1,0,gRNA_CDK19_targ_6451_4181
HDR,0.0,100.0,3180,3179,894,0,894,0,0,0,894,0,0,894,0,0,0,0,gRNA_CDK19_targ_6451_4181
Reference,42.21879815,57.78120185,3180,3179,649,274,375,0,184,0,197,178,0,191,0,6,0,0,gRNA_CDK19_targ_6451_4182
HDR,96.45625692,3.54374308,3180,3179,903,871,32,0,0,0,32,0,0,32,0,0,0,0,gRNA_CDK19_targ_6451_4182
Reference,36.00330306,63.99669694,1944,1944,1211,436,775,0,0,1,774,0,1,774,0,0,0,0,gRNA_CDK19_targ_6452_4183
HDR,59.91792066,40.08207934,1944,1944,731,438,293,0,0,1,292,0,1,292,0,0,0,0,gRNA_CDK19_targ_6452_4183
Reference,0.84566596,99.15433404,1717,1717,473,4,469,0,4,222,253,0,216,243,0,4,6,0,gRNA_CDK19_targ_6454_4184
HDR,45.72580645,54.27419355,1717,1717,1240,567,673,0,0,1,672,0,1,672,0,0,0,0,gRNA_CDK19_targ_6454_4184
Reference,10.8056266,89.1943734,2116,1928,1564,169,1395,0,239,1,1167,228,0,1155,0,11,1,0,gRNA_CDK19_targ_6455_4185
HDR,0.0,100.0,2116,1928,144,0,144,0,0,0,144,0,0,144,0,0,0,0,gRNA_CDK19_targ_6455_4185
Reference,95.48022599,4.51977401,2116,1928,177,169,8,0,0,0,8,0,0,8,0,0,0,0,gRNA_CDK19_targ_6455_4186
HDR,6.10687023,93.89312977,2116,1928,1310,80,1230,0,19,2,1224,6,0,1209,0,13,2,0,gRNA_CDK19_targ_6455_4186
Reference,33.93574297,66.06425703,2116,1928,498,169,329,0,237,0,101,228,0,92,0,9,0,0,gRNA_CDK19_targ_6455_4187
HDR,0.08857396,99.91142604,2116,1928,1129,1,1128,0,12,0,1128,0,0,1116,0,12,0,0,gRNA_CDK19_targ_6455_4187
Reference,41.3202934,58.6797066,2116,1928,409,169,240,0,228,1,13,227,0,11,0,1,1,0,gRNA_CDK19_targ_6455_4188
HDR,0.0,100.0,2116,1928,158,0,158,0,11,2,158,0,0,145,0,11,2,0,gRNA_CDK19_targ_6455_4188
Reference,28.59560068,71.40439932,2116,1928,591,169,422,0,238,1,194,228,0,183,0,10,1,0,gRNA_CDK19_targ_6455_4189
HDR,0.0,100.0,2116,1928,156,0,156,0,11,0,156,0,0,145,0,11,0,0,gRNA_CDK19_targ_6455_4189
Reference,41.72839506,58.27160494,2116,1928,405,169,236,0,228,0,9,227,0,8,0,1,0,0,gRNA_CDK19_targ_6455_4190
HDR,63.36065574,36.63934426,2116,1928,1220,773,447,0,13,2,438,9,0,432,0,4,2,0,gRNA_CDK19_targ_6455_4190
Reference,33.8,66.2,2116,1928,500,169,331,0,235,1,104,227,0,95,0,8,1,0,gRNA_CDK19_targ_6455_4191
HDR,12.11317418,87.88682582,2116,1928,1131,137,994,0,13,2,986,8,0,979,0,5,2,0,gRNA_CDK19_targ_6455_4191
Reference,97.98149706,2.01850294,1192,1192,1189,1165,24,0,2,0,22,2,0,22,0,0,0,0,gRNA_CDK19_targ_6456_4192
HDR,,,1192,1192,0,0,0,0,0,0,0,0,0,0,0,0,0,0,gRNA_CDK19_targ_6456_4192
Reference,97.14285714,2.85714286,263,263,140,136,4,0,0,0,4,0,0,4,0,0,0,0,gRNA_CDK19_targ_6457_4193
HDR,95.08196721,4.91803279,263,263,122,116,6,0,0,0,6,0,0,6,0,0,0,0,gRNA_CDK19_targ_6457_4193
Reference,96.8627451,3.1372549,255,255,255,247,8,0,0,0,8,0,0,8,0,0,0,0,gRNA_CDK19_targ_6458_4194
HDR,,,255,255,0,0,0,0,0,0,0,0,0,0,0,0,0,0,gRNA_CDK19_targ_6458_4194
Reference,98.32134293,1.67865707,680,680,417,410,7,0,0,1,6,0,1,6,0,0,0,0,gRNA_CDK19_targ_6460_4195
HDR,98.70689655,1.29310345,680,680,232,229,3,0,0,0,3,0,0,3,0,0,0,0,gRNA_CDK19_targ_6460_4195
Reference,97.44214373,2.55785627,1364,1364,821,800,21,0,0,0,21,0,0,21,0,0,0,0,gRNA_CDK19_targ_6461_4196
HDR,97.05882353,2.94117647,1364,1364,442,429,13,0,0,0,13,0,0,13,0,0,0,0,gRNA_CDK19_targ_6461_4196
Reference,4.61538462,95.38461538,549,517,65,3,62,0,0,2,61,0,1,60,0,0,1,0,gRNA_CDK19_targ_6464_4197
HDR,0.0,100.0,549,517,306,0,306,0,0,0,306,0,0,306,0,0,0,0,gRNA_CDK19_targ_6464_4197
Reference,60.0,40.0,549,517,5,3,2,0,0,2,1,0,1,0,0,0,1,0,gRNA_CDK19_targ_6464_4198
HDR,2.34899329,97.65100671,549,517,298,7,291,0,0,0,291,0,0,291,0,0,0,0,gRNA_CDK19_targ_6464_4198
Reference,5.17241379,94.82758621,549,517,58,3,55,0,0,2,54,0,1,53,0,0,1,0,gRNA_CDK19_targ_6464_4199
HDR,20.79646018,79.20353982,549,517,452,94,358,0,0,0,358,0,0,358,0,0,0,0,gRNA_CDK19_targ_6464_4199
Reference,5.08637236,94.91362764,1149,1149,1042,53,989,0,133,22,973,0,16,834,0,133,6,0,gRNA_CDK19_targ_6465_4200
HDR,0.0,100.0,1149,1149,107,0,107,0,0,34,107,0,0,73,0,0,34,0,gRNA_CDK19_targ_6465_4200
Reference,92.98245614,7.01754386,1149,1149,57,53,4,0,0,0,4,0,0,4,0,0,0,0,gRNA_CDK19_targ_6465_4201
HDR,6.00272851,93.99727149,1149,1149,733,44,689,0,1,34,688,1,0,654,0,0,34,0,gRNA_CDK19_targ_6465_4201
Reference,12.74038462,87.25961538,1149,1149,416,53,363,0,132,22,347,0,16,209,0,132,6,0,gRNA_CDK19_targ_6465_4202
HDR,64.48598131,35.51401869,1149,1149,107,69,38,0,0,34,38,0,0,4,0,0,34,0,gRNA_CDK19_targ_6465_4202
Reference,94.73684211,5.26315789,1407,1407,19,18,1,0,1,0,1,0,0,0,0,1,0,0,gRNA_CDK19_targ_6466_4203
HDR,0.0,100.0,1407,1407,1289,0,1289,0,0,0,1289,0,0,1289,0,0,0,0,gRNA_CDK19_targ_6466_4203
Reference,94.73684211,5.26315789,1407,1407,19,18,1,0,1,0,1,0,0,0,0,1,0,0,gRNA_CDK19_targ_6466_4204
HDR,0.0,100.0,1407,1407,1387,0,1387,0,0,0,1387,0,0,1387,0,0,0,0,gRNA_CDK19_targ_6466_4204
Reference,100.0,0.0,1407,1407,18,18,0,0,0,0,0,0,0,0,0,0,0,0,gRNA_CDK19_targ_6466_4205
HDR,66.42651297,33.57348703,1407,1407,1388,922,466,0,0,0,466,0,0,466,0,0,0,0,gRNA_CDK19_targ_6466_4205
Reference,11.53342071,88.46657929,784,784,763,88,675,0,0,1,675,0,0,674,0,0,1,0,gRNA_CDK19_targ_6467_4206
HDR,0.0,100.0,784,784,17,0,17,0,0,0,17,0,0,17,0,0,0,0,gRNA_CDK19_targ_6467_4206
Reference,98.87640449,1.12359551,784,784,89,88,1,0,0,0,1,0,0,1,0,0,0,0,gRNA_CDK19_targ_6467_4207
HDR,91.69230769,8.30769231,784,784,325,298,27,0,0,1,26,0,1,26,0,0,0,0,gRNA_CDK19_targ_6467_4207
Reference,19.34065934,80.65934066,784,784,455,88,367,0,0,0,367,0,0,367,0,0,0,0,gRNA_CDK19_targ_6467_4208
HDR,88.88888889,11.11111111,784,784,18,16,2,0,0,0,2,0,0,2,0,0,0,0,gRNA_CDK19_targ_6467_4208
Reference,71.11111111,28.88888889,2336,2336,180,128,52,0,38,0,22,30,0,14,0,8,0,0,gRNA_CDK19_targ_6469_4209
HDR,14.85598787,85.14401213,2336,2336,1979,294,1685,0,1,1,1684,1,0,1683,0,0,1,0,gRNA_CDK19_targ_6469_4209
Reference,18.2596291,81.7403709,2336,2336,701,128,573,0,123,0,461,112,0,450,0,11,0,0,gRNA_CDK19_targ_6469_4210
HDR,0.06349206,99.93650794,2336,2336,1575,1,1574,0,0,1,1574,0,0,1573,0,0,1,0,gRNA_CDK19_targ_6469_4210
Reference,36.26062323,63.73937677,2336,2336,353,128,225,0,122,0,113,112,0,103,0,10,0,0,gRNA_CDK19_targ_6469_4211
HDR,17.08511941,82.91488059,2336,2336,1633,279,1354,0,0,1,1354,0,0,1353,0,0,1,0,gRNA_CDK19_targ_6469_4211
Reference,59.21568627,40.78431373,2781,2781,255,151,104,0,0,97,104,0,0,7,0,0,97,0,gRNA_CDK19_targ_6470_4212
HDR,46.79459224,53.20540776,2781,2781,2293,1073,1220,0,0,4,1218,0,2,1216,0,0,2,0,gRNA_CDK19_targ_6470_4212
Reference,7.47894998,92.52105002,2781,2781,2019,151,1868,0,0,101,1868,0,0,1767,0,0,101,0,gRNA_CDK19_targ_6470_4213
HDR,0.0,100.0,2781,2781,760,0,760,0,0,0,760,0,0,760,0,0,0,0,gRNA_CDK19_targ_6470_4213
Reference,31.06995885,68.93004115,2781,2781,486,151,335,0,0,97,335,0,0,238,0,0,97,0,gRNA_CDK19_targ_6470_4214
HDR,40.73587385,59.26412615,2781,2781,761,310,451,0,0,0,451,0,0,451,0,0,0,0,gRNA_CDK19_targ_6470_4214
Reference,100.0,0.0,116,116,2,2,0,0,0,0,0,0,0,0,0,0,0,0,gRNA_CDK19_targ_6471_4215
HDR,0.0,100.0,116,116,114,0,114,0,0,0,114,0,0,114,0,0,0,0,gRNA_CDK19_targ_6471_4215
Reference,96.4028777,3.5971223,805,805,139,134,5,0,0,0,5,0,0,5,0,0,0,0,gRNA_CDK19_targ_6474_4216
HDR,96.59442724,3.40557276,805,805,646,624,22,0,0,2,20,0,2,20,0,0,0,0,gRNA_CDK19_targ_6474_4216
Reference,18.18181818,81.81818182,375,375,99,18,81,0,14,0,67,14,0,67,0,0,0,0,gRNA_CDK19_targ_6479_4217
HDR,96.71532847,3.28467153,375,375,274,265,9,0,0,0,9,0,0,9,0,0,0,0,gRNA_CDK19_targ_6479_4217
Reference,82.64208909,17.35791091,869,869,651,538,113,0,0,0,113,0,0,113,0,0,0,0,gRNA_CDK19_targ_6480_4218
HDR,98.61751152,1.38248848,869,869,217,214,3,0,0,0,3,0,0,3,0,0,0,0,gRNA_CDK19_targ_6480_4218
Reference,80.0,20.0,496,496,5,4,1,0,1,0,1,0,0,0,0,1,0,0,gRNA_CDK19_targ_6481_4219
HDR,41.16331096,58.83668904,496,496,447,184,263,0,49,38,263,0,0,214,0,11,0,38,gRNA_CDK19_targ_6481_4219
Reference,78.24074074,21.75925926,813,813,432,338,94,0,0,90,4,0,90,4,0,0,0,0,gRNA_CDK19_targ_6482_4220
HDR,97.80821918,2.19178082,813,813,365,357,8,0,0,0,8,0,0,8,0,0,0,0,gRNA_CDK19_targ_6482_4220
Reference,18.04511278,81.95488722,790,790,133,24,109,0,0,109,1,0,108,0,0,0,1,0,gRNA_CDK19_targ_6484_4221
HDR,0.152207,99.847793,790,790,657,1,656,0,0,113,656,0,0,543,0,0,113,0,gRNA_CDK19_targ_6484_4221
Reference,17.91044776,82.08955224,790,790,134,24,110,0,0,109,2,0,108,1,0,0,1,0,gRNA_CDK19_targ_6484_4222
HDR,0.0,100.0,790,790,655,0,655,0,0,113,655,0,0,542,0,0,113,0,gRNA_CDK19_targ_6484_4222
Reference,18.04511278,81.95488722,790,790,133,24,109,0,0,109,1,0,108,0,0,0,1,0,gRNA_CDK19_targ_6484_4223
HDR,80.18292683,19.81707317,790,790,656,526,130,0,0,113,56,0,74,17,0,0,39,0,gRNA_CDK19_targ_6484_4223
Reference,96.875,3.125,541,541,192,186,6,0,0,0,6,0,0,6,0,0,0,0,gRNA_CDK19_targ_6485_4224
HDR,97.33333333,2.66666667,541,541,225,219,6,0,0,1,5,0,1,5,0,0,0,0,gRNA_CDK19_targ_6485_4224
Reference,0.50890585,99.49109415,541,541,393,2,391,0,0,0,391,0,0,391,0,0,0,0,gRNA_CDK19_targ_6486_4225
HDR,0.0,100.0,541,541,147,0,147,0,0,0,147,0,0,147,0,0,0,0,gRNA_CDK19_targ_6486_4225
Reference,100.0,0.0,541,541,2,2,0,0,0,0,0,0,0,0,0,0,0,0,gRNA_CDK19_targ_6486_4226
HDR,63.84439359,36.15560641,541,541,437,279,158,0,0,0,158,0,0,158,0,0,0,0,gRNA_CDK19_targ_6486_4226
Reference,1.92307692,98.07692308,541,541,104,2,102,0,0,0,102,0,0,102,0,0,0,0,gRNA_CDK19_targ_6486_4227
HDR,97.97297297,2.02702703,541,541,148,145,3,0,0,0,3,0,0,3,0,0,0,0,gRNA_CDK19_targ_6486_4227
Reference,63.10160428,36.89839572,537,537,187,118,69,0,65,0,14,55,0,4,0,10,0,0,gRNA_CDK19_targ_6487_4228
HDR,41.48606811,58.51393189,537,537,323,134,189,0,0,0,189,0,0,189,0,0,0,0,gRNA_CDK19_targ_6487_4228
Reference,38.29787234,61.70212766,555,555,376,144,232,0,0,1,231,0,1,231,0,0,0,0,gRNA_CDK19_targ_6489_4229
HDR,0.0,100.0,555,555,82,0,82,0,0,0,82,0,0,82,0,0,0,0,gRNA_CDK19_targ_6489_4229
Reference,59.01639344,40.98360656,555,555,244,144,100,0,0,1,99,0,1,99,0,0,0,0,gRNA_CDK19_targ_6489_4230
HDR,34.41558442,65.58441558,555,555,308,106,202,0,0,0,202,0,0,202,0,0,0,0,gRNA_CDK19_targ_6489_4230
Reference,35.73200993,64.26799007,555,555,403,144,259,0,0,1,258,0,1,258,0,0,0,0,gRNA_CDK19_targ_6489_4231
HDR,0.0,100.0,555,555,151,0,151,0,0,0,151,0,0,151,0,0,0,0,gRNA_CDK19_targ_6489_4231
Reference,58.53658537,41.46341463,555,555,246,144,102,0,0,1,101,0,1,101,0,0,0,0,gRNA_CDK19_targ_6489_4232
HDR,57.31707317,42.68292683,555,555,82,47,35,0,0,0,35,0,0,35,0,0,0,0,gRNA_CDK19_targ_6489_4232
Reference,40.90909091,59.09090909,555,555,352,144,208,0,0,1,207,0,1,207,0,0,0,0,gRNA_CDK19_targ_6489_4233
HDR,0.0,100.0,555,555,31,0,31,0,0,0,31,0,0,31,0,0,0,0,gRNA_CDK19_targ_6489_4233
Reference,59.01639344,40.98360656,555,555,244,144,100,0,0,1,99,0,1,99,0,0,0,0,gRNA_CDK19_targ_6489_4234
HDR,1.98675497,98.01324503,555,555,151,3,148,0,0,0,148,0,0,148,0,0,0,0,gRNA_CDK19_targ_6489_4234
Reference,40.90909091,59.09090909,555,555,352,144,208,0,0,1,207,0,1,207,0,0,0,0,gRNA_CDK19_targ_6489_4235
HDR,15.5,84.5,555,555,200,31,169,0,0,0,169,0,0,169,0,0,0,0,gRNA_CDK19_targ_6489_4235
Reference,57.96766744,42.03233256,447,447,433,251,182,0,0,0,182,0,0,182,0,0,0,0,gRNA_CDK19_targ_6490_4236
HDR,0.0,100.0,447,447,13,0,13,0,0,0,13,0,0,13,0,0,0,0,gRNA_CDK19_targ_6490_4236
Reference,97.28682171,2.71317829,447,447,258,251,7,0,0,0,7,0,0,7,0,0,0,0,gRNA_CDK19_targ_6490_4237
HDR,0.0,100.0,447,447,187,0,187,0,0,0,187,0,0,187,0,0,0,0,gRNA_CDK19_targ_6490_4237
Reference,96.53846154,3.46153846,447,447,260,251,9,0,0,0,9,0,0,9,0,0,0,0,gRNA_CDK19_targ_6490_4238
HDR,0.0,100.0,447,447,186,0,186,0,0,0,186,0,0,186,0,0,0,0,gRNA_CDK19_targ_6490_4238
Reference,96.91119691,3.08880309,447,447,259,251,8,0,0,0,8,0,0,8,0,0,0,0,gRNA_CDK19_targ_6490_4239
HDR,0.0,100.0,447,447,14,0,14,0,0,0,14,0,0,14,0,0,0,0,gRNA_CDK19_targ_6490_4239
Reference,96.53846154,3.46153846,447,447,260,251,9,0,0,0,9,0,0,9,0,0,0,0,gRNA_CDK19_targ_6490_4240
HDR,0.0,100.0,447,447,13,0,13,0,0,0,13,0,0,13,0,0,0,0,gRNA_CDK19_targ_6490_4240
Reference,96.53846154,3.46153846,447,447,260,251,9,0,0,0,9,0,0,9,0,0,0,0,gRNA_CDK19_targ_6490_4241
HDR,91.44385027,8.55614973,447,447,187,171,16,0,0,0,16,0,0,16,0,0,0,0,gRNA_CDK19_targ_6490_4241
Reference,96.91119691,3.08880309,447,447,259,251,8,0,0,0,8,0,0,8,0,0,0,0,gRNA_CDK19_targ_6490_4242
HDR,5.91397849,94.08602151,447,447,186,11,175,0,0,0,175,0,0,175,0,0,0,0,gRNA_CDK19_targ_6490_4242
Reference,84.27947598,15.72052402,797,796,229,193,36,0,0,0,36,0,0,36,0,0,0,0,gRNA_CDK19_targ_6491_4243
HDR,0.17730496,99.82269504,797,796,564,1,563,0,0,0,563,0,0,563,0,0,0,0,gRNA_CDK19_targ_6491_4243
Reference,62.22222222,37.77777778,1461,1461,585,364,221,0,0,0,221,0,0,221,0,0,0,0,gRNA_CDK19_targ_6492_4244
HDR,85.14285714,14.85714286,1461,1461,875,745,130,0,0,0,130,0,0,130,0,0,0,0,gRNA_CDK19_targ_6492_4244
Reference,46.06741573,53.93258427,3636,3636,178,82,96,0,95,0,1,95,0,1,0,0,0,0,gRNA_CDK19_targ_6493_4245
HDR,0.05790388,99.94209612,3636,3636,3454,2,3452,0,0,1,3451,0,1,3451,0,0,0,0,gRNA_CDK19_targ_6493_4245
Reference,45.55555556,54.44444444,3636,3636,180,82,98,0,95,0,3,95,0,3,0,0,0,0,gRNA_CDK19_targ_6493_4246
HDR,0.0,100.0,3636,3636,3354,0,3354,0,0,0,3354,0,0,3354,0,0,0,0,gRNA_CDK19_targ_6493_4246
Reference,46.06741573,53.93258427,3636,3636,178,82,96,0,95,0,1,95,0,1,0,0,0,0,gRNA_CDK19_targ_6493_4247
HDR,94.93487699,5.06512301,3636,3636,3455,3280,175,0,0,0,175,0,0,175,0,0,0,0,gRNA_CDK19_targ_6493_4247
Reference,7.95562599,92.04437401,5038,5038,3155,251,2904,0,1,3,2903,1,0,2900,0,0,3,0,gRNA_CDK19_targ_6495_4248
HDR,0.0,100.0,5038,5038,1562,0,1562,0,0,1,1562,0,0,1561,0,0,1,0,gRNA_CDK19_targ_6495_4248
Reference,97.28682171,2.71317829,5038,5038,258,251,7,0,0,0,7,0,0,7,0,0,0,0,gRNA_CDK19_targ_6495_4249
HDR,47.97089281,52.02910719,5038,5038,3573,1714,1859,0,0,3,1857,0,2,1856,0,0,1,0,gRNA_CDK19_targ_6495_4249
Reference,18.88638074,81.11361926,5038,5038,1329,251,1078,0,0,1,1078,0,0,1077,0,0,1,0,gRNA_CDK19_targ_6495_4250
HDR,85.93394077,14.06605923,5038,5038,1756,1509,247,0,0,1,246,0,1,246,0,0,0,0,gRNA_CDK19_targ_6495_4250
Reference,4.7277937,95.2722063,1404,1404,1396,66,1330,0,0,2,1329,0,1,1328,0,0,1,0,gRNA_CDK19_targ_6496_4251
HDR,0.0,100.0,1404,1404,7,0,7,0,0,0,7,0,0,7,0,0,0,0,gRNA_CDK19_targ_6496_4251
Reference,10.81967213,89.18032787,1404,1404,610,66,544,0,0,1,543,0,1,543,0,0,0,0,gRNA_CDK19_targ_6496_4252
HDR,1.01010101,98.98989899,1404,1404,693,7,686,0,0,1,686,0,0,685,0,0,1,0,gRNA_CDK19_targ_6496_4252
Reference,37.28813559,62.71186441,1404,1404,177,66,111,0,0,1,110,0,1,110,0,0,0,0,gRNA_CDK19_targ_6496_4253
HDR,29.23076923,70.76923077,1404,1404,975,285,690,0,0,1,690,0,0,689,0,0,1,0,gRNA_CDK19_targ_6496_4253
Reference,9.28270042,90.71729958,1404,1404,711,66,645,0,0,1,644,0,1,644,0,0,0,0,gRNA_CDK19_targ_6496_4254
HDR,0.0,100.0,1404,1404,8,0,8,0,0,0,8,0,0,8,0,0,0,0,gRNA_CDK19_targ_6496_4254
Reference,15.38461538,84.61538462,1404,1404,429,66,363,0,0,1,362,0,1,362,0,0,0,0,gRNA_CDK19_targ_6496_4255
HDR,0.0,100.0,1404,1404,8,0,8,0,0,0,8,0,0,8,0,0,0,0,gRNA_CDK19_targ_6496_4255
Reference,15.71428571,84.28571429,1404,1404,420,66,354,0,0,1,353,0,1,353,0,0,0,0,gRNA_CDK19_targ_6496_4256
HDR,96.93877551,3.06122449,1404,1404,686,665,21,0,0,1,20,0,1,20,0,0,0,0,gRNA_CDK19_targ_6496_4256
Reference,9.19220056,90.80779944,1404,1404,718,66,652,0,0,1,651,0,1,651,0,0,0,0,gRNA_CDK19_targ_6496_4257
HDR,1.02339181,98.97660819,1404,1404,684,7,677,0,0,1,677,0,0,676,0,0,1,0,gRNA_CDK19_targ_6496_4257
Reference,0.06365372,99.93634628,1572,1572,1571,1,1570,0,0,7,1570,0,0,1563,0,0,7,0,gRNA_CDK19_targ_6497_4258
HDR,0.0,100.0,1572,1572,1,0,1,0,0,0,1,0,0,1,0,0,0,0,gRNA_CDK19_targ_6497_4258
Reference,0.20964361,99.79035639,1572,1572,477,1,476,0,0,0,476,0,0,476,0,0,0,0,gRNA_CDK19_targ_6497_4259
HDR,0.0,100.0,1572,1572,760,0,760,0,0,6,760,0,0,754,0,0,6,0,gRNA_CDK19_targ_6497_4259
Reference,0.33557047,99.66442953,1572,1572,298,1,297,0,0,1,297,0,0,296,0,0,1,0,gRNA_CDK19_targ_6497_4260
HDR,25.22796353,74.77203647,1572,1572,987,249,738,0,0,3,738,0,0,735,0,0,3,0,gRNA_CDK19_targ_6497_4260
Reference,0.12315271,99.87684729,1572,1572,812,1,811,0,0,1,811,0,0,810,0,0,1,0,gRNA_CDK19_targ_6497_4261
HDR,0.0,100.0,1572,1572,1,0,1,0,0,0,1,0,0,1,0,0,0,0,gRNA_CDK19_targ_6497_4261
Reference,0.17094017,99.82905983,1572,1572,585,1,584,0,0,4,584,0,0,580,0,0,4,0,gRNA_CDK19_targ_6497_4262
HDR,0.0,100.0,1572,1572,1,0,1,0,0,0,1,0,0,1,0,0,0,0,gRNA_CDK19_targ_6497_4262
Reference,0.28985507,99.71014493,1572,1572,345,1,344,0,0,1,344,0,0,343,0,0,1,0,gRNA_CDK19_targ_6497_4263
HDR,63.53383459,36.46616541,1572,1572,798,507,291,0,0,6,288,0,3,285,0,0,3,0,gRNA_CDK19_targ_6497_4263
Reference,0.12919897,99.87080103,1572,1572,774,1,773,0,0,1,773,0,0,772,0,0,1,0,gRNA_CDK19_targ_6497_4264
HDR,0.19230769,99.80769231,1572,1572,520,1,519,0,0,3,519,0,0,516,0,0,3,0,gRNA_CDK19_targ_6497_4264
Reference,16.24621594,83.75378406,2169,2169,1982,322,1660,0,1,0,1659,1,0,1659,0,0,0,0,gRNA_CDK19_targ_6498_4265
HDR,0.0,100.0,2169,2169,184,0,184,0,0,0,184,0,0,184,0,0,0,0,gRNA_CDK19_targ_6498_4265
Reference,93.60465116,6.39534884,2169,2169,344,322,22,0,1,0,21,1,0,21,0,0,0,0,gRNA_CDK19_targ_6498_4266
HDR,86.35014837,13.64985163,2169,2169,1685,1455,230,0,0,1,229,0,1,229,0,0,0,0,gRNA_CDK19_targ_6498_4266
Reference,66.52892562,33.47107438,2169,2169,484,322,162,0,1,0,161,1,0,161,0,0,0,0,gRNA_CDK19_targ_6498_4267
HDR,97.2972973,2.7027027,2169,2169,185,180,5,0,0,0,5,0,0,5,0,0,0,0,gRNA_CDK19_targ_6498_4267
Reference,95.83975347,4.16024653,2179,2179,1298,1244,54,0,0,11,43,0,11,43,0,0,0,0,gRNA_CDK19_targ_6499_4268
HDR,96.69327252,3.30672748,2179,2179,877,848,29,0,0,1,28,0,1,28,0,0,0,0,gRNA_CDK19_targ_6499_4268
Reference,78.5046729,21.4953271,915,915,428,336,92,0,12,2,89,1,2,78,0,11,0,0,gRNA_CDK19_targ_6500_4269
HDR,33.47107438,66.52892562,915,915,484,162,322,0,0,2,320,0,2,320,0,0,0,0,gRNA_CDK19_targ_6500_4269
Reference,97.24663152,2.75336848,4833,4831,1707,1660,47,0,0,0,47,0,0,47,0,0,0,0,gRNA_CDK19_targ_6501_4270
HDR,89.20810313,10.79189687,4833,4831,2715,2422,293,0,0,3,290,0,3,290,0,0,0,0,gRNA_CDK19_targ_6501_4270
Reference,51.76470588,48.23529412,820,820,85,44,41,0,0,0,41,0,0,41,0,0,0,0,gRNA_CDK19_targ_6503_4271
HDR,88.23529412,11.76470588,820,820,663,585,78,0,0,0,78,0,0,78,0,0,0,0,gRNA_CDK19_targ_6503_4271
Reference,5.96205962,94.03794038,820,820,738,44,694,0,0,0,694,0,0,694,0,0,0,0,gRNA_CDK19_targ_6503_4272
HDR,0.0,100.0,820,820,60,0,60,0,0,1,59,0,1,59,0,0,0,0,gRNA_CDK19_targ_6503_4272
Reference,32.35294118,67.64705882,820,820,136,44,92,0,0,0,92,0,0,92,0,0,0,0,gRNA_CDK19_targ_6503_4273
HDR,93.5483871,6.4516129,820,820,62,58,4,0,0,1,3,0,1,3,0,0,0,0,gRNA_CDK19_targ_6503_4273
Reference,6.43236074,93.56763926,1598,1598,1508,97,1411,0,92,1,1329,82,0,1318,0,10,1,0,gRNA_CDK19_targ_6504_4274
HDR,0.0,100.0,1598,1598,5,0,5,0,0,0,5,0,0,5,0,0,0,0,gRNA_CDK19_targ_6504_4274
Reference,84.14414414,15.85585586,1370,1370,555,467,88,0,0,81,12,0,76,7,0,0,5,0,gRNA_CDK19_targ_6505_4275
HDR,30.17944535,69.82055465,1370,1370,613,185,428,0,0,0,428,0,0,428,0,0,0,0,gRNA_CDK19_targ_6505_4275
Reference,1.76470588,98.23529412,966,966,170,3,167,0,0,0,167,0,0,167,0,0,0,0,gRNA_CDK19_targ_6506_4276
HDR,43.17585302,56.82414698,966,966,762,329,433,0,7,0,426,7,0,426,0,0,0,0,gRNA_CDK19_targ_6506_4276
Reference,0.54644809,99.45355191,966,966,549,3,546,0,7,0,546,0,0,539,0,7,0,0,gRNA_CDK19_targ_6506_4277
HDR,0.0,100.0,966,966,363,0,363,0,0,0,363,0,0,363,0,0,0,0,gRNA_CDK19_targ_6506_4277
Reference,1.47058824,98.52941176,966,966,204,3,201,0,0,0,201,0,0,201,0,0,0,0,gRNA_CDK19_targ_6506_4278
HDR,76.68269231,23.31730769,966,966,416,319,97,0,0,0,97,0,0,97,0,0,0,0,gRNA_CDK19_targ_6506_4278
Reference,98.52941176,1.47058824,1512,1512,68,67,1,0,0,0,1,0,0,1,0,0,0,0,gRNA_CDK19_targ_6507_4279
HDR,93.12406577,6.87593423,1512,1512,1338,1246,92,0,0,0,92,0,0,92,0,0,0,0,gRNA_CDK19_targ_6507_4279
Reference,98.98989899,1.01010101,1444,1444,99,98,1,0,1,0,0,1,0,0,0,0,0,0,gRNA_CDK19_targ_6508_4280
HDR,68.64261168,31.35738832,1444,1444,1164,799,365,0,0,2,363,0,2,363,0,0,0,0,gRNA_CDK19_targ_6508_4280
Reference,8.96614822,91.03385178,1444,1444,1093,98,995,0,1,165,832,1,162,829,0,0,3,0,gRNA_CDK19_targ_6508_4281
HDR,0.0,100.0,1444,1444,349,0,349,0,0,0,349,0,0,349,0,0,0,0,gRNA_CDK19_targ_6508_4281
Reference,35.12544803,64.87455197,1444,1444,279,98,181,0,1,163,18,1,162,17,0,0,1,0,gRNA_CDK19_targ_6508_4282
HDR,96.58119658,3.41880342,1444,1444,351,339,12,0,0,0,12,0,0,12,0,0,0,0,gRNA_CDK19_targ_6508_4282
Reference,60.32315978,39.67684022,1587,1587,557,336,221,0,213,1,19,201,1,7,0,12,0,0,gRNA_CDK19_targ_6509_4283
HDR,28.60147213,71.39852787,1587,1587,951,272,679,0,1,1,678,1,0,677,0,0,1,0,gRNA_CDK19_targ_6509_4283
Reference,50.75528701,49.24471299,1587,1587,662,336,326,0,12,2,314,11,1,312,0,1,1,0,gRNA_CDK19_targ_6509_4284
HDR,0.17064846,99.82935154,1587,1587,586,1,585,0,0,0,585,0,0,585,0,0,0,0,gRNA_CDK19_targ_6509_4284
Reference,57.33788396,42.66211604,1587,1587,586,336,250,0,213,1,48,201,1,36,0,12,0,0,gRNA_CDK19_targ_6509_4285
HDR,72.16066482,27.83933518,1587,1587,722,521,201,0,1,0,200,1,0,200,0,0,0,0,gRNA_CDK19_targ_6509_4285
Reference,97.83549784,2.16450216,1144,1143,231,226,5,0,1,0,5,0,0,4,0,1,0,0,gRNA_CDK19_targ_6510_4286
HDR,23.47826087,76.52173913,1144,1143,460,108,352,0,33,32,352,0,0,319,0,1,0,32,gRNA_CDK19_targ_6510_4286
Reference,100.0,0.0,1216,1216,26,26,0,0,0,0,0,0,0,0,0,0,0,0,gRNA_CDK19_targ_6511_4287
HDR,97.37945493,2.62054507,1216,1216,954,929,25,0,0,0,25,0,0,25,0,0,0,0,gRNA_CDK19_targ_6511_4287
Reference,98.08917197,1.91082803,724,724,157,154,3,0,0,0,3,0,0,3,0,0,0,0,gRNA_CDK19_targ_6514_4288
HDR,77.97513321,22.02486679,724,724,563,439,124,0,0,0,124,0,0,124,0,0,0,0,gRNA_CDK19_targ_6514_4288
Reference,77.68817204,22.31182796,1694,1694,744,578,166,0,0,0,166,0,0,166,0,0,0,0,gRNA_CDK19_targ_6515_4289
HDR,86.30136986,13.69863014,1694,1694,876,756,120,0,0,0,120,0,0,120,0,0,0,0,gRNA_CDK19_targ_6515_4289
Reference,38.25281271,61.74718729,1694,1694,1511,578,933,0,0,0,933,0,0,933,0,0,0,0,gRNA_CDK19_targ_6515_4290
HDR,0.0,100.0,1694,1694,167,0,167,0,0,0,167,0,0,167,0,0,0,0,gRNA_CDK19_targ_6515_4290
Reference,84.75073314,15.24926686,1694,1694,682,578,104,0,0,0,104,0,0,104,0,0,0,0,gRNA_CDK19_targ_6515_4291
HDR,96.875,3.125,1694,1694,32,31,1,0,0,0,1,0,0,1,0,0,0,0,gRNA_CDK19_targ_6515_4291
Reference,19.96732026,80.03267974,3431,3125,3060,611,2449,0,0,15,2448,0,1,2434,0,0,14,0,gRNA_CDK19_targ_6516_4292
HDR,0.0,100.0,3431,3125,53,0,53,0,0,48,9,0,44,5,0,0,4,0,gRNA_CDK19_targ_6516_4292
Reference,29.32432432,70.67567568,847,846,740,217,523,0,12,69,520,1,2,442,0,11,67,0,gRNA_CDK19_targ_6517_4293
HDR,0.0,100.0,847,846,101,0,101,0,0,0,101,0,0,101,0,0,0,0,gRNA_CDK19_targ_6517_4293
Reference,13.29639889,86.70360111,1832,1747,722,96,626,0,4,0,626,0,0,622,0,4,0,0,gRNA_CDK19_targ_6518_4294
HDR,0.0,100.0,1832,1747,891,0,891,0,0,0,891,0,0,891,0,0,0,0,gRNA_CDK19_targ_6518_4294
Reference,96.96969697,3.03030303,1832,1747,99,96,3,0,0,0,3,0,0,3,0,0,0,0,gRNA_CDK19_targ_6518_4295
HDR,15.07870754,84.92129246,1832,1747,1207,182,1025,0,4,0,1021,4,0,1021,0,0,0,0,gRNA_CDK19_targ_6518_4295
Reference,96.0,4.0,1832,1747,100,96,4,0,0,0,4,0,0,4,0,0,0,0,gRNA_CDK19_targ_6518_4296
HDR,20.8984375,79.1015625,1832,1747,1024,214,810,0,0,0,810,0,0,810,0,0,0,0,gRNA_CDK19_targ_6518_4296
Reference,50.47258979,49.52741021,1120,1120,529,267,262,0,0,0,262,0,0,262,0,0,0,0,gRNA_CDK19_targ_6519_4297
HDR,0.0,100.0,1120,1120,515,0,515,0,0,0,515,0,0,515,0,0,0,0,gRNA_CDK19_targ_6519_4297
Reference,96.73913043,3.26086957,1120,1120,276,267,9,0,0,0,9,0,0,9,0,0,0,0,gRNA_CDK19_targ_6519_4298
HDR,0.0,100.0,1120,1120,592,0,592,0,0,4,592,0,0,588,0,0,4,0,gRNA_CDK19_targ_6519_4298
Reference,50.56818182,49.43181818,1120,1120,528,267,261,0,0,0,261,0,0,261,0,0,0,0,gRNA_CDK19_targ_6519_4299
HDR,17.59729272,82.40270728,1120,1120,591,104,487,0,0,4,487,0,0,483,0,0,4,0,gRNA_CDK19_targ_6519_4299
Reference,58.15899582,41.84100418,338,338,239,139,100,0,0,0,100,0,0,100,0,0,0,0,gRNA_CDK19_targ_6520_4300
HDR,12.12121212,87.87878788,338,338,99,12,87,0,0,0,87,0,0,87,0,0,0,0,gRNA_CDK19_targ_6520_4300
Reference,57.67634855,42.32365145,338,338,241,139,102,0,0,0,102,0,0,102,0,0,0,0,gRNA_CDK19_targ_6520_4301
HDR,1.04166667,98.95833333,338,338,96,1,95,0,0,0,95,0,0,95,0,0,0,0,gRNA_CDK19_targ_6520_4301
Reference,89.67741935,10.32258065,338,338,155,139,16,0,0,0,16,0,0,16,0,0,0,0,gRNA_CDK19_targ_6520_4302
HDR,3.27868852,96.72131148,338,338,183,6,177,0,0,0,177,0,0,177,0,0,0,0,gRNA_CDK19_targ_6520_4302
Reference,94.55782313,5.44217687,338,338,147,139,8,0,0,0,8,0,0,8,0,0,0,0,gRNA_CDK19_targ_6520_4303
HDR,0.0,100.0,338,338,4,0,4,0,0,0,4,0,0,4,0,0,0,0,gRNA_CDK19_targ_6520_4303
Reference,97.88732394,2.11267606,338,338,142,139,3,0,0,0,3,0,0,3,0,0,0,0,gRNA_CDK19_targ_6520_4304
HDR,91.86046512,8.13953488,338,338,86,79,7,0,0,0,7,0,0,7,0,0,0,0,gRNA_CDK19_targ_6520_4304
Reference,90.25974026,9.74025974,338,338,154,139,15,0,0,0,15,0,0,15,0,0,0,0,gRNA_CDK19_targ_6520_4305
HDR,93.68421053,6.31578947,338,338,95,89,6,0,0,0,6,0,0,6,0,0,0,0,gRNA_CDK19_targ_6520_4305
Reference,86.33540373,13.66459627,338,338,161,139,22,0,0,0,22,0,0,22,0,0,0,0,gRNA_CDK19_targ_6520_4306
HDR,1.69491525,98.30508475,338,338,177,3,174,0,0,0,174,0,0,174,0,0,0,0,gRNA_CDK19_targ_6520_4306
Reference,52.23214286,47.76785714,905,862,224,117,107,0,1,0,106,1,0,106,0,0,0,0,gRNA_CDK19_targ_6521_4307
HDR,63.85809313,36.14190687,905,862,451,288,163,0,0,0,163,0,0,163,0,0,0,0,gRNA_CDK19_targ_6521_4307
Reference,,,435,435,0,0,0,0,0,0,0,0,0,0,0,0,0,0,gRNA_CDK19_targ_6522_4308
HDR,96.94835681,3.05164319,435,435,426,413,13,0,0,0,13,0,0,13,0,0,0,0,gRNA_CDK19_targ_6522_4308
Reference,,,293,293,0,0,0,0,0,0,0,0,0,0,0,0,0,0,gRNA_CDK19_targ_6524_4309
HDR,98.53658537,1.46341463,293,293,205,202,3,0,0,0,3,0,0,3,0,0,0,0,gRNA_CDK19_targ_6524_4309
Reference,99.05660377,0.94339623,298,263,106,105,1,0,0,0,1,0,0,1,0,0,0,0,gRNA_CDK19_targ_6525_4310
HDR,98.70967742,1.29032258,298,263,155,153,2,0,0,0,2,0,0,2,0,0,0,0,gRNA_CDK19_targ_6525_4310
Reference,47.84580499,52.15419501,2223,2222,441,211,230,0,0,0,230,0,0,230,0,0,0,0,gRNA_CDK19_targ_6526_4311
HDR,90.93959732,9.06040268,2223,2222,1192,1084,108,0,1,0,107,1,0,107,0,0,0,0,gRNA_CDK19_targ_6526_4311
Reference,28.5151856,71.4848144,2632,2631,1778,507,1271,0,62,0,1209,62,0,1209,0,0,0,0,gRNA_CDK19_targ_6527_4312
HDR,30.94117647,69.05882353,2632,2631,850,263,587,0,0,0,587,0,0,587,0,0,0,0,gRNA_CDK19_targ_6527_4312
Reference,0.5785124,99.4214876,4513,4510,1210,7,1203,0,0,2,1203,0,0,1201,0,0,2,0,gRNA_CDK19_targ_6528_4313
HDR,7.77488614,92.22511386,4513,4510,3074,239,2835,0,0,1,2835,0,0,2834,0,0,1,0,gRNA_CDK19_targ_6528_4313
Reference,0.82644628,99.17355372,2094,2094,242,2,240,0,0,2,239,0,1,238,0,0,1,0,gRNA_CDK19_targ_6529_4314
HDR,0.1080497,99.8919503,2094,2094,1851,2,1849,0,454,0,1849,0,0,1395,0,454,0,0,gRNA_CDK19_targ_6529_4314
Reference,0.19512195,99.80487805,2094,2094,1025,2,1023,0,0,1,1022,0,1,1022,0,0,0,0,gRNA_CDK19_targ_6529_4315
HDR,0.16750419,99.83249581,2094,2094,597,1,596,0,3,1,596,0,0,592,0,3,1,0,gRNA_CDK19_targ_6529_4315
Reference,0.84745763,99.15254237,2094,2094,236,2,234,0,0,0,234,0,0,234,0,0,0,0,gRNA_CDK19_targ_6529_4316
HDR,0.0,100.0,2094,2094,1624,0,1624,0,454,1,1624,0,0,1169,0,454,1,0,gRNA_CDK19_targ_6529_4316
Reference,40.0,60.0,2094,2094,5,2,3,0,0,1,2,0,1,2,0,0,0,0,gRNA_CDK19_targ_6529_4317
HDR,27.50301568,72.49698432,2094,2094,829,228,601,0,453,0,601,0,0,148,0,453,0,0,gRNA_CDK19_targ_6529_4317
Reference,50.0,50.0,2094,2094,4,2,2,0,0,1,1,0,1,1,0,0,0,0,gRNA_CDK19_targ_6529_4318
HDR,29.66625464,70.33374536,2094,2094,1618,480,1138,0,454,0,741,397,0,684,0,57,0,0,gRNA_CDK19_targ_6529_4318
Reference,0.84033613,99.15966387,2094,2094,238,2,236,0,0,1,235,0,1,235,0,0,0,0,gRNA_CDK19_targ_6529_4319
HDR,27.83751493,72.16248507,2094,2094,837,233,604,0,454,1,603,0,1,149,0,454,0,0,gRNA_CDK19_targ_6529_4319
Reference,28.57142857,71.42857143,2094,2094,7,2,5,0,0,1,4,0,1,4,0,0,0,0,gRNA_CDK19_targ_6529_4320
HDR,4.9622438,95.0377562,2094,2094,1854,92,1762,0,454,1,1365,397,0,1307,0,57,1,0,gRNA_CDK19_targ_6529_4320
Reference,13.60665478,86.39334522,2682,2682,1683,229,1454,0,3,1,1453,1,0,1450,0,2,1,0,gRNA_CDK19_targ_6530_4321
HDR,0.0,100.0,2682,2682,915,0,915,0,0,0,915,0,0,915,0,0,0,0,gRNA_CDK19_targ_6530_4321
Reference,22.01923077,77.98076923,2682,2682,1040,229,811,0,2,0,810,1,0,809,0,1,0,0,gRNA_CDK19_targ_6530_4322
HDR,0.06915629,99.93084371,2682,2682,1446,1,1445,0,0,0,1445,0,0,1445,0,0,0,0,gRNA_CDK19_targ_6530_4322
Reference,90.15748031,9.84251969,2682,2682,254,229,25,0,1,0,25,0,0,24,0,1,0,0,gRNA_CDK19_targ_6530_4323
HDR,18.81903144,81.18096856,2682,2682,2354,443,1911,0,0,1,1911,0,0,1910,0,0,1,0,gRNA_CDK19_targ_6530_4323
Reference,10.29213483,89.70786517,2682,2682,2225,229,1996,0,3,0,1995,1,0,1993,0,2,0,0,gRNA_CDK19_targ_6530_4324
HDR,0.0,100.0,2682,2682,451,0,451,0,0,1,451,0,0,450,0,0,1,0,gRNA_CDK19_targ_6530_4324
Reference,21.02846648,78.97153352,2682,2682,1089,229,860,0,3,1,859,1,0,856,0,2,1,0,gRNA_CDK19_targ_6530_4325
HDR,0.0,100.0,2682,2682,851,0,851,0,0,0,851,0,0,851,0,0,0,0,gRNA_CDK19_targ_6530_4325
Reference,70.67901235,29.32098765,2682,2682,324,229,95,0,3,0,94,1,0,92,0,2,0,0,gRNA_CDK19_targ_6530_4326
HDR,14.27135678,85.72864322,2682,2682,995,142,853,0,0,0,853,0,0,853,0,0,0,0,gRNA_CDK19_targ_6530_4326
Reference,15.48343475,84.51656525,2682,2682,1479,229,1250,0,3,0,1249,1,0,1247,0,2,0,0,gRNA_CDK19_targ_6530_4327
HDR,0.0,100.0,2682,2682,165,0,165,0,0,0,165,0,0,165,0,0,0,0,gRNA_CDK19_targ_6530_4327
Reference,75.57755776,24.42244224,2682,2682,303,229,74,0,3,0,73,1,0,71,0,2,0,0,gRNA_CDK19_targ_6530_4328
HDR,26.1433869,73.8566131,2682,2682,1618,423,1195,0,0,1,1195,0,0,1194,0,0,1,0,gRNA_CDK19_targ_6530_4328
Reference,20.95150961,79.04849039,2682,2682,1093,229,864,0,3,0,863,1,0,861,0,2,0,0,gRNA_CDK19_targ_6530_4329
HDR,0.0,100.0,2682,2682,311,0,311,0,0,1,311,0,0,310,0,0,1,0,gRNA_CDK19_targ_6530_4329
Reference,70.24539877,29.75460123,2682,2682,326,229,97,0,3,0,96,1,0,94,0,2,0,0,gRNA_CDK19_targ_6530_4330
HDR,29.97811816,70.02188184,2682,2682,457,137,320,0,0,1,320,0,0,319,0,0,1,0,gRNA_CDK19_targ_6530_4330
Reference,25.0,75.0,2682,2682,916,229,687,0,3,0,686,1,0,684,0,2,0,0,gRNA_CDK19_targ_6530_4331
HDR,37.65903308,62.34096692,2682,2682,1572,592,980,0,0,0,980,0,0,980,0,0,0,0,gRNA_CDK19_targ_6530_4331
Reference,13.59050445,86.40949555,2682,2682,1685,229,1456,0,3,0,1455,1,0,1453,0,2,0,0,gRNA_CDK19_targ_6530_4332
HDR,0.0,100.0,2682,2682,913,0,913,0,0,0,913,0,0,913,0,0,0,0,gRNA_CDK19_targ_6530_4332
Reference,16.42754663,83.57245337,2682,2682,1394,229,1165,0,3,0,1164,1,0,1162,0,2,0,0,gRNA_CDK19_targ_6530_4333
HDR,0.0,100.0,2682,2682,1198,0,1198,0,0,0,1198,0,0,1198,0,0,0,0,gRNA_CDK19_targ_6530_4333
Reference,24.94553377,75.05446623,2682,2682,918,229,689,0,3,0,688,1,0,686,0,2,0,0,gRNA_CDK19_targ_6530_4334
HDR,8.9342693,91.0657307,2682,2682,1567,140,1427,0,0,1,1427,0,0,1426,0,0,1,0,gRNA_CDK19_targ_6530_4334
Reference,23.65702479,76.34297521,2682,2682,968,229,739,0,3,0,738,1,0,736,0,2,0,0,gRNA_CDK19_targ_6530_4335
HDR,15.69416499,84.30583501,2682,2682,994,156,838,0,0,0,838,0,0,838,0,0,0,0,gRNA_CDK19_targ_6530_4335
Reference,14.3030303,85.6969697,1052,1052,825,118,707,0,1,0,706,1,0,706,0,0,0,0,gRNA_CDK19_targ_6535_4336
HDR,0.0,100.0,1052,1052,201,0,201,0,0,0,201,0,0,201,0,0,0,0,gRNA_CDK19_targ_6535_4336
Reference,21.875,78.125,951,951,480,105,375,0,2,0,373,2,0,373,0,0,0,0,gRNA_CDK19_targ_6536_4337
HDR,0.0,100.0,951,951,423,0,423,0,0,0,423,0,0,423,0,0,0,0,gRNA_CDK19_targ_6536_4337
Reference,100.0,0.0,951,951,105,105,0,0,0,0,0,0,0,0,0,0,0,0,gRNA_CDK19_targ_6536_4338
HDR,5.96252129,94.03747871,951,951,587,35,552,0,0,0,552,0,0,552,0,0,0,0,gRNA_CDK19_targ_6536_4338
Reference,33.2278481,66.7721519,951,951,316,105,211,0,2,0,209,2,0,209,0,0,0,0,gRNA_CDK19_targ_6536_4339
HDR,48.46335697,51.53664303,951,951,423,205,218,0,0,0,218,0,0,218,0,0,0,0,gRNA_CDK19_targ_6536_4339
Reference,14.03785489,85.96214511,1271,1271,1268,178,1090,0,0,0,1090,0,0,1090,0,0,0,0,gRNA_CDK19_targ_6542_4340
HDR,,,1271,1271,0,0,0,0,0,0,0,0,0,0,0,0,0,0,gRNA_CDK19_targ_6542_4340
Reference,97.26775956,2.73224044,1271,1271,183,178,5,0,0,0,5,0,0,5,0,0,0,0,gRNA_CDK19_targ_6542_4341
HDR,97.51838235,2.48161765,1271,1271,1088,1061,27,0,0,0,27,0,0,27,0,0,0,0,gRNA_CDK19_targ_6542_4341
Reference,97.26775956,2.73224044,1271,1271,183,178,5,0,0,0,5,0,0,5,0,0,0,0,gRNA_CDK19_targ_6542_4342
HDR,0.0,100.0,1271,1271,2,0,2,0,0,0,2,0,0,2,0,0,0,0,gRNA_CDK19_targ_6542_4342
Reference,100.0,0.0,719,719,1,1,0,0,0,0,0,0,0,0,0,0,0,0,gRNA_CDK19_targ_6543_4343
HDR,95.70707071,4.29292929,719,719,396,379,17,0,0,0,17,0,0,17,0,0,0,0,gRNA_CDK19_targ_6543_4343
Reference,100.0,0.0,727,727,1,1,0,0,0,0,0,0,0,0,0,0,0,0,gRNA_CDK19_targ_6544_4344
HDR,72.59259259,27.40740741,727,727,540,392,148,0,0,0,148,0,0,148,0,0,0,0,gRNA_CDK19_targ_6544_4344
Reference,1.26582278,98.73417722,542,542,79,1,78,0,0,0,78,0,0,78,0,0,0,0,gRNA_CDK19_targ_6545_4345
HDR,96.09544469,3.90455531,542,542,461,443,18,0,0,0,18,0,0,18,0,0,0,0,gRNA_CDK19_targ_6545_4345
Reference,97.04016913,2.95983087,717,717,473,459,14,0,0,0,14,0,0,14,0,0,0,0,gRNA_CDK19_targ_6546_4346
HDR,95.43568465,4.56431535,717,717,241,230,11,0,0,0,11,0,0,11,0,0,0,0,gRNA_CDK19_targ_6546_4346
Reference,79.92998833,20.07001167,1223,1223,857,685,172,0,0,0,172,0,0,172,0,0,0,0,gRNA_CDK19_targ_6547_4347
HDR,98.80478088,1.19521912,1223,1223,251,248,3,0,0,0,3,0,0,3,0,0,0,0,gRNA_CDK19_targ_6547_4347
Reference,98.26732673,1.73267327,1215,1215,1212,1191,21,0,0,0,21,0,0,21,0,0,0,0,gRNA_CDK19_targ_6551_4348
HDR,,,1215,1215,0,0,0,0,0,0,0,0,0,0,0,0,0,0,gRNA_CDK19_targ_6551_4348
Reference,0.47923323,99.52076677,819,819,626,3,623,0,0,1,623,0,0,622,0,0,1,0,gRNA_CDK19_targ_6553_4349
HDR,0.0,100.0,819,819,189,0,189,0,0,0,189,0,0,189,0,0,0,0,gRNA_CDK19_targ_6553_4349
Reference,75.0,25.0,819,819,4,3,1,0,0,0,1,0,0,1,0,0,0,0,gRNA_CDK19_targ_6553_4350
HDR,0.15037594,99.84962406,819,819,665,1,664,0,0,2,663,0,1,662,0,0,1,0,gRNA_CDK19_targ_6553_4350
Reference,1.96078431,98.03921569,819,819,153,3,150,0,0,0,150,0,0,150,0,0,0,0,gRNA_CDK19_targ_6553_4351
HDR,0.15037594,99.84962406,819,819,665,1,664,0,0,2,663,0,1,662,0,0,1,0,gRNA_CDK19_targ_6553_4351
Reference,1.94805195,98.05194805,819,819,154,3,151,0,0,0,151,0,0,151,0,0,0,0,gRNA_CDK19_targ_6553_4352
HDR,0.0,100.0,819,819,192,0,192,0,0,0,192,0,0,192,0,0,0,0,gRNA_CDK19_targ_6553_4352
Reference,1.94805195,98.05194805,819,819,154,3,151,0,0,0,151,0,0,151,0,0,0,0,gRNA_CDK19_targ_6553_4353
HDR,0.0,100.0,819,819,193,0,193,0,0,1,192,0,1,192,0,0,0,0,gRNA_CDK19_targ_6553_4353
Reference,1.97368421,98.02631579,819,819,152,3,149,0,0,0,149,0,0,149,0,0,0,0,gRNA_CDK19_targ_6553_4354
HDR,33.28313253,66.71686747,819,819,664,221,443,0,0,2,441,0,2,441,0,0,0,0,gRNA_CDK19_targ_6553_4354
Reference,1.93548387,98.06451613,819,819,155,3,152,0,0,0,152,0,0,152,0,0,0,0,gRNA_CDK19_targ_6553_4355
HDR,27.75263952,72.24736048,819,819,663,184,479,0,0,1,479,0,0,478,0,0,1,0,gRNA_CDK19_targ_6553_4355
Reference,21.8902241,78.1097759,3382,3382,3079,674,2405,0,9,0,2397,8,0,2396,0,1,0,0,gRNA_CDK19_targ_6554_4356
HDR,0.0,100.0,3382,3382,296,0,296,0,0,0,296,0,0,296,0,0,0,0,gRNA_CDK19_targ_6554_4356
Reference,91.95088677,8.04911323,3382,3382,733,674,59,0,9,0,51,8,0,50,0,1,0,0,gRNA_CDK19_targ_6554_4357
HDR,81.1965812,18.8034188,3382,3382,2574,2090,484,0,0,0,484,0,0,484,0,0,0,0,gRNA_CDK19_targ_6554_4357
Reference,83.51920694,16.48079306,3382,3382,807,674,133,0,9,0,125,8,0,124,0,1,0,0,gRNA_CDK19_targ_6554_4358
HDR,96.33333333,3.66666667,3382,3382,300,289,11,0,0,0,11,0,0,11,0,0,0,0,gRNA_CDK19_targ_6554_4358
Reference,96.45454545,3.54545455,3997,3997,3300,3183,117,0,0,3,114,0,3,114,0,0,0,0,gRNA_CDK19_targ_6555_4359
HDR,64.21207658,35.78792342,3997,3997,679,436,243,0,0,0,243,0,0,243,0,0,0,0,gRNA_CDK19_targ_6555_4359
Reference,83.74112076,16.25887924,3997,3997,3801,3183,618,0,0,3,615,0,3,615,0,0,0,0,gRNA_CDK19_targ_6555_4360
HDR,0.0,100.0,3997,3997,183,0,183,0,0,0,183,0,0,183,0,0,0,0,gRNA_CDK19_targ_6555_4360
Reference,95.93128391,4.06871609,3997,3997,3318,3183,135,0,0,3,132,0,3,132,0,0,0,0,gRNA_CDK19_targ_6555_4361
HDR,0.54054054,99.45945946,3997,3997,185,1,184,0,0,0,184,0,0,184,0,0,0,0,gRNA_CDK19_targ_6555_4361
Reference,9.83889528,90.16110472,2821,2821,1738,171,1567,0,202,2,1415,151,1,1363,0,51,1,0,gRNA_CDK19_targ_6556_4362
HDR,0.18587361,99.81412639,2821,2821,1076,2,1074,0,0,0,1074,0,0,1074,0,0,0,0,gRNA_CDK19_targ_6556_4362
Reference,57.38255034,42.61744966,2821,2821,298,171,127,0,72,0,58,69,0,55,0,3,0,0,gRNA_CDK19_targ_6556_4363
HDR,0.04623209,99.95376791,2821,2821,2163,1,2162,0,1,2,2160,1,1,2159,0,0,1,0,gRNA_CDK19_targ_6556_4363
Reference,32.6959847,67.3040153,2821,2821,523,171,352,0,73,2,281,69,2,277,0,4,0,0,gRNA_CDK19_targ_6556_4364
HDR,39.86988848,60.13011152,2821,2821,1076,429,647,0,1,0,646,1,0,646,0,0,0,0,gRNA_CDK19_targ_6556_4364
Reference,29.14798206,70.85201794,1142,1116,892,260,632,0,2,1,629,2,1,629,0,0,0,0,gRNA_CDK19_targ_6557_4365
HDR,0.0,100.0,1142,1116,222,0,222,0,0,0,222,0,0,222,0,0,0,0,gRNA_CDK19_targ_6557_4365
Reference,96.65427509,3.34572491,1142,1116,269,260,9,0,2,0,7,2,0,7,0,0,0,0,gRNA_CDK19_targ_6557_4366
HDR,34.63819692,65.36180308,1142,1116,843,292,551,0,0,0,551,0,0,551,0,0,0,0,gRNA_CDK19_targ_6557_4366
Reference,96.2962963,3.7037037,1142,1116,270,260,10,0,2,1,7,2,1,7,0,0,0,0,gRNA_CDK19_targ_6557_4367
HDR,50.44642857,49.55357143,1142,1116,224,113,111,0,0,0,111,0,0,111,0,0,0,0,gRNA_CDK19_targ_6557_4367
Reference,6.91921144,93.08078856,4022,4020,2587,179,2408,0,174,2,2254,153,1,2232,0,21,1,0,gRNA_CDK19_targ_6558_4368
HDR,0.0,100.0,4022,4020,1061,0,1061,0,0,0,1061,0,0,1061,0,0,0,0,gRNA_CDK19_targ_6558_4368
Reference,20.62211982,79.37788018,4022,4020,868,179,689,0,173,2,535,153,1,514,0,20,1,0,gRNA_CDK19_targ_6558_4369
HDR,0.10033445,99.89966555,4022,4020,2990,3,2987,0,0,1,2987,0,0,2986,0,0,1,0,gRNA_CDK19_targ_6558_4369
Reference,20.66974596,79.33025404,4022,4020,866,179,687,0,174,2,533,153,1,511,0,21,1,0,gRNA_CDK19_targ_6558_4370
HDR,18.58490566,81.41509434,4022,4020,1060,197,863,0,0,0,863,0,0,863,0,0,0,0,gRNA_CDK19_targ_6558_4370
Reference,17.87222809,82.12777191,3813,3811,3788,677,3111,0,1,2,3109,1,1,3108,0,0,1,0,gRNA_CDK19_targ_6559_4371
HDR,15.38461538,84.61538462,3813,3811,13,2,11,0,0,0,11,0,0,11,0,0,0,0,gRNA_CDK19_targ_6559_4371
Reference,56.51085142,43.48914858,3813,3811,1198,677,521,0,1,2,519,1,1,518,0,0,1,0,gRNA_CDK19_targ_6559_4372
HDR,31.47792706,68.52207294,3813,3811,2605,820,1785,0,0,2,1785,0,0,1783,0,0,2,0,gRNA_CDK19_targ_6559_4372
Reference,56.27597672,43.72402328,3813,3811,1203,677,526,0,1,2,524,1,1,523,0,0,1,0,gRNA_CDK19_targ_6559_4373
HDR,0.0,100.0,3813,3811,17,0,17,0,0,0,17,0,0,17,0,0,0,0,gRNA_CDK19_targ_6559_4373
Reference,95.76271186,4.23728814,1901,1901,118,113,5,0,0,0,5,0,0,5,0,0,0,0,gRNA_CDK19_targ_6560_4374
HDR,29.43820225,70.56179775,1901,1901,1780,524,1256,0,0,1,1255,0,1,1255,0,0,0,0,gRNA_CDK19_targ_6560_4374
Reference,17.41140216,82.58859784,1901,1901,649,113,536,0,0,0,536,0,0,536,0,0,0,0,gRNA_CDK19_targ_6560_4375
HDR,0.0798722,99.9201278,1901,1901,1252,1,1251,0,0,1,1250,0,1,1250,0,0,0,0,gRNA_CDK19_targ_6560_4375
Reference,97.4137931,2.5862069,1901,1901,116,113,3,0,0,0,3,0,0,3,0,0,0,0,gRNA_CDK19_targ_6560_4376
HDR,83.2,16.8,1901,1901,1250,1040,210,0,0,1,209,0,1,209,0,0,0,0,gRNA_CDK19_targ_6560_4376
Reference,22.17941662,77.82058338,4854,4854,3634,806,2828,0,197,0,2634,194,0,2631,0,3,0,0,gRNA_CDK19_targ_6561_4377
HDR,15.5450237,84.4549763,4854,4854,1055,164,891,0,1,0,890,1,0,890,0,0,0,0,gRNA_CDK19_targ_6561_4377
Reference,46.88772542,53.11227458,4854,4854,1719,806,913,0,199,0,718,195,0,714,0,4,0,0,gRNA_CDK19_targ_6561_4378
HDR,53.75914837,46.24085163,4854,4854,3006,1616,1390,0,0,0,1390,0,0,1390,0,0,0,0,gRNA_CDK19_targ_6561_4378
Reference,63.56466877,36.43533123,4854,4854,1268,806,462,0,198,0,267,195,0,264,0,3,0,0,gRNA_CDK19_targ_6561_4379
HDR,4.15282392,95.84717608,4854,4854,602,25,577,0,0,0,577,0,0,577,0,0,0,0,gRNA_CDK19_targ_6561_4379
Reference,35.97402597,64.02597403,2445,2275,770,277,493,0,0,1,492,0,1,492,0,0,0,0,gRNA_CDK19_targ_6564_4380
HDR,89.80549966,10.19450034,2445,2275,1491,1339,152,0,0,2,150,0,2,150,0,0,0,0,gRNA_CDK19_targ_6564_4380
Reference,46.40324215,53.59675785,2514,2507,987,458,529,0,0,118,529,0,0,411,0,0,118,0,gRNA_CDK19_targ_6565_4381
HDR,63.56749311,36.43250689,2514,2507,1452,923,529,0,0,0,529,0,0,529,0,0,0,0,gRNA_CDK19_targ_6565_4381
Reference,58.46702317,41.53297683,783,783,561,328,233,0,0,1,233,0,0,232,0,0,1,0,gRNA_CDK19_targ_6566_4382
HDR,17.97235023,82.02764977,783,783,217,39,178,0,0,0,178,0,0,178,0,0,0,0,gRNA_CDK19_targ_6566_4382
Reference,65.42669584,34.57330416,2263,2262,457,299,158,0,13,26,157,1,0,119,0,12,26,0,gRNA_CDK19_targ_6567_4383
HDR,0.16997167,99.83002833,2263,2262,1765,3,1762,0,1,141,1623,1,138,1620,0,0,3,0,gRNA_CDK19_targ_6567_4383
Reference,91.42974866,8.57025134,3617,3617,2427,2219,208,0,0,0,208,0,0,208,0,0,0,0,gRNA_CDK19_targ_6569_4384
HDR,95.81304771,4.18695229,3617,3617,1027,984,43,0,0,0,43,0,0,43,0,0,0,0,gRNA_CDK19_targ_6569_4384
Reference,64.20717593,35.79282407,3617,3617,3456,2219,1237,0,1,0,1236,1,0,1236,0,0,0,0,gRNA_CDK19_targ_6569_4385
HDR,92.02898551,7.97101449,3617,3617,138,127,11,0,0,0,11,0,0,11,0,0,0,0,gRNA_CDK19_targ_6569_4385
Reference,90.42379788,9.57620212,3617,3617,2454,2219,235,0,1,0,234,1,0,234,0,0,0,0,gRNA_CDK19_targ_6569_4386
HDR,20.0,80.0,3617,3617,15,3,12,0,0,0,12,0,0,12,0,0,0,0,gRNA_CDK19_targ_6569_4386
Reference,3.25581395,96.74418605,1039,1039,215,7,208,0,0,0,208,0,0,208,0,0,0,0,gRNA_CDK19_targ_6570_4387
HDR,83.45498783,16.54501217,1039,1039,822,686,136,0,1,0,136,0,0,135,0,1,0,0,gRNA_CDK19_targ_6570_4387
Reference,96.86038744,3.13961256,1621,1504,1497,1450,47,0,0,1,46,0,1,46,0,0,0,0,gRNA_CDK19_targ_6571_4388
HDR,,,1621,1504,0,0,0,0,0,0,0,0,0,0,0,0,0,0,gRNA_CDK19_targ_6571_4388
Reference,96.94656489,3.05343511,1057,1057,131,127,4,0,0,0,4,0,0,4,0,0,0,0,gRNA_CDK19_targ_6572_4389
HDR,92.22972973,7.77027027,1057,1057,888,819,69,0,0,0,69,0,0,69,0,0,0,0,gRNA_CDK19_targ_6572_4389
Reference,5.09031199,94.90968801,1095,1095,609,31,578,0,0,1,578,0,0,577,0,0,1,0,gRNA_CDK19_targ_6573_4390
HDR,97.52066116,2.47933884,1095,1095,484,472,12,0,0,0,12,0,0,12,0,0,0,0,gRNA_CDK19_targ_6573_4390
Reference,3.23253389,96.76746611,1095,1095,959,31,928,0,0,0,928,0,0,928,0,0,0,0,gRNA_CDK19_targ_6573_4391
HDR,96.9924812,3.0075188,1095,1095,133,129,4,0,0,0,4,0,0,4,0,0,0,0,gRNA_CDK19_targ_6573_4391
Reference,6.47181628,93.52818372,1095,1095,479,31,448,0,0,1,448,0,0,447,0,0,1,0,gRNA_CDK19_targ_6573_4392
HDR,25.0,75.0,1095,1095,4,1,3,0,0,0,3,0,0,3,0,0,0,0,gRNA_CDK19_targ_6573_4392
Reference,52.39130435,47.60869565,770,770,460,241,219,0,0,1,218,0,1,218,0,0,0,0,gRNA_CDK19_targ_6574_4393
HDR,7.76699029,92.23300971,770,770,309,24,285,0,0,1,285,0,0,284,0,0,1,0,gRNA_CDK19_targ_6574_4393
Reference,7.79896014,92.20103986,2130,2127,577,45,532,0,257,237,296,1,235,38,0,256,2,0,gRNA_CDK19_targ_6575_4394
HDR,0.0,100.0,2130,2127,1543,0,1543,0,1,163,1543,0,0,1379,0,1,163,0,gRNA_CDK19_targ_6575_4394
Reference,15.57093426,84.42906574,2130,2127,289,45,244,0,1,239,8,1,235,4,0,0,4,0,gRNA_CDK19_targ_6575_4395
HDR,0.07067138,99.92932862,2130,2127,1415,1,1414,0,1,163,1414,0,0,1250,0,1,163,0,gRNA_CDK19_targ_6575_4395
Reference,4.66804979,95.33195021,2130,2127,964,45,919,0,2,240,682,1,236,677,0,1,4,0,gRNA_CDK19_targ_6575_4396
HDR,0.0,100.0,2130,2127,900,0,900,0,1,163,900,0,0,736,0,1,163,0,gRNA_CDK19_targ_6575_4396
Reference,8.21167883,91.78832117,2130,2127,548,45,503,0,257,241,265,1,237,5,0,256,4,0,gRNA_CDK19_targ_6575_4397
HDR,33.18211277,66.81788723,2130,2127,1543,512,1031,0,1,163,877,0,154,867,0,1,9,0,gRNA_CDK19_targ_6575_4397
Reference,8.15217391,91.84782609,2130,2127,552,45,507,0,257,242,268,1,238,8,0,256,4,0,gRNA_CDK19_targ_6575_4398
HDR,0.22909507,99.77090493,2130,2127,873,2,871,0,1,163,717,0,154,707,0,1,9,0,gRNA_CDK19_targ_6575_4398
Reference,7.32899023,92.67100977,2130,2127,614,45,569,0,257,242,330,1,238,70,0,256,4,0,gRNA_CDK19_targ_6575_4399
HDR,3.43300111,96.56699889,2130,2127,903,31,872,0,1,163,718,0,154,708,0,1,9,0,gRNA_CDK19_targ_6575_4399
Reference,8.18181818,91.81818182,2130,2127,550,45,505,0,257,242,266,1,238,6,0,256,4,0,gRNA_CDK19_targ_6575_4400
HDR,39.23127899,60.76872101,2130,2127,1509,592,917,0,1,163,760,1,156,753,0,0,7,0,gRNA_CDK19_targ_6575_4400
Reference,0.0,100.0,2015,1814,125,0,125,0,124,0,16,109,0,1,0,15,0,0,gRNA_CDK19_targ_6576_4401
HDR,0.0,100.0,2015,1814,1683,0,1683,0,194,2,1638,45,0,1487,0,149,2,0,gRNA_CDK19_targ_6576_4401
Reference,0.0,100.0,2015,1814,12,0,12,0,12,0,1,11,0,0,0,1,0,0,gRNA_CDK19_targ_6576_4402
HDR,0.0,100.0,2015,1814,1627,0,1627,0,135,2,1626,1,0,1490,0,134,2,0,gRNA_CDK19_targ_6576_4402
Reference,0.0,100.0,2015,1815,124,0,124,0,123,1,14,109,1,0,0,14,0,0,gRNA_CDK19_targ_6576_4403
HDR,68.72037915,31.27962085,2015,1815,1688,1160,528,0,197,2,481,45,2,329,0,152,0,0,gRNA_CDK19_targ_6576_4403
Reference,29.51807229,70.48192771,818,688,166,49,117,0,114,0,117,0,0,3,0,114,0,0,gRNA_CDK19_targ_6577_4404
HDR,0.0,100.0,818,688,504,0,504,0,1,347,162,0,342,156,0,1,5,0,gRNA_CDK19_targ_6577_4404
Reference,9.81963928,90.18036072,818,687,499,49,450,0,45,345,450,0,0,60,0,45,345,0,gRNA_CDK19_targ_6577_4405
HDR,0.0,100.0,818,687,116,0,116,0,0,0,116,0,0,116,0,0,0,0,gRNA_CDK19_targ_6577_4405
Reference,26.77595628,73.22404372,818,688,183,49,134,0,114,0,134,0,0,20,0,114,0,0,gRNA_CDK19_targ_6577_4406
HDR,5.93220339,94.06779661,818,688,118,7,111,0,0,2,110,0,1,109,0,0,1,0,gRNA_CDK19_targ_6577_4406
Reference,66.66666667,33.33333333,1784,1784,3,2,1,0,0,0,1,0,0,1,0,0,0,0,gRNA_CDK19_targ_6578_4407
HDR,0.0,100.0,1784,1784,1781,0,1781,0,62,3,1781,0,0,1716,0,62,3,0,gRNA_CDK19_targ_6578_4407
Reference,100.0,0.0,1784,1784,2,2,0,0,0,0,0,0,0,0,0,0,0,0,gRNA_CDK19_targ_6578_4408
HDR,0.0,100.0,1784,1784,1691,0,1691,0,62,3,1691,0,0,1626,0,62,3,0,gRNA_CDK19_targ_6578_4408
Reference,66.66666667,33.33333333,1784,1784,3,2,1,0,0,0,1,0,0,1,0,0,0,0,gRNA_CDK19_targ_6578_4409
HDR,64.90735542,35.09264458,1784,1784,1781,1156,625,0,62,3,566,56,3,560,0,6,0,0,gRNA_CDK19_targ_6578_4409
Reference,18.03691275,81.96308725,1616,1458,1192,215,977,0,0,1,976,0,1,976,0,0,0,0,gRNA_CDK19_targ_6579_4410
HDR,0.0,100.0,1616,1458,263,0,263,0,0,0,263,0,0,263,0,0,0,0,gRNA_CDK19_targ_6579_4410
Reference,96.41255605,3.58744395,1616,1458,223,215,8,0,0,1,7,0,1,7,0,0,0,0,gRNA_CDK19_targ_6579_4411
HDR,13.71237458,86.28762542,1616,1458,1196,164,1032,0,0,0,1032,0,0,1032,0,0,0,0,gRNA_CDK19_targ_6579_4411
Reference,40.71969697,59.28030303,1616,1458,528,215,313,0,0,0,313,0,0,313,0,0,0,0,gRNA_CDK19_targ_6579_4412
HDR,0.0,100.0,1616,1458,929,0,929,0,0,0,929,0,0,929,0,0,0,0,gRNA_CDK19_targ_6579_4412
Reference,82.0610687,17.9389313,1616,1458,262,215,47,0,0,1,46,0,1,46,0,0,0,0,gRNA_CDK19_targ_6579_4413
HDR,36.84210526,63.15789474,1616,1458,266,98,168,0,0,0,168,0,0,168,0,0,0,0,gRNA_CDK19_targ_6579_4413
Reference,50.35128806,49.64871194,1616,1458,427,215,212,0,0,1,211,0,1,211,0,0,0,0,gRNA_CDK19_targ_6579_4414
HDR,0.0,100.0,1616,1458,163,0,163,0,0,0,163,0,0,163,0,0,0,0,gRNA_CDK19_targ_6579_4414
Reference,82.69230769,17.30769231,1616,1458,260,215,45,0,0,1,44,0,1,44,0,0,0,0,gRNA_CDK19_targ_6579_4415
HDR,80.19375673,19.80624327,1616,1458,929,745,184,0,0,0,184,0,0,184,0,0,0,0,gRNA_CDK19_targ_6579_4415
Reference,50.46948357,49.53051643,1616,1458,426,215,211,0,0,1,210,0,1,210,0,0,0,0,gRNA_CDK19_targ_6579_4416
HDR,15.54907677,84.45092323,1616,1458,1029,160,869,0,0,0,869,0,0,869,0,0,0,0,gRNA_CDK19_targ_6579_4416
Reference,97.36842105,2.63157895,1754,1754,874,851,23,0,0,0,23,0,0,23,0,0,0,0,gRNA_CDK19_targ_6580_4417
HDR,6.39899624,93.60100376,1754,1754,797,51,746,0,1,8,739,0,7,737,0,1,1,0,gRNA_CDK19_targ_6580_4417
Reference,84.50844091,15.49155909,1754,1754,1007,851,156,0,0,0,156,0,0,156,0,0,0,0,gRNA_CDK19_targ_6580_4418
HDR,0.0,100.0,1754,1754,743,0,743,0,1,8,736,0,7,734,0,1,1,0,gRNA_CDK19_targ_6580_4418
Reference,88.92371996,11.07628004,1754,1754,957,851,106,0,0,0,106,0,0,106,0,0,0,0,gRNA_CDK19_targ_6580_4419
HDR,88.05369128,11.94630872,1754,1754,745,656,89,0,1,8,81,1,7,80,0,0,1,0,gRNA_CDK19_targ_6580_4419
Reference,88.71189774,11.28810226,5473,5473,5085,4511,574,0,0,4,572,0,2,570,0,0,2,0,gRNA_CDK19_targ_6581_4420
HDR,54.54545455,45.45454545,5473,5473,374,204,170,0,0,0,170,0,0,170,0,0,0,0,gRNA_CDK19_targ_6581_4420
Reference,93.08708213,6.91291787,5473,5473,4846,4511,335,0,0,2,333,0,2,333,0,0,0,0,gRNA_CDK19_targ_6581_4421
HDR,28.94736842,71.05263158,5473,5473,608,176,432,0,0,2,432,0,0,430,0,0,2,0,gRNA_CDK19_targ_6581_4421
Reference,85.22576988,14.77423012,5473,5473,5293,4511,782,0,0,4,780,0,2,778,0,0,2,0,gRNA_CDK19_targ_6581_4422
HDR,2.3255814,97.6744186,5473,5473,172,4,168,0,0,0,168,0,0,168,0,0,0,0,gRNA_CDK19_targ_6581_4422
Reference,96.90655209,3.09344791,5473,5473,4655,4511,144,0,0,3,141,0,3,141,0,0,0,0,gRNA_CDK19_targ_6581_4423
HDR,0.0,100.0,5473,5473,165,0,165,0,0,0,165,0,0,165,0,0,0,0,gRNA_CDK19_targ_6581_4423
Reference,88.6073463,11.3926537,5473,5473,5091,4511,580,0,0,5,577,0,3,575,0,0,2,0,gRNA_CDK19_targ_6581_4424
HDR,0.0,100.0,5473,5473,166,0,166,0,0,0,166,0,0,166,0,0,0,0,gRNA_CDK19_targ_6581_4424
Reference,92.79983542,7.20016458,5473,5473,4861,4511,350,0,0,3,347,0,3,347,0,0,0,0,gRNA_CDK19_targ_6581_4425
HDR,2.38095238,97.61904762,5473,5473,168,4,164,0,0,0,164,0,0,164,0,0,0,0,gRNA_CDK19_targ_6581_4425
Reference,85.08110147,14.91889853,5473,5473,5302,4511,791,0,0,5,788,0,3,786,0,0,2,0,gRNA_CDK19_targ_6581_4426
HDR,88.69047619,11.30952381,5473,5473,168,149,19,0,0,0,19,0,0,19,0,0,0,0,gRNA_CDK19_targ_6581_4426
Reference,53.44036697,46.55963303,2110,2110,436,233,203,0,0,1,202,0,1,202,0,0,0,0,gRNA_CDK19_targ_6582_4427
HDR,53.63957597,46.36042403,2110,2110,1415,759,656,0,0,239,423,0,233,417,0,0,6,0,gRNA_CDK19_targ_6582_4427
Reference,63.04675716,36.95324284,3210,3210,663,418,245,0,0,0,245,0,0,245,0,0,0,0,gRNA_CDK19_targ_6583_4428
HDR,43.22869955,56.77130045,3210,3210,2230,964,1266,0,1,4,1263,0,3,1261,0,1,1,0,gRNA_CDK19_targ_6583_4428
Reference,14.15030467,85.84969533,3210,3210,2954,418,2536,0,0,0,2536,0,0,2536,0,0,0,0,gRNA_CDK19_targ_6583_4429
HDR,0.0,100.0,3210,3210,247,0,247,0,0,1,247,0,0,246,0,0,1,0,gRNA_CDK19_targ_6583_4429
Reference,42.69662921,57.30337079,3210,3210,979,418,561,0,0,0,561,0,0,561,0,0,0,0,gRNA_CDK19_targ_6583_4430
HDR,33.86454183,66.13545817,3210,3210,251,85,166,0,1,1,165,0,1,164,0,1,0,0,gRNA_CDK19_targ_6583_4430
Reference,5.93132154,94.06867846,2889,2601,961,57,904,0,22,6,877,21,6,876,0,1,0,0,gRNA_CDK19_targ_6584_4431
HDR,0.0,100.0,2889,2601,1633,0,1633,0,0,1,1633,0,0,1632,0,0,1,0,gRNA_CDK19_targ_6584_4431
Reference,7.9943899,92.0056101,2889,2601,713,57,656,0,22,2,633,21,2,632,0,1,0,0,gRNA_CDK19_targ_6584_4432
HDR,0.0,100.0,2889,2601,1879,0,1879,0,0,1,1879,0,0,1878,0,0,1,0,gRNA_CDK19_targ_6584_4432
Reference,6.84273709,93.15726291,2889,2602,833,57,776,0,22,2,753,21,2,752,0,1,0,0,gRNA_CDK19_targ_6584_4433
HDR,0.05685048,99.94314952,2889,2602,1759,1,1758,0,1,1,1757,1,0,1756,0,0,1,0,gRNA_CDK19_targ_6584_4433
Reference,60.63829787,39.36170213,2889,2601,94,57,37,0,22,2,14,21,2,13,0,1,0,0,gRNA_CDK19_targ_6584_4434
HDR,23.28931573,76.71068427,2889,2601,2499,582,1917,0,0,1,1917,0,0,1916,0,0,1,0,gRNA_CDK19_targ_6584_4434
Reference,8.26086957,91.73913043,2889,2601,690,57,633,0,22,6,606,21,6,605,0,1,0,0,gRNA_CDK19_targ_6584_4435
HDR,0.0,100.0,2889,2601,1607,0,1607,0,0,1,1607,0,0,1606,0,0,1,0,gRNA_CDK19_targ_6584_4435
Reference,8.26086957,91.73913043,2889,2601,690,57,633,0,22,7,605,21,7,604,0,1,0,0,gRNA_CDK19_targ_6584_4436
HDR,0.06729475,99.93270525,2889,2601,1486,1,1485,0,0,1,1485,0,0,1484,0,0,1,0,gRNA_CDK19_targ_6584_4436
Reference,60.63829787,39.36170213,2889,2601,94,57,37,0,22,7,9,21,7,8,0,1,0,0,gRNA_CDK19_targ_6584_4437
HDR,0.98099326,99.01900674,2889,2601,1631,16,1615,0,0,1,1615,0,0,1614,0,0,1,0,gRNA_CDK19_targ_6584_4437
Reference,8.38235294,91.61764706,2889,2602,680,57,623,0,1,3,620,0,3,619,0,1,0,0,gRNA_CDK19_targ_6584_4438
HDR,0.05724098,99.94275902,2889,2602,1747,1,1746,0,1,1,1745,1,0,1744,0,0,1,0,gRNA_CDK19_targ_6584_4438
Reference,63.33333333,36.66666667,2889,2601,90,57,33,0,22,3,9,21,3,8,0,1,0,0,gRNA_CDK19_targ_6584_4439
HDR,0.0,100.0,2889,2601,1875,0,1875,0,0,1,1875,0,0,1874,0,0,1,0,gRNA_CDK19_targ_6584_4439
Reference,65.51724138,34.48275862,2889,2601,87,57,30,0,22,2,7,21,2,6,0,1,0,0,gRNA_CDK19_targ_6584_4440
HDR,0.05704507,99.94295493,2889,2601,1753,1,1752,0,0,1,1752,0,0,1751,0,0,1,0,gRNA_CDK19_targ_6584_4440
Reference,8.3090379,91.6909621,2889,2602,686,57,629,0,1,7,622,0,7,621,0,1,0,0,gRNA_CDK19_targ_6584_4441
HDR,0.21152829,99.78847171,2889,2602,1891,4,1887,0,1,1,1886,1,0,1885,0,0,1,0,gRNA_CDK19_targ_6584_4441
Reference,8.24891462,91.75108538,2889,2601,691,57,634,0,22,7,606,21,7,605,0,1,0,0,gRNA_CDK19_targ_6584_4442
HDR,6.61417323,93.38582677,2889,2601,1905,126,1779,0,0,1,1779,0,0,1778,0,0,1,0,gRNA_CDK19_targ_6584_4442
Reference,8.26086957,91.73913043,2889,2601,690,57,633,0,22,7,605,21,7,604,0,1,0,0,gRNA_CDK19_targ_6584_4443
HDR,0.57712487,99.42287513,2889,2601,1906,11,1895,0,0,1,1894,0,1,1894,0,0,0,0,gRNA_CDK19_targ_6584_4443
Reference,8.11965812,91.88034188,2889,2601,702,57,645,0,22,3,621,21,3,620,0,1,0,0,gRNA_CDK19_targ_6584_4444
HDR,13.90798519,86.09201481,2889,2601,1891,263,1628,0,0,1,1627,0,1,1627,0,0,0,0,gRNA_CDK19_targ_6584_4444
Reference,8.26086957,91.73913043,2889,2601,690,57,633,0,22,7,605,21,7,604,0,1,0,0,gRNA_CDK19_targ_6584_4445
HDR,67.91953415,32.08046585,2889,2601,1889,1283,606,0,0,1,605,0,1,605,0,0,0,0,gRNA_CDK19_targ_6584_4445
Reference,22.39884393,77.60115607,2168,2168,1384,310,1074,0,0,78,1074,0,0,996,0,0,78,0,gRNA_CDK19_targ_6585_4446
HDR,0.0,100.0,2168,2168,736,0,736,0,0,0,736,0,0,736,0,0,0,0,gRNA_CDK19_targ_6585_4446
Reference,49.6,50.4,2168,2168,625,310,315,0,0,78,315,0,0,237,0,0,78,0,gRNA_CDK19_targ_6585_4447
HDR,0.07183908,99.92816092,2168,2168,1392,1,1391,0,0,0,1391,0,0,1391,0,0,0,0,gRNA_CDK19_targ_6585_4447
Reference,26.05042017,73.94957983,2168,2168,1190,310,880,0,0,0,880,0,0,880,0,0,0,0,gRNA_CDK19_targ_6585_4448
HDR,21.68550874,78.31449126,2168,2168,973,211,762,0,0,102,684,0,78,660,0,0,24,0,gRNA_CDK19_targ_6585_4448
Reference,41.27829561,58.72170439,2168,2168,751,310,441,0,0,78,441,0,0,363,0,0,78,0,gRNA_CDK19_targ_6585_4449
HDR,83.11345646,16.88654354,2168,2168,758,630,128,0,0,0,128,0,0,128,0,0,0,0,gRNA_CDK19_targ_6585_4449
Reference,66.95464363,33.04535637,2168,2168,463,310,153,0,0,0,153,0,0,153,0,0,0,0,gRNA_CDK19_targ_6585_4450
HDR,0.0,100.0,2168,2168,52,0,52,0,0,24,51,0,1,28,0,0,23,0,gRNA_CDK19_targ_6585_4450
Reference,67.68558952,32.31441048,2168,2168,458,310,148,0,0,0,148,0,0,148,0,0,0,0,gRNA_CDK19_targ_6585_4451
HDR,67.49633968,32.50366032,2168,2168,683,461,222,0,0,24,221,0,1,198,0,0,23,0,gRNA_CDK19_targ_6585_4451
Reference,41.1686587,58.8313413,2168,2168,753,310,443,0,0,78,443,0,0,365,0,0,78,0,gRNA_CDK19_targ_6585_4452
HDR,0.14174344,99.85825656,2168,2168,1411,2,1409,0,0,24,1408,0,1,1385,0,0,23,0,gRNA_CDK19_targ_6585_4452
Reference,8.71502847,91.28497153,7584,7584,4039,352,3687,0,3,0,3684,3,0,3684,0,0,0,0,gRNA_CDK19_targ_6586_4453
HDR,0.0,100.0,7584,7584,3538,0,3538,0,0,1,3538,0,0,3537,0,0,1,0,gRNA_CDK19_targ_6586_4453
Reference,9.05582712,90.94417288,7584,7584,3887,352,3535,0,3,1,3532,3,0,3531,0,0,1,0,gRNA_CDK19_targ_6586_4454
HDR,0.0,100.0,7584,7584,3687,0,3687,0,0,0,3687,0,0,3687,0,0,0,0,gRNA_CDK19_targ_6586_4454
Reference,34.50980392,65.49019608,7584,7584,1020,352,668,0,3,0,665,3,0,665,0,0,0,0,gRNA_CDK19_targ_6586_4455
HDR,44.2940685,55.7059315,7584,7584,5985,2651,3334,0,0,0,3334,0,0,3334,0,0,0,0,gRNA_CDK19_targ_6586_4455
Reference,10.29540801,89.70459199,7584,7584,3419,352,3067,0,3,0,3064,3,0,3064,0,0,0,0,gRNA_CDK19_targ_6586_4456
HDR,20.60071825,79.39928175,7584,7584,3063,631,2432,0,0,0,2432,0,0,2432,0,0,0,0,gRNA_CDK19_targ_6586_4456
Reference,51.08853411,48.91146589,7584,7584,689,352,337,0,3,0,334,3,0,334,0,0,0,0,gRNA_CDK19_targ_6586_4457
HDR,7.10099966,92.89900034,7584,7584,2901,206,2695,0,0,1,2695,0,0,2694,0,0,1,0,gRNA_CDK19_targ_6586_4457
Reference,36.89727463,63.10272537,7584,7584,954,352,602,0,3,1,599,3,0,598,0,0,1,0,gRNA_CDK19_targ_6586_4458
HDR,20.07203667,79.92796333,7584,7584,3054,613,2441,0,0,0,2441,0,0,2441,0,0,0,0,gRNA_CDK19_targ_6586_4458
Reference,10.33470346,89.66529654,7584,7584,3406,352,3054,0,3,0,3051,3,0,3051,0,0,0,0,gRNA_CDK19_targ_6586_4459
HDR,59.90251411,40.09748589,7584,7584,3898,2335,1563,0,0,0,1563,0,0,1563,0,0,0,0,gRNA_CDK19_targ_6586_4459
Reference,3.9800995,96.0199005,4074,4074,201,8,193,0,193,0,20,173,0,0,0,20,0,0,gRNA_CDK19_targ_6587_4460
HDR,68.62470862,31.37529138,4074,4074,2145,1472,673,0,3,1,670,2,1,669,0,1,0,0,gRNA_CDK19_targ_6587_4460
Reference,37.22222222,62.77777778,2528,2526,180,67,113,0,7,103,12,0,101,3,0,7,2,0,gRNA_CDK19_targ_6590_4461
HDR,9.53467153,90.46532847,2528,2526,2192,209,1983,0,1,13,1982,1,0,1969,0,0,13,0,gRNA_CDK19_targ_6590_4461
Reference,8.63874346,91.36125654,2214,2214,382,33,349,0,74,4,346,0,3,271,0,74,1,0,gRNA_CDK19_targ_6591_4462
HDR,0.16648169,99.83351831,2214,2214,1802,3,1799,0,0,2,1797,0,2,1797,0,0,0,0,gRNA_CDK19_targ_6591_4462
Reference,0.0,100.0,670,670,239,0,239,0,235,0,239,0,0,4,0,235,0,0,gRNA_CDK19_targ_6592_4463
HDR,0.0,100.0,670,670,430,0,430,0,0,0,430,0,0,430,0,0,0,0,gRNA_CDK19_targ_6592_4463
Reference,0.0,100.0,670,670,1,0,1,0,0,0,1,0,0,1,0,0,0,0,gRNA_CDK19_targ_6592_4464
HDR,0.23041475,99.76958525,670,670,434,1,433,0,0,0,433,0,0,433,0,0,0,0,gRNA_CDK19_targ_6592_4464
Reference,0.0,100.0,670,670,317,0,317,0,0,0,317,0,0,317,0,0,0,0,gRNA_CDK19_targ_6592_4465
HDR,0.0,100.0,670,670,351,0,351,0,235,0,351,0,0,116,0,235,0,0,gRNA_CDK19_targ_6592_4465
Reference,0.0,100.0,670,670,235,0,235,0,235,0,235,0,0,0,0,235,0,0,gRNA_CDK19_targ_6592_4466
HDR,71.39534884,28.60465116,670,670,430,307,123,0,0,0,123,0,0,123,0,0,0,0,gRNA_CDK19_targ_6592_4466
Reference,0.0,100.0,670,670,2,0,2,0,0,0,2,0,0,2,0,0,0,0,gRNA_CDK19_targ_6592_4467
HDR,0.86956522,99.13043478,670,670,115,1,114,0,0,0,114,0,0,114,0,0,0,0,gRNA_CDK19_targ_6592_4467
Reference,,,670,670,0,0,0,0,0,0,0,0,0,0,0,0,0,0,gRNA_CDK19_targ_6592_4468
HDR,0.56818182,99.43181818,670,670,352,2,350,0,235,0,350,0,0,115,0,235,0,0,gRNA_CDK19_targ_6592_4468
Reference,0.0,100.0,670,670,1,0,1,0,0,0,1,0,0,1,0,0,0,0,gRNA_CDK19_targ_6592_4469
HDR,11.54734411,88.45265589,670,670,433,50,383,0,0,0,383,0,0,383,0,0,0,0,gRNA_CDK19_targ_6592_4469
Reference,42.05039096,57.94960904,4206,3913,1151,484,667,0,5,0,662,5,0,662,0,0,0,0,gRNA_CDK19_targ_6593_4470
HDR,9.54063604,90.45936396,4206,3913,2264,216,2048,0,0,3,2048,0,0,2045,0,0,3,0,gRNA_CDK19_targ_6593_4470
Reference,13.66845524,86.33154476,4206,3913,3541,484,3057,0,5,3,3052,5,0,3049,0,0,3,0,gRNA_CDK19_targ_6593_4471
HDR,11.11111111,88.88888889,4206,3913,36,4,32,0,0,0,32,0,0,32,0,0,0,0,gRNA_CDK19_targ_6593_4471
Reference,29.4224924,70.5775076,4206,3913,1645,484,1161,0,5,132,1029,5,127,1024,0,0,5,0,gRNA_CDK19_targ_6593_4472
HDR,32.65306122,67.34693878,4206,3913,98,32,66,0,0,0,66,0,0,66,0,0,0,0,gRNA_CDK19_targ_6593_4472
Reference,87.16216216,12.83783784,3818,3818,148,129,19,0,0,0,19,0,0,19,0,0,0,0,gRNA_CDK19_targ_6594_4473
HDR,24.73749228,75.26250772,3818,3818,3238,801,2437,0,0,0,2437,0,0,2437,0,0,0,0,gRNA_CDK19_targ_6594_4473
Reference,7.25534308,92.74465692,3818,3818,1778,129,1649,0,0,0,1649,0,0,1649,0,0,0,0,gRNA_CDK19_targ_6594_4474
HDR,0.05938242,99.94061758,3818,3818,1684,1,1683,0,0,0,1683,0,0,1683,0,0,0,0,gRNA_CDK19_targ_6594_4474
Reference,22.39583333,77.60416667,3818,3818,576,129,447,0,0,0,447,0,0,447,0,0,0,0,gRNA_CDK19_targ_6594_4475
HDR,77.47791953,22.52208047,3818,3818,2038,1579,459,0,0,0,459,0,0,459,0,0,0,0,gRNA_CDK19_targ_6594_4475
Reference,13.51351351,86.48648649,868,868,37,5,32,0,0,0,32,0,0,32,0,0,0,0,gRNA_CDK19_targ_6595_4476
HDR,0.0,100.0,868,868,776,0,776,0,0,0,776,0,0,776,0,0,0,0,gRNA_CDK19_targ_6595_4476
Reference,13.15789474,86.84210526,868,868,38,5,33,0,0,0,33,0,0,33,0,0,0,0,gRNA_CDK19_targ_6595_4477
HDR,0.12048193,99.87951807,868,868,830,1,829,0,0,0,829,0,0,829,0,0,0,0,gRNA_CDK19_targ_6595_4477
Reference,0.58479532,99.41520468,868,868,855,5,850,0,0,0,850,0,0,850,0,0,0,0,gRNA_CDK19_targ_6595_4478
HDR,0.0,100.0,868,868,9,0,9,0,0,0,9,0,0,9,0,0,0,0,gRNA_CDK19_targ_6595_4478
Reference,13.15789474,86.84210526,868,868,38,5,33,0,0,0,33,0,0,33,0,0,0,0,gRNA_CDK19_targ_6595_4479
HDR,43.78769602,56.21230398,868,868,829,363,466,0,0,0,466,0,0,466,0,0,0,0,gRNA_CDK19_targ_6595_4479
Reference,5.43478261,94.56521739,868,868,92,5,87,0,0,0,87,0,0,87,0,0,0,0,gRNA_CDK19_targ_6595_4480
HDR,0.0,100.0,868,868,13,0,13,0,0,0,13,0,0,13,0,0,0,0,gRNA_CDK19_targ_6595_4480
Reference,13.15789474,86.84210526,868,868,38,5,33,0,0,0,33,0,0,33,0,0,0,0,gRNA_CDK19_targ_6595_4481
HDR,0.0,100.0,868,868,13,0,13,0,0,0,13,0,0,13,0,0,0,0,gRNA_CDK19_targ_6595_4481
Reference,12.82051282,87.17948718,868,868,39,5,34,0,0,0,34,0,0,34,0,0,0,0,gRNA_CDK19_targ_6595_4482
HDR,0.0,100.0,868,868,776,0,776,0,0,0,776,0,0,776,0,0,0,0,gRNA_CDK19_targ_6595_4482
Reference,17.75067751,82.24932249,842,839,738,131,607,0,0,1,607,0,0,606,0,0,1,0,gRNA_CDK19_targ_6596_4483
HDR,0.0,100.0,842,839,100,0,100,0,0,0,100,0,0,100,0,0,0,0,gRNA_CDK19_targ_6596_4483
Reference,99.24242424,0.75757576,842,839,132,131,1,0,0,0,1,0,0,1,0,0,0,0,gRNA_CDK19_targ_6596_4484
HDR,20.88815789,79.11184211,842,839,608,127,481,0,0,1,481,0,0,480,0,0,1,0,gRNA_CDK19_targ_6596_4484
Reference,35.30997305,64.69002695,842,839,371,131,240,0,0,1,240,0,0,239,0,0,1,0,gRNA_CDK19_targ_6596_4485
HDR,0.0,100.0,842,839,468,0,468,0,0,0,468,0,0,468,0,0,0,0,gRNA_CDK19_targ_6596_4485
Reference,56.70995671,43.29004329,842,839,231,131,100,0,0,0,100,0,0,100,0,0,0,0,gRNA_CDK19_targ_6596_4486
HDR,0.0,100.0,842,839,101,0,101,0,0,0,101,0,0,101,0,0,0,0,gRNA_CDK19_targ_6596_4486
Reference,35.30997305,64.69002695,842,839,371,131,240,0,0,1,240,0,0,239,0,0,1,0,gRNA_CDK19_targ_6596_4487
HDR,0.0,100.0,842,839,101,0,101,0,0,0,101,0,0,101,0,0,0,0,gRNA_CDK19_targ_6596_4487
Reference,56.95652174,43.04347826,842,839,230,131,99,0,0,0,99,0,0,99,0,0,0,0,gRNA_CDK19_targ_6596_4488
HDR,66.45299145,33.54700855,842,839,468,311,157,0,0,0,157,0,0,157,0,0,0,0,gRNA_CDK19_targ_6596_4488
Reference,35.30997305,64.69002695,842,839,371,131,240,0,0,1,240,0,0,239,0,0,1,0,gRNA_CDK19_targ_6596_4489
HDR,0.21413276,99.78586724,842,839,467,1,466,0,0,0,466,0,0,466,0,0,0,0,gRNA_CDK19_targ_6596_4489
Reference,1.35808058,98.64191942,2741,2741,2209,30,2179,0,0,0,2179,0,0,2179,0,0,0,0,gRNA_CDK19_targ_6597_4490
HDR,0.0,100.0,2741,2741,529,0,529,0,0,1,528,0,1,528,0,0,0,0,gRNA_CDK19_targ_6597_4490
Reference,49.18032787,50.81967213,2741,2741,61,30,31,0,0,0,31,0,0,31,0,0,0,0,gRNA_CDK19_targ_6597_4491
HDR,2.51062186,97.48937814,2741,2741,2589,65,2524,0,0,1,2523,0,1,2523,0,0,0,0,gRNA_CDK19_targ_6597_4491
Reference,16.57458564,83.42541436,2741,2741,181,30,151,0,0,0,151,0,0,151,0,0,0,0,gRNA_CDK19_targ_6597_4492
HDR,0.0,100.0,2741,2741,2332,0,2332,0,0,0,2332,0,0,2332,0,0,0,0,gRNA_CDK19_targ_6597_4492
Reference,19.73684211,80.26315789,2741,2741,152,30,122,0,0,0,122,0,0,122,0,0,0,0,gRNA_CDK19_targ_6597_4493
HDR,0.0,100.0,2741,2741,532,0,532,0,0,1,531,0,1,531,0,0,0,0,gRNA_CDK19_targ_6597_4493
Reference,7.37100737,92.62899263,2741,2741,407,30,377,0,0,0,377,0,0,377,0,0,0,0,gRNA_CDK19_targ_6597_4494
HDR,0.0,100.0,2741,2741,532,0,532,0,0,1,531,0,1,531,0,0,0,0,gRNA_CDK19_targ_6597_4494
Reference,96.77419355,3.22580645,2741,2741,31,30,1,0,0,0,1,0,0,1,0,0,0,0,gRNA_CDK19_targ_6597_4495
HDR,15.46065639,84.53934361,2741,2741,2529,391,2138,0,0,0,2138,0,0,2138,0,0,0,0,gRNA_CDK19_targ_6597_4495
Reference,14.21800948,85.78199052,2741,2741,211,30,181,0,0,0,181,0,0,181,0,0,0,0,gRNA_CDK19_targ_6597_4496
HDR,10.89511754,89.10488246,2741,2741,2212,241,1971,0,0,0,1971,0,0,1971,0,0,0,0,gRNA_CDK19_targ_6597_4496
Reference,6.97029703,93.02970297,3920,3920,2525,176,2349,0,0,3,2349,0,0,2346,0,0,3,0,gRNA_CDK19_targ_6598_4497
HDR,0.0,100.0,3920,3920,1079,0,1079,0,0,1,1079,0,0,1078,0,0,1,0,gRNA_CDK19_targ_6598_4497
Reference,22.30671736,77.69328264,3920,3920,789,176,613,0,0,1,613,0,0,612,0,0,1,0,gRNA_CDK19_targ_6598_4498
HDR,2.46449457,97.53550543,3920,3920,2394,59,2335,0,0,295,2335,0,0,2040,0,0,295,0,gRNA_CDK19_targ_6598_4498
Reference,33.84615385,66.15384615,3920,3920,520,176,344,0,0,0,344,0,0,344,0,0,0,0,gRNA_CDK19_targ_6598_4499
HDR,5.47388176,94.52611824,3920,3920,3197,175,3022,0,0,294,3022,0,0,2728,0,0,294,0,gRNA_CDK19_targ_6598_4499
Reference,11.64791529,88.35208471,3920,3920,1511,176,1335,0,0,1,1335,0,0,1334,0,0,1,0,gRNA_CDK19_targ_6598_4500
HDR,0.0,100.0,3920,3920,1378,0,1378,0,0,293,1378,0,0,1085,0,0,293,0,gRNA_CDK19_targ_6598_4500
Reference,24.64985994,75.35014006,3920,3920,714,176,538,0,0,1,538,0,0,537,0,0,1,0,gRNA_CDK19_targ_6598_4501
HDR,0.0,100.0,3920,3920,1380,0,1380,0,0,293,1380,0,0,1087,0,0,293,0,gRNA_CDK19_targ_6598_4501
Reference,27.07692308,72.92307692,3920,3920,650,176,474,0,0,1,474,0,0,473,0,0,1,0,gRNA_CDK19_targ_6598_4502
HDR,24.05153901,75.94846099,3920,3920,2794,672,2122,0,0,294,2122,0,0,1828,0,0,294,0,gRNA_CDK19_targ_6598_4502
Reference,15.87015329,84.12984671,3920,3920,1109,176,933,0,0,1,933,0,0,932,0,0,1,0,gRNA_CDK19_targ_6598_4503
HDR,0.0855798,99.9144202,3920,3920,2337,2,2335,0,0,295,2335,0,0,2040,0,0,295,0,gRNA_CDK19_targ_6598_4503
Reference,0.0,100.0,1593,1592,1189,0,1189,0,5,0,1184,5,0,1184,0,0,0,0,gRNA_CDK19_targ_6599_4504
HDR,0.0,100.0,1593,1592,401,0,401,0,0,0,401,0,0,401,0,0,0,0,gRNA_CDK19_targ_6599_4504
Reference,0.0,100.0,1593,1592,573,0,573,0,5,0,568,5,0,568,0,0,0,0,gRNA_CDK19_targ_6599_4505
HDR,0.0984252,99.9015748,1593,1592,1016,1,1015,0,0,0,1015,0,0,1015,0,0,0,0,gRNA_CDK19_targ_6599_4505
Reference,0.0,100.0,1593,1592,1,0,1,0,0,0,1,0,0,1,0,0,0,0,gRNA_CDK19_targ_6599_4506
HDR,26.70043415,73.29956585,1593,1592,1382,369,1013,0,0,0,1013,0,0,1013,0,0,0,0,gRNA_CDK19_targ_6599_4506
Reference,0.0,100.0,1593,1592,394,0,394,0,5,0,389,5,0,389,0,0,0,0,gRNA_CDK19_targ_6599_4507
HDR,0.0,100.0,1593,1592,222,0,222,0,0,0,222,0,0,222,0,0,0,0,gRNA_CDK19_targ_6599_4507
Reference,0.0,100.0,1593,1592,209,0,209,0,5,0,204,5,0,204,0,0,0,0,gRNA_CDK19_targ_6599_4508
HDR,15.17412935,84.82587065,1593,1592,402,61,341,0,0,0,341,0,0,341,0,0,0,0,gRNA_CDK19_targ_6599_4508
Reference,0.0,100.0,1593,1592,1,0,1,0,0,0,1,0,0,1,0,0,0,0,gRNA_CDK19_targ_6599_4509
HDR,31.46509341,68.53490659,1593,1592,1017,320,697,0,0,0,697,0,0,697,0,0,0,0,gRNA_CDK19_targ_6599_4509
Reference,0.0,100.0,1593,1592,394,0,394,0,5,0,389,5,0,389,0,0,0,0,gRNA_CDK19_targ_6599_4510
HDR,0.20120724,99.79879276,1593,1592,994,2,992,0,0,0,992,0,0,992,0,0,0,0,gRNA_CDK19_targ_6599_4510
Reference,6.52173913,93.47826087,1150,1150,92,6,86,0,9,0,77,9,0,77,0,0,0,0,gRNA_CDK19_targ_6600_4511
HDR,59.60264901,40.39735099,1150,1150,1057,630,427,0,1,5,426,0,1,421,0,1,4,0,gRNA_CDK19_targ_6600_4511
Reference,27.84431138,72.15568862,3478,3476,334,93,241,0,56,0,186,55,0,185,0,1,0,0,gRNA_CDK19_targ_6601_4512
HDR,72.78045423,27.21954577,3478,3476,2906,2115,791,0,0,0,791,0,0,791,0,0,0,0,gRNA_CDK19_targ_6601_4512
Reference,0.0,100.0,6929,6277,2683,0,2683,0,0,138,2549,0,134,2545,0,0,4,0,gRNA_CDK19_targ_6602_4513
HDR,0.09315324,99.90684676,6929,6277,2147,2,2145,0,3,2,2143,1,1,2140,0,2,1,0,gRNA_CDK19_targ_6602_4513
Reference,15.84775087,84.15224913,8221,7848,1445,229,1216,0,22,5,1194,21,1,1189,0,1,4,0,gRNA_CDK19_targ_6603_4514
HDR,17.87072243,82.12927757,8221,7848,5260,940,4320,0,33,57,4306,4,10,4230,0,29,47,0,gRNA_CDK19_targ_6603_4514
Reference,56.45028759,43.54971241,11347,10894,1217,687,530,0,13,52,469,10,51,465,0,3,1,0,gRNA_CDK19_targ_6604_4515
HDR,41.36436796,58.63563204,11347,10894,8077,3341,4736,0,610,28,4425,284,27,4098,0,326,1,0,gRNA_CDK19_targ_6604_4515
Reference,11.85430464,88.14569536,3764,3764,1510,179,1331,0,62,7,1330,0,1,1262,0,62,6,0,gRNA_CDK19_targ_6605_4516
HDR,0.0,100.0,3764,3764,2250,0,2250,0,0,299,2247,0,3,1951,0,0,296,0,gRNA_CDK19_targ_6605_4516
Reference,92.74611399,7.25388601,3764,3764,193,179,14,0,0,1,13,0,1,13,0,0,0,0,gRNA_CDK19_targ_6605_4517
HDR,0.78740157,99.21259843,3764,3764,3556,28,3528,0,62,305,3470,53,5,3161,0,9,300,0,gRNA_CDK19_targ_6605_4517
Reference,78.16593886,21.83406114,3764,3764,229,179,50,0,0,3,49,0,1,47,0,0,2,0,gRNA_CDK19_targ_6605_4518
HDR,0.0,100.0,3764,3764,3524,0,3524,0,58,299,3472,52,0,3167,0,6,299,0,gRNA_CDK19_targ_6605_4518
Reference,93.71727749,6.28272251,3764,3764,191,179,12,0,0,1,11,0,1,11,0,0,0,0,gRNA_CDK19_targ_6605_4519
HDR,0.04444444,99.95555556,3764,3764,2250,1,2249,0,0,299,1960,0,289,1950,0,0,10,0,gRNA_CDK19_targ_6605_4519
Reference,78.85462555,21.14537445,3764,3764,227,179,48,0,4,4,47,0,1,40,0,4,3,0,gRNA_CDK19_targ_6605_4520
HDR,0.17809439,99.82190561,3764,3764,2246,4,2242,0,0,299,1953,0,289,1943,0,0,10,0,gRNA_CDK19_targ_6605_4520
Reference,90.86294416,9.13705584,3764,3764,197,179,18,0,0,1,17,0,1,17,0,0,0,0,gRNA_CDK19_targ_6605_4521
HDR,21.20782535,78.79217465,3764,3764,3527,748,2779,0,61,300,2438,53,288,2418,0,8,12,0,gRNA_CDK19_targ_6605_4521
Reference,80.63063063,19.36936937,3764,3764,222,179,43,0,1,3,42,0,1,39,0,1,2,0,gRNA_CDK19_targ_6605_4522
HDR,41.76996253,58.23003747,3764,3764,3469,1449,2020,0,1,299,1733,0,287,1720,0,1,12,0,gRNA_CDK19_targ_6605_4522
Reference,0.77439339,99.22560661,2616,2616,1937,15,1922,0,0,0,1922,0,0,1922,0,0,0,0,gRNA_CDK19_targ_6606_4523
HDR,0.0,100.0,2616,2616,674,0,674,0,0,170,506,0,168,504,0,0,2,0,gRNA_CDK19_targ_6606_4523
Reference,83.33333333,16.66666667,2616,2616,18,15,3,0,0,1,3,0,0,2,0,0,1,0,gRNA_CDK19_targ_6606_4524
HDR,0.18993352,99.81006648,2616,2616,2106,4,2102,0,2,0,2102,0,0,2100,0,2,0,0,gRNA_CDK19_targ_6606_4524
Reference,4.45103858,95.54896142,2616,2616,337,15,322,0,0,1,322,0,0,321,0,0,1,0,gRNA_CDK19_targ_6606_4525
HDR,39.05325444,60.94674556,2616,2616,507,198,309,0,2,0,309,0,0,307,0,2,0,0,gRNA_CDK19_targ_6606_4525
Reference,95.65217391,4.34782609,4042,4035,23,22,1,0,0,0,1,0,0,1,0,0,0,0,gRNA_CDK19_targ_6607_4526
HDR,0.61528497,99.38471503,4042,4035,3088,19,3069,0,0,1,3069,0,0,3068,0,0,1,0,gRNA_CDK19_targ_6607_4526
Reference,0.9623797,99.0376203,4042,4035,2286,22,2264,0,0,0,2264,0,0,2264,0,0,0,0,gRNA_CDK19_targ_6607_4527
HDR,0.0,100.0,4042,4035,1667,0,1667,0,0,1,1667,0,0,1666,0,0,1,0,gRNA_CDK19_targ_6607_4527
Reference,2.55516841,97.44483159,4042,4035,861,22,839,0,0,0,839,0,0,839,0,0,0,0,gRNA_CDK19_targ_6607_4528
HDR,38.47995212,61.52004788,4042,4035,1671,643,1028,0,0,1,1027,0,1,1027,0,0,0,0,gRNA_CDK19_targ_6607_4528
Reference,1.00824931,98.99175069,7270,7266,3273,33,3240,0,224,7,3047,191,2,3009,0,33,5,0,gRNA_CDK19_targ_6608_4529
HDR,0.0,100.0,7270,7266,3984,0,3984,0,0,6,3984,0,0,3978,0,0,6,0,gRNA_CDK19_targ_6608_4529
Reference,18.13186813,81.86813187,7270,7266,182,33,149,0,1,0,148,1,0,148,0,0,0,0,gRNA_CDK19_targ_6608_4530
HDR,2.40700219,97.59299781,7270,7266,5484,132,5352,0,0,7,5352,0,0,5345,0,0,7,0,gRNA_CDK19_targ_6608_4530
Reference,2.84237726,97.15762274,7270,7266,1161,33,1128,0,224,4,935,191,2,900,0,33,2,0,gRNA_CDK19_targ_6608_4531
HDR,25.46412444,74.53587556,7270,7266,3986,1015,2971,0,0,6,2970,0,1,2965,0,0,5,0,gRNA_CDK19_targ_6608_4531
Reference,0.6044905,99.3955095,1938,1910,1158,7,1151,0,1,1,1151,0,0,1149,0,1,1,0,gRNA_CDK19_targ_6609_4532
HDR,0.0,100.0,1938,1910,282,0,282,0,0,0,282,0,0,282,0,0,0,0,gRNA_CDK19_targ_6609_4532
Reference,77.77777778,22.22222222,1938,1910,9,7,2,0,1,0,2,0,0,1,0,1,0,0,gRNA_CDK19_targ_6609_4533
HDR,29.72222222,70.27777778,1938,1910,1800,535,1265,0,0,1,1265,0,0,1264,0,0,1,0,gRNA_CDK19_targ_6609_4533
Reference,9.5890411,90.4109589,1938,1910,73,7,66,0,1,0,66,0,0,65,0,1,0,0,gRNA_CDK19_targ_6609_4534
HDR,30.13333333,69.86666667,1938,1910,750,226,524,0,0,0,524,0,0,524,0,0,0,0,gRNA_CDK19_targ_6609_4534
Reference,20.54161162,79.45838838,2087,2087,1514,311,1203,0,1,0,1202,1,0,1202,0,0,0,0,gRNA_CDK19_targ_6610_4535
HDR,0.0,100.0,2087,2087,196,0,196,0,0,2,194,0,2,194,0,0,0,0,gRNA_CDK19_targ_6610_4535
Reference,35.66513761,64.33486239,2087,2087,872,311,561,0,1,2,560,1,0,558,0,0,2,0,gRNA_CDK19_targ_6610_4536
HDR,4.73588342,95.26411658,2087,2087,1098,52,1046,0,0,0,1046,0,0,1046,0,0,0,0,gRNA_CDK19_targ_6610_4536
Reference,31.57360406,68.42639594,2087,2087,985,311,674,0,1,4,673,1,0,669,0,0,4,0,gRNA_CDK19_targ_6610_4537
HDR,32.01970443,67.98029557,2087,2087,203,65,138,0,0,0,138,0,0,138,0,0,0,0,gRNA_CDK19_targ_6610_4537
Reference,97.2972973,2.7027027,2361,2361,74,72,2,0,0,0,2,0,0,2,0,0,0,0,gRNA_CDK19_targ_6611_4538
HDR,6.95842451,93.04157549,2361,2361,2285,159,2126,0,1,113,2125,0,1,2012,0,1,112,0,gRNA_CDK19_targ_6611_4538
Reference,20.63037249,79.36962751,2361,2361,349,72,277,0,1,110,277,0,0,166,0,1,110,0,gRNA_CDK19_targ_6611_4539
HDR,0.0,100.0,2361,2361,1665,0,1665,0,0,1,1665,0,0,1664,0,0,1,0,gRNA_CDK19_targ_6611_4539
Reference,97.2972973,2.7027027,2361,2361,74,72,2,0,0,0,2,0,0,2,0,0,0,0,gRNA_CDK19_targ_6611_4540
HDR,22.2166998,77.7833002,2361,2361,2012,447,1565,0,0,3,1564,0,1,1562,0,0,2,0,gRNA_CDK19_targ_6611_4540
Reference,7.28476821,92.71523179,2268,2268,2265,165,2100,0,0,1,2099,0,1,2099,0,0,0,0,gRNA_CDK19_targ_6612_4541
HDR,0.0,100.0,2268,2268,1,0,1,0,0,0,1,0,0,1,0,0,0,0,gRNA_CDK19_targ_6612_4541
Reference,40.1459854,59.8540146,2268,2268,411,165,246,0,0,1,245,0,1,245,0,0,0,0,gRNA_CDK19_targ_6612_4542
HDR,41.67324388,58.32675612,2268,2268,1267,528,739,0,0,0,739,0,0,739,0,0,0,0,gRNA_CDK19_targ_6612_4542
Reference,16.5,83.5,2268,2268,1000,165,835,0,0,1,834,0,1,834,0,0,0,0,gRNA_CDK19_targ_6612_4543
HDR,0.0,100.0,2268,2268,2,0,2,0,0,0,2,0,0,2,0,0,0,0,gRNA_CDK19_targ_6612_4543
Reference,97.83783784,2.16216216,2325,2325,185,181,4,0,0,0,4,0,0,4,0,0,0,0,gRNA_CDK19_targ_6613_4544
HDR,0.04675082,99.95324918,2325,2325,2139,1,2138,0,0,0,2138,0,0,2138,0,0,0,0,gRNA_CDK19_targ_6613_4544
Reference,60.73825503,39.26174497,2325,2325,298,181,117,0,0,0,117,0,0,117,0,0,0,0,gRNA_CDK19_targ_6613_4545
HDR,0.0,100.0,2325,2325,2022,0,2022,0,0,0,2022,0,0,2022,0,0,0,0,gRNA_CDK19_targ_6613_4545
Reference,97.83783784,2.16216216,2325,2325,185,181,4,0,0,0,4,0,0,4,0,0,0,0,gRNA_CDK19_targ_6613_4546
HDR,60.01974334,39.98025666,2325,2325,2026,1216,810,0,0,0,810,0,0,810,0,0,0,0,gRNA_CDK19_targ_6613_4546
Reference,8.06805708,91.93194292,2870,2851,1822,147,1675,0,424,40,1473,197,5,1211,0,227,35,0,gRNA_CDK19_targ_6615_4547
HDR,0.0,100.0,2870,2851,1024,0,1024,0,0,2,1023,0,1,1022,0,0,1,0,gRNA_CDK19_targ_6615_4547
Reference,37.02770781,62.97229219,2870,2851,397,147,250,0,211,35,62,187,1,4,0,24,34,0,gRNA_CDK19_targ_6615_4548
HDR,30.80471553,69.19528447,2870,2851,1951,601,1350,0,1,2,1349,0,1,1347,0,1,1,0,gRNA_CDK19_targ_6615_4548
Reference,30.18480493,69.81519507,2870,2851,487,147,340,0,225,39,138,197,5,76,0,28,34,0,gRNA_CDK19_targ_6615_4549
HDR,47.95719844,52.04280156,2870,2851,1028,493,535,0,1,2,533,0,2,532,0,1,0,0,gRNA_CDK19_targ_6615_4549
Reference,22.60228035,77.39771965,2178,2174,1491,337,1154,0,19,0,1154,0,0,1135,0,19,0,0,gRNA_CDK19_targ_6616_4550
HDR,48.90710383,51.09289617,2178,2174,366,179,187,0,0,0,187,0,0,187,0,0,0,0,gRNA_CDK19_targ_6616_4550
Reference,63.34586466,36.65413534,2178,2174,532,337,195,0,0,0,195,0,0,195,0,0,0,0,gRNA_CDK19_targ_6616_4551
HDR,56.58012534,43.41987466,2178,2174,1117,632,485,0,19,0,467,18,0,466,0,1,0,0,gRNA_CDK19_targ_6616_4551
Reference,41.09756098,58.90243902,2178,2174,820,337,483,0,0,0,483,0,0,483,0,0,0,0,gRNA_CDK19_targ_6616_4552
HDR,18.38383838,81.61616162,2178,2174,495,91,404,0,0,0,404,0,0,404,0,0,0,0,gRNA_CDK19_targ_6616_4552
Reference,50.0,50.0,1532,1532,28,14,14,0,0,0,14,0,0,14,0,0,0,0,gRNA_CDK19_targ_6617_4553
HDR,0.0,100.0,1532,1532,1386,0,1386,0,0,0,1386,0,0,1386,0,0,0,0,gRNA_CDK19_targ_6617_4553
Reference,100.0,0.0,1532,1532,14,14,0,0,0,0,0,0,0,0,0,0,0,0,gRNA_CDK19_targ_6617_4554
HDR,0.98522167,99.01477833,1532,1532,1421,14,1407,0,0,0,1407,0,0,1407,0,0,0,0,gRNA_CDK19_targ_6617_4554
Reference,100.0,0.0,1532,1532,14,14,0,0,0,0,0,0,0,0,0,0,0,0,gRNA_CDK19_targ_6617_4555
HDR,94.96810773,5.03189227,1532,1532,1411,1340,71,0,0,0,71,0,0,71,0,0,0,0,gRNA_CDK19_targ_6617_4555
Reference,87.5,12.5,1707,1707,128,112,16,0,0,0,16,0,0,16,0,0,0,0,gRNA_CDK19_targ_6618_4556
HDR,0.0,100.0,1707,1707,1233,0,1233,0,0,0,1233,0,0,1233,0,0,0,0,gRNA_CDK19_targ_6618_4556
Reference,98.24561404,1.75438596,1707,1707,114,112,2,0,0,0,2,0,0,2,0,0,0,0,gRNA_CDK19_targ_6618_4557
HDR,0.75566751,99.24433249,1707,1707,1588,12,1576,0,0,0,1576,0,0,1576,0,0,0,0,gRNA_CDK19_targ_6618_4557
Reference,96.55172414,3.44827586,1707,1707,116,112,4,0,0,0,4,0,0,4,0,0,0,0,gRNA_CDK19_targ_6618_4558
HDR,69.28435719,30.71564281,1707,1707,1579,1094,485,0,0,0,485,0,0,485,0,0,0,0,gRNA_CDK19_targ_6618_4558
Reference,80.0,20.0,3165,2880,10,8,2,0,0,2,0,0,2,0,0,0,0,0,gRNA_CDK19_targ_6619_4559
HDR,90.03127443,9.96872557,3165,2880,2558,2303,255,0,0,1,254,0,1,254,0,0,0,0,gRNA_CDK19_targ_6619_4559
Reference,0.0,100.0,1708,1708,1243,0,1243,0,0,1,1243,0,0,1242,0,0,1,0,gRNA_CDK19_targ_6620_4560
HDR,0.0,100.0,1708,1708,459,0,459,0,0,0,459,0,0,459,0,0,0,0,gRNA_CDK19_targ_6620_4560
Reference,0.0,100.0,1708,1708,1,0,1,0,0,1,1,0,0,0,0,0,1,0,gRNA_CDK19_targ_6620_4561
HDR,71.16852613,28.83147387,1708,1708,1703,1212,491,0,0,1,490,0,1,490,0,0,0,0,gRNA_CDK19_targ_6620_4561
Reference,0.0,100.0,1708,1708,4,0,4,0,0,1,4,0,0,3,0,0,1,0,gRNA_CDK19_targ_6620_4562
HDR,95.24838013,4.75161987,1708,1708,463,441,22,0,0,0,22,0,0,22,0,0,0,0,gRNA_CDK19_targ_6620_4562
Reference,1.21268657,98.78731343,1386,1386,1072,13,1059,0,0,1,1059,0,0,1058,0,0,1,0,gRNA_CDK19_targ_6621_4563
HDR,0.0,100.0,1386,1386,312,0,312,0,0,0,312,0,0,312,0,0,0,0,gRNA_CDK19_targ_6621_4563
Reference,81.25,18.75,1386,1386,16,13,3,0,0,0,3,0,0,3,0,0,0,0,gRNA_CDK19_targ_6621_4564
HDR,33.55457227,66.44542773,1386,1386,1356,455,901,0,0,1,900,0,1,900,0,0,0,0,gRNA_CDK19_targ_6621_4564
Reference,2.20338983,97.79661017,1386,1386,590,13,577,0,0,1,577,0,0,576,0,0,1,0,gRNA_CDK19_targ_6621_4565
HDR,0.0,100.0,1386,1386,791,0,791,0,0,0,791,0,0,791,0,0,0,0,gRNA_CDK19_targ_6621_4565
Reference,44.82758621,55.17241379,1386,1386,29,13,16,0,0,0,16,0,0,16,0,0,0,0,gRNA_CDK19_targ_6621_4566
HDR,1.59744409,98.40255591,1386,1386,313,5,308,0,0,0,308,0,0,308,0,0,0,0,gRNA_CDK19_targ_6621_4566
Reference,2.20338983,97.79661017,1386,1386,590,13,577,0,0,1,577,0,0,576,0,0,1,0,gRNA_CDK19_targ_6621_4567
HDR,0.0,100.0,1386,1386,308,0,308,0,0,0,308,0,0,308,0,0,0,0,gRNA_CDK19_targ_6621_4567
Reference,43.33333333,56.66666667,1386,1386,30,13,17,0,0,0,17,0,0,17,0,0,0,0,gRNA_CDK19_targ_6621_4568
HDR,58.43828715,41.56171285,1386,1386,794,464,330,0,0,0,330,0,0,330,0,0,0,0,gRNA_CDK19_targ_6621_4568
Reference,2.21465077,97.78534923,1386,1386,587,13,574,0,0,1,574,0,0,573,0,0,1,0,gRNA_CDK19_targ_6621_4569
HDR,1.88442211,98.11557789,1386,1386,796,15,781,0,0,0,781,0,0,781,0,0,0,0,gRNA_CDK19_targ_6621_4569
Reference,0.28169014,99.71830986,491,491,355,1,354,0,0,1,353,0,1,353,0,0,0,0,gRNA_CDK19_targ_6622_4570
HDR,0.0,100.0,491,491,133,0,133,0,0,0,133,0,0,133,0,0,0,0,gRNA_CDK19_targ_6622_4570
Reference,0.34843206,99.65156794,491,491,287,1,286,0,0,1,285,0,1,285,0,0,0,0,gRNA_CDK19_targ_6622_4571
HDR,0.0,100.0,491,491,203,0,203,0,0,0,203,0,0,203,0,0,0,0,gRNA_CDK19_targ_6622_4571
Reference,0.35335689,99.64664311,491,491,283,1,282,0,0,1,281,0,1,281,0,0,0,0,gRNA_CDK19_targ_6622_4572
HDR,0.0,100.0,491,491,129,0,129,0,0,0,129,0,0,129,0,0,0,0,gRNA_CDK19_targ_6622_4572
Reference,97.55011136,2.44988864,4135,4135,449,438,11,0,0,1,10,0,1,10,0,0,0,0,gRNA_CDK19_targ_6623_4573
HDR,29.10988692,70.89011308,4135,4135,3449,1004,2445,0,2,1,2444,1,0,2442,0,1,1,0,gRNA_CDK19_targ_6623_4573
Reference,50.0,50.0,942,942,2,1,1,0,0,0,1,0,0,1,0,0,0,0,gRNA_CDK19_targ_6625_4574
HDR,0.0,100.0,942,942,896,0,896,0,0,1,896,0,0,895,0,0,1,0,gRNA_CDK19_targ_6625_4574
Reference,50.0,50.0,942,942,2,1,1,0,0,0,1,0,0,1,0,0,0,0,gRNA_CDK19_targ_6625_4575
HDR,0.0,100.0,942,942,814,0,814,0,0,1,814,0,0,813,0,0,1,0,gRNA_CDK19_targ_6625_4575
Reference,33.33333333,66.66666667,942,942,3,1,2,0,0,0,2,0,0,2,0,0,0,0,gRNA_CDK19_targ_6625_4576
HDR,0.0,100.0,942,942,939,0,939,0,0,1,939,0,0,938,0,0,1,0,gRNA_CDK19_targ_6625_4576
Reference,5.16129032,94.83870968,657,657,310,16,294,0,2,1,294,0,0,291,0,2,1,0,gRNA_CDK19_targ_6626_4577
HDR,0.29411765,99.70588235,657,657,340,1,339,0,0,0,339,0,0,339,0,0,0,0,gRNA_CDK19_targ_6626_4577
Reference,0.0,100.0,2260,2260,3,0,3,0,1,0,3,0,0,2,0,1,0,0,gRNA_CDK19_targ_6627_4578
HDR,0.05865103,99.94134897,2260,2260,1705,1,1704,0,1,3,1703,0,0,1701,1,0,2,0,gRNA_CDK19_targ_6627_4578
Reference,0.0,100.0,2260,2260,4,0,4,0,2,1,4,0,0,2,0,1,0,1,gRNA_CDK19_targ_6627_4579
HDR,0.0,100.0,2260,2260,1688,0,1688,0,0,2,1688,0,0,1686,0,0,2,0,gRNA_CDK19_targ_6627_4579
Reference,0.0,100.0,2260,2260,2,0,2,0,1,0,2,0,0,1,0,1,0,0,gRNA_CDK19_targ_6627_4580
HDR,22.40461402,77.59538598,2260,2260,2254,505,1749,0,0,2,1748,0,1,1747,0,0,1,0,gRNA_CDK19_targ_6627_4580
Reference,4.47761194,95.52238806,2792,2792,737,33,704,0,191,1,520,183,1,512,0,8,0,0,gRNA_CDK19_targ_6628_4581
HDR,0.14691479,99.85308521,2792,2792,2042,3,2039,0,0,132,1911,0,128,1907,0,0,4,0,gRNA_CDK19_targ_6628_4581
Reference,0.25104603,99.74895397,1987,1987,1195,3,1192,0,4,0,1192,0,0,1188,0,4,0,0,gRNA_CDK19_targ_6629_4582
HDR,0.0,100.0,1987,1987,784,0,784,0,0,0,784,0,0,784,0,0,0,0,gRNA_CDK19_targ_6629_4582
Reference,100.0,0.0,1987,1987,3,3,0,0,0,0,0,0,0,0,0,0,0,0,gRNA_CDK19_targ_6629_4583
HDR,34.393404,65.606596,1987,1987,1698,584,1114,0,4,0,1114,0,0,1110,0,4,0,0,gRNA_CDK19_targ_6629_4583
Reference,1.04166667,98.95833333,1987,1987,288,3,285,0,0,0,285,0,0,285,0,0,0,0,gRNA_CDK19_targ_6629_4584
HDR,96.21212121,3.78787879,1987,1987,792,762,30,0,0,0,30,0,0,30,0,0,0,0,gRNA_CDK19_targ_6629_4584
Reference,31.70405586,68.29594414,11444,11338,6731,2134,4597,0,1,4,4596,0,1,4592,0,1,3,0,gRNA_CDK19_targ_6630_4585
HDR,46.39534884,53.60465116,11444,11338,4300,1995,2305,0,0,4,2302,0,3,2301,0,0,1,0,gRNA_CDK19_targ_6630_4585
Reference,77.77777778,22.22222222,3592,3591,72,56,16,0,4,9,5,2,9,3,0,2,0,0,gRNA_CDK19_targ_6631_4586
HDR,3.86576041,96.13423959,3592,3591,2354,91,2263,0,1,1,2262,0,1,2261,0,1,0,0,gRNA_CDK19_targ_6631_4586
Reference,32.93261626,67.06738374,6115,6115,3161,1041,2120,0,303,0,1853,267,0,1817,0,36,0,0,gRNA_CDK19_targ_6632_4587
HDR,46.85908319,53.14091681,6115,6115,2945,1380,1565,0,0,3,1563,0,2,1562,0,0,1,0,gRNA_CDK19_targ_6632_4587
Reference,40.1465484,59.8534516,6115,6115,2593,1041,1552,0,17,2,1534,16,2,1533,0,1,0,0,gRNA_CDK19_targ_6632_4588
HDR,45.6124031,54.3875969,6115,6115,3225,1471,1754,0,1,1,1753,1,0,1752,0,0,1,0,gRNA_CDK19_targ_6632_4588
Reference,72.84814556,27.15185444,6115,6115,1429,1041,388,0,301,2,120,266,2,85,0,35,0,0,gRNA_CDK19_targ_6632_4589
HDR,73.93048128,26.06951872,6115,6115,1496,1106,390,0,0,3,387,0,3,387,0,0,0,0,gRNA_CDK19_targ_6632_4589
Reference,60.79545455,39.20454545,5823,5823,176,107,69,0,58,0,34,35,0,11,0,23,0,0,gRNA_CDK19_targ_6633_4590
HDR,84.092827,15.907173,5823,5823,4740,3986,754,0,1,0,753,1,0,753,0,0,0,0,gRNA_CDK19_targ_6633_4590
Reference,4.77876106,95.22123894,3787,3787,565,27,538,0,1,55,484,1,53,482,0,0,2,0,gRNA_CDK19_targ_6634_4591
HDR,0.0,100.0,3787,3787,2550,0,2550,0,34,0,2550,0,0,2516,0,34,0,0,gRNA_CDK19_targ_6634_4591
Reference,31.39534884,68.60465116,3787,3787,86,27,59,0,1,55,5,1,53,3,0,0,2,0,gRNA_CDK19_targ_6634_4592
HDR,0.08285004,99.91714996,3787,3787,3621,3,3618,0,117,197,3346,82,190,3304,0,35,7,0,gRNA_CDK19_targ_6634_4592
Reference,18.75,81.25,3787,3787,144,27,117,0,1,55,63,1,53,61,0,0,2,0,gRNA_CDK19_targ_6634_4593
HDR,38.98252185,61.01747815,3787,3787,3204,1249,1955,0,117,197,1651,114,190,1641,0,3,7,0,gRNA_CDK19_targ_6634_4593
Reference,21.42857143,78.57142857,617,617,14,3,11,0,0,0,11,0,0,11,0,0,0,0,gRNA_CDK19_targ_6635_4594
HDR,0.0,100.0,617,617,603,0,603,0,0,0,603,0,0,603,0,0,0,0,gRNA_CDK19_targ_6635_4594
Reference,100.0,0.0,617,617,3,3,0,0,0,0,0,0,0,0,0,0,0,0,gRNA_CDK19_targ_6635_4595
HDR,0.3257329,99.6742671,617,617,614,2,612,0,0,0,612,0,0,612,0,0,0,0,gRNA_CDK19_targ_6635_4595
Reference,0.83798883,99.16201117,617,617,358,3,355,0,0,0,355,0,0,355,0,0,0,0,gRNA_CDK19_targ_6635_4596
HDR,0.0,100.0,617,617,259,0,259,0,0,0,259,0,0,259,0,0,0,0,gRNA_CDK19_targ_6635_4596
Reference,100.0,0.0,617,617,3,3,0,0,0,0,0,0,0,0,0,0,0,0,gRNA_CDK19_targ_6635_4597
HDR,57.04809287,42.95190713,617,617,603,344,259,0,0,0,259,0,0,259,0,0,0,0,gRNA_CDK19_targ_6635_4597
Reference,60.0,40.0,617,617,5,3,2,0,0,0,2,0,0,2,0,0,0,0,gRNA_CDK19_targ_6635_4598
HDR,0.0,100.0,617,617,250,0,250,0,0,0,250,0,0,250,0,0,0,0,gRNA_CDK19_targ_6635_4598
Reference,100.0,0.0,617,617,3,3,0,0,0,0,0,0,0,0,0,0,0,0,gRNA_CDK19_targ_6635_4599
HDR,3.08880309,96.91119691,617,617,259,8,251,0,0,0,251,0,0,251,0,0,0,0,gRNA_CDK19_targ_6635_4599
Reference,60.0,40.0,617,617,5,3,2,0,0,0,2,0,0,2,0,0,0,0,gRNA_CDK19_targ_6635_4600
HDR,25.98039216,74.01960784,617,617,612,159,453,0,0,0,453,0,0,453,0,0,0,0,gRNA_CDK19_targ_6635_4600
Reference,1.88216039,98.11783961,2892,2892,2444,46,2398,0,609,2,1899,497,2,1787,0,112,0,0,gRNA_CDK19_targ_6636_4601
HDR,0.0,100.0,2892,2892,435,0,435,0,0,2,434,0,1,433,0,0,1,0,gRNA_CDK19_targ_6636_4601
Reference,7.04441041,92.95558959,2892,2892,653,46,607,0,605,1,109,497,1,1,0,108,0,0,gRNA_CDK19_targ_6636_4602
HDR,56.53235653,43.46764347,2892,2892,1638,926,712,0,0,2,712,0,0,710,0,0,2,0,gRNA_CDK19_targ_6636_4602
Reference,3.68589744,96.31410256,2892,2892,1248,46,1202,0,609,2,703,497,2,591,0,112,0,0,gRNA_CDK19_targ_6636_4603
HDR,94.84304933,5.15695067,2892,2892,446,423,23,0,0,3,21,0,2,20,0,0,1,0,gRNA_CDK19_targ_6636_4603
Reference,100.0,0.0,1601,1213,11,11,0,0,0,0,0,0,0,0,0,0,0,0,gRNA_CDK19_targ_6637_4604
HDR,0.0,100.0,1601,1213,971,0,971,0,2,0,971,0,0,969,0,2,0,0,gRNA_CDK19_targ_6637_4604
Reference,1.40306122,98.59693878,1601,1212,784,11,773,0,1,0,773,0,0,772,0,1,0,0,gRNA_CDK19_targ_6637_4605
HDR,0.0,100.0,1601,1212,424,0,424,0,0,0,424,0,0,424,0,0,0,0,gRNA_CDK19_targ_6637_4605
Reference,4.58333333,95.41666667,1601,1212,240,11,229,0,0,0,229,0,0,229,0,0,0,0,gRNA_CDK19_targ_6637_4606
HDR,0.93676815,99.06323185,1601,1212,427,4,423,0,0,0,423,0,0,423,0,0,0,0,gRNA_CDK19_targ_6637_4606
Reference,18.98395722,81.01604278,3138,2990,374,71,303,0,2,1,302,0,0,301,1,1,0,0,gRNA_CDK19_targ_6638_4607
HDR,3.55504587,96.44495413,3138,2990,2616,93,2523,0,0,4,2523,0,0,2519,0,0,4,0,gRNA_CDK19_targ_6638_4607
Reference,41.76470588,58.23529412,3138,2990,170,71,99,0,1,1,98,0,0,98,1,0,0,0,gRNA_CDK19_targ_6638_4608
HDR,0.46728972,99.53271028,3138,2990,2782,13,2769,0,1,4,2768,1,0,2764,0,0,4,0,gRNA_CDK19_targ_6638_4608
Reference,2.57994186,97.42005814,3138,3045,2752,71,2681,0,1,5,2680,0,0,2676,1,0,4,0,gRNA_CDK19_targ_6638_4609
HDR,0.0,100.0,3138,3045,286,0,286,0,0,55,286,0,0,231,0,0,55,0,gRNA_CDK19_targ_6638_4609
Reference,62.83185841,37.16814159,3138,2990,113,71,42,0,1,1,41,0,0,41,1,0,0,0,gRNA_CDK19_targ_6638_4610
HDR,42.54559873,57.45440127,3138,2990,2522,1073,1449,0,0,4,1448,0,1,1445,0,0,3,0,gRNA_CDK19_targ_6638_4610
Reference,21.00591716,78.99408284,3138,2990,338,71,267,0,2,1,266,0,0,265,1,1,0,0,gRNA_CDK19_targ_6638_4611
HDR,0.0,100.0,3138,2990,200,0,200,0,0,0,200,0,0,200,0,0,0,0,gRNA_CDK19_targ_6638_4611
Reference,34.29951691,65.70048309,3138,2990,207,71,136,0,1,1,135,0,0,135,1,0,0,0,gRNA_CDK19_targ_6638_4612
HDR,14.34599156,85.65400844,3138,2990,237,34,203,0,1,0,202,1,0,202,0,0,0,0,gRNA_CDK19_targ_6638_4612
Reference,16.47331787,83.52668213,3138,2990,431,71,360,0,1,1,359,0,0,359,1,0,0,0,gRNA_CDK19_targ_6638_4613
HDR,7.35236605,92.64763395,3138,2990,2557,188,2369,0,0,4,2369,0,0,2365,0,0,4,0,gRNA_CDK19_targ_6638_4613
Reference,85.6641604,14.3358396,4701,4700,3990,3418,572,0,0,2,570,0,2,570,0,0,0,0,gRNA_CDK19_targ_6639_4614
HDR,96.24413146,3.75586854,4701,4700,426,410,16,0,0,0,16,0,0,16,0,0,0,0,gRNA_CDK19_targ_6639_4614
Reference,61.80713743,38.19286257,9998,9998,2634,1628,1006,0,0,2,1004,0,2,1004,0,0,0,0,gRNA_CDK19_targ_6640_4615
HDR,80.06407974,19.93592026,9998,9998,5618,4498,1120,0,0,2,1119,0,1,1118,0,0,1,0,gRNA_CDK19_targ_6640_4615
Reference,97.14285714,2.85714286,2691,2662,280,272,8,0,2,0,6,2,0,6,0,0,0,0,gRNA_CDK19_targ_6641_4616
HDR,49.42226891,50.57773109,2691,2662,1904,941,963,0,175,0,801,162,0,788,0,13,0,0,gRNA_CDK19_targ_6641_4616
Reference,14.39393939,85.60606061,4168,3926,264,38,226,0,0,0,226,0,0,226,0,0,0,0,gRNA_CDK19_targ_6642_4617
HDR,1.70434783,98.29565217,4168,3926,2875,49,2826,0,1,1,2825,1,0,2824,0,0,1,0,gRNA_CDK19_targ_6642_4617
Reference,6.85920578,93.14079422,4168,3926,554,38,516,0,1,0,516,0,0,515,0,1,0,0,gRNA_CDK19_targ_6642_4618
HDR,6.38171564,93.61828436,4168,3926,3369,215,3154,0,0,1,3154,0,0,3153,0,0,1,0,gRNA_CDK19_targ_6642_4618
Reference,7.55467197,92.44532803,4168,3926,503,38,465,0,0,0,465,0,0,465,0,0,0,0,gRNA_CDK19_targ_6642_4619
HDR,67.54609027,32.45390973,4168,3926,3146,2125,1021,0,0,1,1021,0,0,1020,0,0,1,0,gRNA_CDK19_targ_6642_4619
Reference,1.63522013,98.36477987,1888,1888,795,13,782,0,0,0,782,0,0,782,0,0,0,0,gRNA_CDK19_targ_6643_4620
HDR,0.0,100.0,1888,1888,1090,0,1090,0,0,0,1090,0,0,1090,0,0,0,0,gRNA_CDK19_targ_6643_4620
Reference,92.85714286,7.14285714,1888,1888,14,13,1,0,0,0,1,0,0,1,0,0,0,0,gRNA_CDK19_targ_6643_4621
HDR,25.01699524,74.98300476,1888,1888,1471,368,1103,0,0,0,1103,0,0,1103,0,0,0,0,gRNA_CDK19_targ_6643_4621
Reference,1.15555556,98.84444444,1888,1888,1125,13,1112,0,0,0,1112,0,0,1112,0,0,0,0,gRNA_CDK19_targ_6643_4622
HDR,0.0,100.0,1888,1888,763,0,763,0,0,0,763,0,0,763,0,0,0,0,gRNA_CDK19_targ_6643_4622
Reference,3.125,96.875,1888,1888,416,13,403,0,0,0,403,0,0,403,0,0,0,0,gRNA_CDK19_targ_6643_4623
HDR,29.57875458,70.42124542,1888,1888,1092,323,769,0,0,0,769,0,0,769,0,0,0,0,gRNA_CDK19_targ_6643_4623
Reference,1.63522013,98.36477987,1888,1888,795,13,782,0,0,0,782,0,0,782,0,0,0,0,gRNA_CDK19_targ_6643_4624
HDR,0.0,100.0,1888,1888,761,0,761,0,0,0,761,0,0,761,0,0,0,0,gRNA_CDK19_targ_6643_4624
Reference,3.117506,96.882494,1888,1888,417,13,404,0,0,0,404,0,0,404,0,0,0,0,gRNA_CDK19_targ_6643_4625
HDR,0.2621232,99.7378768,1888,1888,763,2,761,0,0,0,761,0,0,761,0,0,0,0,gRNA_CDK19_targ_6643_4625
Reference,1.6372796,98.3627204,1888,1888,794,13,781,0,0,0,781,0,0,781,0,0,0,0,gRNA_CDK19_targ_6643_4626
HDR,67.79505947,32.20494053,1888,1888,1093,741,352,0,0,0,352,0,0,352,0,0,0,0,gRNA_CDK19_targ_6643_4626
Reference,9.44206009,90.55793991,617,617,466,44,422,0,0,0,422,0,0,422,0,0,0,0,gRNA_CDK19_targ_6644_4627
HDR,92.0,8.0,617,617,150,138,12,0,0,0,12,0,0,12,0,0,0,0,gRNA_CDK19_targ_6644_4627
Reference,8.96946565,91.03053435,3606,3606,1048,94,954,0,1,305,954,0,0,648,0,1,305,0,gRNA_CDK19_targ_6645_4628
HDR,0.0391696,99.9608304,3606,3606,2553,1,2552,0,0,2,2551,0,1,2550,0,0,1,0,gRNA_CDK19_targ_6645_4628
Reference,28.14371257,71.85628743,3606,3606,334,94,240,0,0,237,240,0,0,3,0,0,237,0,gRNA_CDK19_targ_6645_4629
HDR,7.38761396,92.61238604,3606,3606,3181,235,2946,0,2,69,2944,1,1,2875,0,1,68,0,gRNA_CDK19_targ_6645_4629
Reference,26.85714286,73.14285714,3606,3606,350,94,256,0,0,238,256,0,0,18,0,0,238,0,gRNA_CDK19_targ_6645_4630
HDR,65.27180289,34.72819711,3606,3606,2557,1669,888,0,1,2,885,1,2,885,0,0,0,0,gRNA_CDK19_targ_6645_4630
Reference,1.03626943,98.96373057,2056,2054,1351,14,1337,0,0,1,1337,0,0,1336,0,0,1,0,gRNA_CDK19_targ_6646_4631
HDR,0.0,100.0,2056,2054,231,0,231,0,0,0,231,0,0,231,0,0,0,0,gRNA_CDK19_targ_6646_4631
Reference,82.35294118,17.64705882,2056,2054,17,14,3,0,0,0,3,0,0,3,0,0,0,0,gRNA_CDK19_targ_6646_4632
HDR,10.06224066,89.93775934,2056,2054,964,97,867,0,0,0,867,0,0,867,0,0,0,0,gRNA_CDK19_targ_6646_4632
Reference,1.5819209,98.4180791,2056,2054,885,14,871,0,0,1,871,0,0,870,0,0,1,0,gRNA_CDK19_targ_6646_4633
HDR,0.0,100.0,2056,2054,1166,0,1166,0,0,0,1166,0,0,1166,0,0,0,0,gRNA_CDK19_targ_6646_4633
Reference,2.22929936,97.77070064,2056,2054,628,14,614,0,0,1,614,0,0,613,0,0,1,0,gRNA_CDK19_targ_6646_4634
HDR,0.0,100.0,2056,2054,247,0,247,0,0,0,247,0,0,247,0,0,0,0,gRNA_CDK19_targ_6646_4634
Reference,1.592719,98.407281,2056,2054,879,14,865,0,0,1,865,0,0,864,0,0,1,0,gRNA_CDK19_targ_6646_4635
HDR,0.0,100.0,2056,2054,528,0,528,0,0,0,528,0,0,528,0,0,0,0,gRNA_CDK19_targ_6646_4635
Reference,3.87811634,96.12188366,2056,2054,361,14,347,0,0,1,347,0,0,346,0,0,1,0,gRNA_CDK19_targ_6646_4636
HDR,0.0856898,99.9143102,2056,2054,1167,1,1166,0,0,0,1166,0,0,1166,0,0,0,0,gRNA_CDK19_targ_6646_4636
Reference,1.60183066,98.39816934,2056,2054,874,14,860,0,0,1,860,0,0,859,0,0,1,0,gRNA_CDK19_targ_6646_4637
HDR,2.17687075,97.82312925,2056,2054,735,16,719,0,0,0,719,0,0,719,0,0,0,0,gRNA_CDK19_targ_6646_4637
Reference,49.81684982,50.18315018,1710,1710,273,136,137,0,0,87,51,0,86,50,0,0,1,0,gRNA_CDK19_targ_6647_4638
HDR,0.0,100.0,1710,1710,1435,0,1435,0,124,0,1435,0,0,1311,0,124,0,0,gRNA_CDK19_targ_6647_4638
Reference,58.87445887,41.12554113,1710,1710,231,136,95,0,0,87,9,0,86,8,0,0,1,0,gRNA_CDK19_targ_6647_4639
HDR,0.0,100.0,1710,1710,1054,0,1054,0,124,1,1054,0,0,929,0,124,1,0,gRNA_CDK19_targ_6647_4639
Reference,57.38396624,42.61603376,1710,1710,237,136,101,0,0,87,15,0,86,14,0,0,1,0,gRNA_CDK19_targ_6647_4640
HDR,26.46239554,73.53760446,1710,1710,1436,380,1056,0,124,1,933,123,0,931,0,1,1,0,gRNA_CDK19_targ_6647_4640
Reference,2.37529691,97.62470309,6768,6758,842,20,822,0,0,1,821,0,1,821,0,0,0,0,gRNA_CDK19_targ_6648_4641
HDR,0.0,100.0,6768,6758,4018,0,4018,0,4,3,4018,0,0,4011,0,4,3,0,gRNA_CDK19_targ_6648_4641
Reference,2.26476139,97.73523861,4230,4230,3709,84,3625,0,38,260,3590,35,0,3327,0,3,260,0,gRNA_CDK19_targ_6649_4642
HDR,0.0,100.0,4230,4230,512,0,512,0,0,0,512,0,0,512,0,0,0,0,gRNA_CDK19_targ_6649_4642
Reference,12.20930233,87.79069767,4230,4230,688,84,604,0,37,1,569,35,0,566,0,2,1,0,gRNA_CDK19_targ_6649_4643
HDR,7.79881322,92.20118678,4230,4230,3539,276,3263,0,1,258,3261,1,1,3004,0,0,257,0,gRNA_CDK19_targ_6649_4643
Reference,14.2614601,85.7385399,4230,4230,589,84,505,0,1,0,504,1,0,504,0,0,0,0,gRNA_CDK19_targ_6649_4644
HDR,9.19444444,90.80555556,4230,4230,3600,331,3269,0,0,260,3267,0,2,3009,0,0,258,0,gRNA_CDK19_targ_6649_4644
Reference,12.15629522,87.84370478,4230,4230,691,84,607,0,37,2,572,35,0,568,0,2,2,0,gRNA_CDK19_targ_6649_4645
HDR,0.0,100.0,4230,4230,520,0,520,0,0,0,520,0,0,520,0,0,0,0,gRNA_CDK19_targ_6649_4645
Reference,13.33333333,86.66666667,4230,4230,630,84,546,0,38,0,511,35,0,508,0,3,0,0,gRNA_CDK19_targ_6649_4646
HDR,0.0,100.0,4230,4230,519,0,519,0,0,0,519,0,0,519,0,0,0,0,gRNA_CDK19_targ_6649_4646
Reference,24.56140351,75.43859649,4230,4230,342,84,258,0,37,0,223,35,0,221,0,2,0,0,gRNA_CDK19_targ_6649_4647
HDR,73.60343769,26.39656231,4230,4230,3258,2398,860,0,1,259,604,1,255,600,0,0,4,0,gRNA_CDK19_targ_6649_4647
Reference,8.66873065,91.33126935,4230,4230,969,84,885,0,37,1,850,35,0,847,0,2,1,0,gRNA_CDK19_targ_6649_4648
HDR,15.41538462,84.58461538,4230,4230,3250,501,2749,0,0,257,2749,0,0,2492,0,0,257,0,gRNA_CDK19_targ_6649_4648
Reference,75.87301587,24.12698413,2318,2318,315,239,76,0,0,9,67,0,9,67,0,0,0,0,gRNA_CDK19_targ_6650_4649
HDR,96.78714859,3.21285141,2318,2318,1992,1928,64,0,0,1,63,0,1,63,0,0,0,0,gRNA_CDK19_targ_6650_4649
Reference,10.38678835,89.61321165,2318,2318,2301,239,2062,0,0,2,2061,0,1,2060,0,0,1,0,gRNA_CDK19_targ_6650_4650
HDR,0.0,100.0,2318,2318,1,0,1,0,0,0,1,0,0,1,0,0,0,0,gRNA_CDK19_targ_6650_4650
Reference,73.31288344,26.68711656,2318,2318,326,239,87,0,0,9,78,0,9,78,0,0,0,0,gRNA_CDK19_targ_6650_4651
HDR,16.66666667,83.33333333,2318,2318,6,1,5,0,0,0,5,0,0,5,0,0,0,0,gRNA_CDK19_targ_6650_4651
Reference,41.67455061,58.32544939,7326,7326,2114,881,1233,0,290,230,1228,4,1,713,0,286,229,0,gRNA_CDK19_targ_6653_4652
HDR,94.44211409,5.55788591,7326,7326,4768,4503,265,0,2,10,255,1,9,253,0,1,1,0,gRNA_CDK19_targ_6653_4652
Reference,0.0,100.0,3643,3628,1792,0,1792,0,78,1,1720,72,0,1713,0,6,1,0,gRNA_CDK19_targ_6654_4653
HDR,0.0,100.0,3643,3628,1831,0,1831,0,0,3,1831,0,0,1828,0,0,3,0,gRNA_CDK19_targ_6654_4653
Reference,0.0,100.0,3643,3628,471,0,471,0,75,0,399,72,0,396,0,3,0,0,gRNA_CDK19_targ_6654_4654
HDR,0.0,100.0,3643,3628,3152,0,3152,0,3,4,3150,2,0,3145,0,1,4,0,gRNA_CDK19_targ_6654_4654
Reference,0.0,100.0,3643,3628,9,0,9,0,0,0,9,0,0,9,0,0,0,0,gRNA_CDK19_targ_6654_4655
HDR,0.68792996,99.31207004,3643,3628,3198,22,3176,0,3,4,3174,2,0,3169,0,1,4,0,gRNA_CDK19_targ_6654_4655
Reference,0.0,100.0,3643,3628,128,0,128,0,75,0,56,72,0,53,0,3,0,0,gRNA_CDK19_targ_6654_4656
HDR,0.0,100.0,3643,3628,1487,0,1487,0,0,3,1487,0,0,1484,0,0,3,0,gRNA_CDK19_targ_6654_4656
Reference,0.0,100.0,3643,3628,90,0,90,0,75,0,18,72,0,15,0,3,0,0,gRNA_CDK19_targ_6654_4657
HDR,0.49046322,99.50953678,3643,3628,1835,9,1826,0,0,3,1826,0,0,1823,0,0,3,0,gRNA_CDK19_targ_6654_4657
Reference,0.0,100.0,3643,3628,428,0,428,0,75,0,356,72,0,353,0,3,0,0,gRNA_CDK19_targ_6654_4658
HDR,51.12662647,48.87337353,3643,3628,3151,1611,1540,0,3,4,1536,3,1,1533,0,0,3,0,gRNA_CDK19_targ_6654_4658
Reference,0.0,100.0,3643,3628,127,0,127,0,75,0,55,72,0,52,0,3,0,0,gRNA_CDK19_targ_6654_4659
HDR,45.47181761,54.52818239,3643,3628,3158,1436,1722,0,1,4,1719,0,3,1717,0,1,1,0,gRNA_CDK19_targ_6654_4659
Reference,0.0,100.0,5996,5986,453,0,453,0,1,449,314,1,138,3,0,0,311,0,gRNA_CDK19_targ_6655_4660
HDR,4.12371134,95.87628866,5996,5986,5529,228,5301,0,550,1306,4884,41,376,3445,0,509,930,0,gRNA_CDK19_targ_6655_4660
Reference,33.33333333,66.66666667,1719,1719,3,1,2,0,1,0,2,0,0,1,0,1,0,0,gRNA_CDK19_targ_6656_4661
HDR,0.06901311,99.93098689,1719,1719,1449,1,1448,0,0,3,1448,0,0,1445,0,0,3,0,gRNA_CDK19_targ_6656_4661
Reference,,,959,959,0,0,0,0,0,0,0,0,0,0,0,0,0,0,gRNA_CDK19_targ_6657_4662
HDR,0.69605568,99.30394432,959,959,862,6,856,0,0,0,856,0,0,856,0,0,0,0,gRNA_CDK19_targ_6657_4662
Reference,,,148,148,0,0,0,0,0,0,0,0,0,0,0,0,0,0,gRNA_CDK19_targ_6658_4663
HDR,0.0,100.0,148,148,111,0,111,0,24,0,87,24,0,87,0,0,0,0,gRNA_CDK19_targ_6658_4663
Reference,,,21,21,0,0,0,0,0,0,0,0,0,0,0,0,0,0,gRNA_CDK19_targ_6660_4664
HDR,0.0,100.0,21,21,19,0,19,0,0,0,19,0,0,19,0,0,0,0,gRNA_CDK19_targ_6660_4664
Reference,,,21,21,0,0,0,0,0,0,0,0,0,0,0,0,0,0,gRNA_CDK19_targ_6660_4665
HDR,0.0,100.0,21,21,21,0,21,0,0,0,21,0,0,21,0,0,0,0,gRNA_CDK19_targ_6660_4665
Reference,,,21,21,0,0,0,0,0,0,0,0,0,0,0,0,0,0,gRNA_CDK19_targ_6660_4666
HDR,0.0,100.0,21,21,21,0,21,0,0,0,21,0,0,21,0,0,0,0,gRNA_CDK19_targ_6660_4666
Reference,,,1,1,0,0,0,0,0,0,0,0,0,0,0,0,0,0,gRNA_CDK19_targ_6661_4667
HDR,0.0,100.0,1,1,1,0,1,0,0,0,1,0,0,1,0,0,0,0,gRNA_CDK19_targ_6661_4667
Reference,,,1,1,0,0,0,0,0,0,0,0,0,0,0,0,0,0,gRNA_CDK19_targ_6661_4668
HDR,0.0,100.0,1,1,1,0,1,0,0,0,1,0,0,1,0,0,0,0,gRNA_CDK19_targ_6661_4668
Reference,,,1,1,0,0,0,0,0,0,0,0,0,0,0,0,0,0,gRNA_CDK19_targ_6661_4669
HDR,0.0,100.0,1,1,1,0,1,0,0,0,1,0,0,1,0,0,0,0,gRNA_CDK19_targ_6661_4669
Reference,0.0,100.0,6,6,4,0,4,0,3,1,3,0,1,0,0,3,0,0,gRNA_CDK19_targ_6662_4670
HDR,0.0,100.0,6,6,2,0,2,0,0,0,2,0,0,2,0,0,0,0,gRNA_CDK19_targ_6662_4670
Reference,,,93,93,0,0,0,0,0,0,0,0,0,0,0,0,0,0,gRNA_CDK19_targ_6663_4671
HDR,0.0,100.0,93,93,93,0,93,0,0,0,93,0,0,93,0,0,0,0,gRNA_CDK19_targ_6663_4671
Reference,,,5,5,0,0,0,0,0,0,0,0,0,0,0,0,0,0,gRNA_CDK19_targ_6664_4672
HDR,100.0,0.0,5,5,3,3,0,0,0,0,0,0,0,0,0,0,0,0,gRNA_CDK19_targ_6664_4672
Reference,,,1,1,0,0,0,0,0,0,0,0,0,0,0,0,0,0,gRNA_CDK19_targ_6665_4673
HDR,100.0,0.0,1,1,1,1,0,0,0,0,0,0,0,0,0,0,0,0,gRNA_CDK19_targ_6665_4673
Reference,0.0,100.0,11,11,4,0,4,0,0,0,4,0,0,4,0,0,0,0,gRNA_CDK19_targ_6666_4674
HDR,57.14285714,42.85714286,11,11,7,4,3,0,0,0,3,0,0,3,0,0,0,0,gRNA_CDK19_targ_6666_4674
Reference,12.5,87.5,9,9,8,1,7,0,0,1,6,0,1,6,0,0,0,0,gRNA_CDK19_targ_6669_4675
HDR,100.0,0.0,9,9,1,1,0,0,0,0,0,0,0,0,0,0,0,0,gRNA_CDK19_targ_6669_4675
Reference,0.0,0.0,0,0,0,0,0,0,0,0,0,0,0,0,0,0,0,0,gRNA_CDK19_targ_6670_4676
HDR,0.0,0.0,0,0,0,0,0,0,0,0,0,0,0,0,0,0,0,0,gRNA_CDK19_targ_6670_4676
Reference,0.66666667,99.33333333,423,417,150,1,149,0,0,3,149,0,0,146,0,0,3,0,gRNA_CDK19_targ_6671_4677
HDR,0.0,100.0,423,417,267,0,267,0,0,0,267,0,0,267,0,0,0,0,gRNA_CDK19_targ_6671_4677
Reference,3.125,96.875,423,417,32,1,31,0,0,3,31,0,0,28,0,0,3,0,gRNA_CDK19_targ_6671_4678
HDR,29.50391645,70.49608355,423,417,383,113,270,0,0,0,270,0,0,270,0,0,0,0,gRNA_CDK19_targ_6671_4678
Reference,0.25974026,99.74025974,423,417,385,1,384,0,0,0,384,0,0,384,0,0,0,0,gRNA_CDK19_targ_6671_4679
HDR,,,423,417,0,0,0,0,0,0,0,0,0,0,0,0,0,0,gRNA_CDK19_targ_6671_4679
Reference,2.94117647,97.05882353,423,417,34,1,33,0,0,3,33,0,0,30,0,0,3,0,gRNA_CDK19_targ_6671_4680
HDR,100.0,0.0,423,417,267,267,0,0,0,0,0,0,0,0,0,0,0,0,gRNA_CDK19_targ_6671_4680
Reference,0.66666667,99.33333333,423,417,150,1,149,0,0,3,149,0,0,146,0,0,3,0,gRNA_CDK19_targ_6671_4681
HDR,,,423,417,0,0,0,0,0,0,0,0,0,0,0,0,0,0,gRNA_CDK19_targ_6671_4681
Reference,2.94117647,97.05882353,423,417,34,1,33,0,0,3,33,0,0,30,0,0,3,0,gRNA_CDK19_targ_6671_4682
HDR,0.0,100.0,423,417,1,0,1,0,0,0,1,0,0,1,0,0,0,0,gRNA_CDK19_targ_6671_4682
Reference,0.67114094,99.32885906,423,417,149,1,148,0,0,3,148,0,0,145,0,0,3,0,gRNA_CDK19_targ_6671_4683
HDR,0.0,100.0,423,417,267,0,267,0,0,0,267,0,0,267,0,0,0,0,gRNA_CDK19_targ_6671_4683
Reference,17.24137931,82.75862069,3345,3345,116,20,96,0,62,2,95,1,0,32,0,61,2,0,gRNA_CDK19_targ_6672_4684
HDR,0.0,100.0,3345,3345,3226,0,3226,0,0,1,3226,0,0,3225,0,0,1,0,gRNA_CDK19_targ_6672_4684
Reference,23.52941176,76.47058824,3345,3345,85,20,65,0,59,1,65,0,0,5,0,59,1,0,gRNA_CDK19_targ_6672_4685
HDR,0.76757753,99.23242247,3345,3345,3257,25,3232,0,2,2,3230,1,1,3228,0,1,1,0,gRNA_CDK19_targ_6672_4685
Reference,23.52941176,76.47058824,3345,3345,85,20,65,0,59,1,65,0,0,5,0,59,1,0,gRNA_CDK19_targ_6672_4686
HDR,79.98760843,20.01239157,3345,3345,3228,2582,646,0,0,1,645,0,1,645,0,0,0,0,gRNA_CDK19_targ_6672_4686
Reference,67.82178218,32.17821782,4764,4760,202,137,65,0,49,0,21,44,0,16,0,5,0,0,gRNA_CDK19_targ_6673_4687
HDR,14.86152324,85.13847676,4764,4760,4044,601,3443,0,109,4,3442,0,1,3330,0,109,3,0,gRNA_CDK19_targ_6673_4687
Reference,15.27313266,84.72686734,4764,4760,897,137,760,0,108,1,760,0,0,651,0,108,1,0,gRNA_CDK19_targ_6673_4688
HDR,0.21074816,99.78925184,4764,4760,3796,8,3788,0,10,3,3779,9,0,3775,0,1,3,0,gRNA_CDK19_targ_6673_4688
Reference,60.35242291,39.64757709,4764,4760,227,137,90,0,49,0,46,44,0,41,0,5,0,0,gRNA_CDK19_targ_6673_4689
HDR,85.15295359,14.84704641,4764,4760,3792,3229,563,0,10,3,551,9,3,550,0,1,0,0,gRNA_CDK19_targ_6673_4689
Reference,4.5174538,95.4825462,2807,2807,487,22,465,0,293,0,181,284,0,172,0,9,0,0,gRNA_CDK19_targ_6674_4690
HDR,14.39393939,85.60606061,2807,2807,2112,304,1808,0,0,2,1808,0,0,1806,0,0,2,0,gRNA_CDK19_targ_6674_4690
Reference,16.07678464,83.92321536,6219,6218,1667,268,1399,0,646,139,1305,2,92,614,0,644,47,0,gRNA_CDK19_targ_6675_4691
HDR,54.03519417,45.96480583,6219,6218,3296,1781,1515,0,1,7,1511,1,3,1507,0,0,4,0,gRNA_CDK19_targ_6675_4691
Reference,0.0,100.0,2331,2331,14,0,14,0,0,0,14,0,0,14,0,0,0,0,gRNA_CDK19_targ_6676_4692
HDR,0.08775779,99.91224221,2331,2331,2279,2,2277,0,263,239,1789,258,230,1775,0,5,9,0,gRNA_CDK19_targ_6676_4692
Reference,0.0,100.0,2331,2331,281,0,281,0,264,0,281,0,0,17,0,264,0,0,gRNA_CDK19_targ_6676_4693
HDR,0.0,100.0,2331,2331,1811,0,1811,0,0,3,1811,0,0,1808,0,0,3,0,gRNA_CDK19_targ_6676_4693
Reference,0.0,100.0,2331,2331,15,0,15,0,1,0,15,0,0,14,0,1,0,0,gRNA_CDK19_targ_6676_4694
HDR,84.47265625,15.52734375,2331,2331,2048,1730,318,0,0,239,85,0,233,79,0,0,6,0,gRNA_CDK19_targ_6676_4694
Reference,1.09140518,98.90859482,1992,1872,733,8,725,0,338,0,725,0,0,387,0,338,0,0,gRNA_CDK19_targ_6677_4695
HDR,0.0,100.0,1992,1872,790,0,790,0,1,1,790,0,0,788,0,1,1,0,gRNA_CDK19_targ_6677_4695
Reference,2.48447205,97.51552795,1992,1872,322,8,314,0,2,0,314,0,0,312,0,2,0,0,gRNA_CDK19_targ_6677_4696
HDR,0.08143322,99.91856678,1992,1872,1228,1,1227,0,337,0,925,302,0,890,0,35,0,0,gRNA_CDK19_targ_6677_4696
Reference,0.81716037,99.18283963,1992,1872,979,8,971,0,339,0,971,0,0,632,0,339,0,0,gRNA_CDK19_targ_6677_4697
HDR,0.0,100.0,1992,1872,851,0,851,0,0,1,851,0,0,850,0,0,1,0,gRNA_CDK19_targ_6677_4697
Reference,2.4691358,97.5308642,1992,1872,324,8,316,0,2,0,316,0,0,314,0,2,0,0,gRNA_CDK19_targ_6677_4698
HDR,1.49384886,98.50615114,1992,1872,1138,17,1121,0,1,1,1121,0,0,1119,0,1,1,0,gRNA_CDK19_targ_6677_4698
Reference,0.83246618,99.16753382,1992,1872,961,8,953,0,338,0,953,0,0,615,0,338,0,0,gRNA_CDK19_targ_6677_4699
HDR,0.0,100.0,1992,1872,779,0,779,0,0,1,779,0,0,778,0,0,1,0,gRNA_CDK19_targ_6677_4699
Reference,2.47678019,97.52321981,1992,1872,323,8,315,0,2,0,315,0,0,313,0,2,0,0,gRNA_CDK19_targ_6677_4700
HDR,7.72676372,92.27323628,1992,1872,893,69,824,0,0,1,824,0,0,823,0,0,1,0,gRNA_CDK19_targ_6677_4700
Reference,1.21212121,98.78787879,1992,1872,660,8,652,0,338,0,652,0,0,314,0,338,0,0,gRNA_CDK19_targ_6677_4701
HDR,1.31868132,98.68131868,1992,1872,910,12,898,0,1,1,898,0,0,896,0,1,1,0,gRNA_CDK19_targ_6677_4701
Reference,9.95569455,90.04430545,9949,9947,3837,382,3455,0,312,0,3194,261,0,3143,0,51,0,0,gRNA_CDK19_targ_6678_4702
HDR,0.0,100.0,9949,9947,5382,0,5382,0,0,2,5382,0,0,5380,0,0,2,0,gRNA_CDK19_targ_6678_4702
Reference,32.67750214,67.32249786,9949,9947,1169,382,787,0,309,0,526,261,0,478,0,48,0,0,gRNA_CDK19_targ_6678_4703
HDR,12.88578212,87.11421788,9949,9947,7582,977,6605,0,1,2,6604,1,0,6602,0,0,2,0,gRNA_CDK19_targ_6678_4703
Reference,18.7992126,81.2007874,9949,9947,2032,382,1650,0,311,0,1389,261,0,1339,0,50,0,0,gRNA_CDK19_targ_6678_4704
HDR,42.42424242,57.57575758,9949,9947,6105,2590,3515,0,0,2,3514,0,1,3513,0,0,1,0,gRNA_CDK19_targ_6678_4704
Reference,7.54567117,92.45432883,3258,3258,1259,95,1164,0,71,1,1163,1,0,1092,0,70,1,0,gRNA_CDK19_targ_6679_4705
HDR,9.71973763,90.28026237,3258,3258,1677,163,1514,0,0,1,1514,0,0,1513,0,0,1,0,gRNA_CDK19_targ_6679_4705
Reference,16.29502573,83.70497427,3258,3258,583,95,488,0,0,0,488,0,0,488,0,0,0,0,gRNA_CDK19_targ_6679_4706
HDR,9.7752809,90.2247191,3258,3258,2670,261,2409,0,70,3,2339,70,0,2336,0,0,3,0,gRNA_CDK19_targ_6679_4706
Reference,22.67303103,77.32696897,3258,3258,419,95,324,0,1,0,323,1,0,323,0,0,0,0,gRNA_CDK19_targ_6679_4707
HDR,92.14521452,7.85478548,3258,3258,1515,1396,119,0,0,2,118,0,1,117,0,0,1,0,gRNA_CDK19_targ_6679_4707
Reference,22.1113882,77.8886118,7788,7787,1203,266,937,0,0,2,937,0,0,935,0,0,2,0,gRNA_CDK19_targ_6680_4708
HDR,13.41463415,86.58536585,7788,7787,5822,781,5041,0,255,71,4978,62,1,4715,0,193,70,0,gRNA_CDK19_targ_6680_4708
Reference,6.30481157,93.69518843,7788,7787,4219,266,3953,0,255,4,3952,0,1,3694,0,255,3,0,gRNA_CDK19_targ_6680_4709
HDR,0.0,100.0,7788,7787,3398,0,3398,0,0,3,3398,0,0,3395,0,0,3,0,gRNA_CDK19_targ_6680_4709
Reference,32.88009889,67.11990111,7788,7787,809,266,543,0,0,3,542,0,1,540,0,0,2,0,gRNA_CDK19_targ_6680_4710
HDR,0.90361446,99.09638554,7788,7787,2656,24,2632,0,0,69,2632,0,0,2563,0,0,69,0,gRNA_CDK19_targ_6680_4710
Reference,18.25949367,81.74050633,5375,5374,3160,577,2583,0,1,5,2581,1,1,2577,0,0,4,0,gRNA_CDK19_targ_6681_4711
HDR,0.0,100.0,5375,5374,2096,0,2096,0,0,0,2096,0,0,2096,0,0,0,0,gRNA_CDK19_targ_6681_4711
Reference,82.54649499,17.45350501,5375,5374,699,577,122,0,1,1,120,1,1,120,0,0,0,0,gRNA_CDK19_targ_6681_4712
HDR,1.20105693,98.79894307,5375,5374,4163,50,4113,0,0,3,4111,0,2,4110,0,0,1,0,gRNA_CDK19_targ_6681_4712
Reference,50.2175805,49.7824195,5375,5374,1149,577,572,0,0,4,571,0,1,568,0,0,3,0,gRNA_CDK19_targ_6681_4713
HDR,2.43902439,97.56097561,5375,5374,4100,100,4000,0,0,1,4000,0,0,3999,0,0,1,0,gRNA_CDK19_targ_6681_4713
Reference,54.64015152,45.35984848,5375,5374,1056,577,479,0,1,2,477,1,1,476,0,0,1,0,gRNA_CDK19_targ_6681_4714
HDR,0.09045681,99.90954319,5375,5374,2211,2,2209,0,0,0,2209,0,0,2209,0,0,0,0,gRNA_CDK19_targ_6681_4714
Reference,54.84790875,45.15209125,5375,5374,1052,577,475,0,1,4,473,1,1,470,0,0,3,0,gRNA_CDK19_targ_6681_4715
HDR,0.0,100.0,5375,5374,2059,0,2059,0,0,0,2059,0,0,2059,0,0,0,0,gRNA_CDK19_targ_6681_4715
Reference,52.74223035,47.25776965,5375,5374,1094,577,517,0,1,2,515,1,1,514,0,0,1,0,gRNA_CDK19_targ_6681_4716
HDR,45.82118562,54.17881438,5375,5374,4116,1886,2230,0,0,1,2229,0,1,2229,0,0,0,0,gRNA_CDK19_targ_6681_4716
Reference,52.55009107,47.44990893,5375,5374,1098,577,521,0,1,4,519,1,1,516,0,0,3,0,gRNA_CDK19_targ_6681_4717
HDR,30.40157674,69.59842326,5375,5374,4059,1234,2825,0,0,1,2825,0,0,2824,0,0,1,0,gRNA_CDK19_targ_6681_4717
Reference,1.03004292,98.96995708,4915,4915,2330,24,2306,0,273,1,2306,0,0,2032,0,273,1,0,gRNA_CDK19_targ_6682_4718
HDR,0.0,100.0,4915,4915,2224,0,2224,0,22,1,2224,0,0,2201,0,22,1,0,gRNA_CDK19_targ_6682_4718
Reference,1.72661871,98.27338129,4915,4915,1390,24,1366,0,24,1,1366,0,0,1341,0,24,1,0,gRNA_CDK19_targ_6682_4719
HDR,0.0,100.0,4915,4915,3357,0,3357,0,271,1,3181,176,0,3085,0,95,1,0,gRNA_CDK19_targ_6682_4719
Reference,3.01507538,96.98492462,4915,4915,796,24,772,0,2,2,772,0,0,768,0,2,2,0,gRNA_CDK19_targ_6682_4720
HDR,0.0,100.0,4915,4915,1629,0,1629,0,0,1,1629,0,0,1628,0,0,1,0,gRNA_CDK19_targ_6682_4720
Reference,8.33333333,91.66666667,5001,4998,3312,276,3036,0,158,3,2881,155,0,2875,0,3,3,0,gRNA_CDK19_targ_6683_4721
HDR,0.17921147,99.82078853,5001,4998,1674,3,1671,0,0,1,1671,0,0,1670,0,0,1,0,gRNA_CDK19_targ_6683_4721
Reference,9.72515856,90.27484144,5001,4998,2838,276,2562,0,157,2,2407,155,0,2403,0,2,2,0,gRNA_CDK19_targ_6683_4722
HDR,0.09306654,99.90693346,5001,4998,2149,2,2147,0,0,2,2147,0,0,2145,0,0,2,0,gRNA_CDK19_targ_6683_4722
Reference,16.29279811,83.70720189,5001,4998,1694,276,1418,0,159,1,1263,155,0,1258,0,4,1,0,gRNA_CDK19_targ_6683_4723
HDR,0.19083969,99.80916031,5001,4998,524,1,523,0,0,0,523,0,0,523,0,0,0,0,gRNA_CDK19_targ_6683_4723
Reference,21.78301093,78.21698907,4907,4907,2378,518,1860,0,164,2,1699,159,2,1694,0,5,0,0,gRNA_CDK19_targ_6684_4724
HDR,21.81291391,78.18708609,4907,4907,2416,527,1889,0,0,1,1889,0,0,1888,0,0,1,0,gRNA_CDK19_targ_6684_4724
Reference,35.42199488,64.57800512,2756,2756,782,277,505,0,470,2,63,441,1,33,0,29,1,0,gRNA_CDK19_targ_6685_4725
HDR,11.11111111,88.88888889,2756,2756,1683,187,1496,0,1,235,1265,1,230,1260,0,0,5,0,gRNA_CDK19_targ_6685_4725
Reference,17.89405685,82.10594315,2756,2756,1548,277,1271,0,467,237,830,440,1,567,0,27,236,0,gRNA_CDK19_targ_6685_4726
HDR,0.17667845,99.82332155,2756,2756,1132,2,1130,0,0,0,1130,0,0,1130,0,0,0,0,gRNA_CDK19_targ_6685_4726
Reference,27.72772773,72.27227227,2756,2756,999,277,722,0,470,3,280,441,1,249,0,29,2,0,gRNA_CDK19_targ_6685_4727
HDR,11.82700794,88.17299206,2756,2756,1133,134,999,0,1,1,998,1,0,997,0,0,1,0,gRNA_CDK19_targ_6685_4727
Reference,1.39158576,98.60841424,6458,6183,3090,43,3047,0,9,638,2417,5,625,2400,0,4,13,0,gRNA_CDK19_targ_6686_4728
HDR,0.0755287,99.9244713,6458,6183,2648,2,2646,0,0,3,2645,0,1,2643,0,0,2,0,gRNA_CDK19_targ_6686_4728
Reference,1.81741336,98.18258664,6458,6183,2366,43,2323,0,34,638,1694,5,624,1651,0,29,14,0,gRNA_CDK19_targ_6686_4729
HDR,0.0,100.0,6458,6183,3402,0,3402,0,0,4,3400,0,2,3398,0,0,2,0,gRNA_CDK19_targ_6686_4729
Reference,4.39672802,95.60327198,6458,6183,978,43,935,0,7,636,308,3,624,292,0,4,12,0,gRNA_CDK19_targ_6686_4730
HDR,0.0,100.0,6458,6183,4433,0,4433,0,0,3,4431,0,2,4430,0,0,1,0,gRNA_CDK19_targ_6686_4730
Reference,2.45293782,97.54706218,6458,6183,1753,43,1710,0,34,634,1081,5,624,1042,0,29,10,0,gRNA_CDK19_targ_6686_4731
HDR,0.0,100.0,6458,6183,4012,0,4012,0,0,5,4008,0,4,4007,0,0,1,0,gRNA_CDK19_targ_6686_4731
Reference,2.36523652,97.63476348,6458,6183,1818,43,1775,0,34,634,1145,5,625,1107,0,29,9,0,gRNA_CDK19_targ_6686_4732
HDR,12.80227596,87.19772404,6458,6183,2109,270,1839,0,0,3,1838,0,1,1836,0,0,2,0,gRNA_CDK19_targ_6686_4732
Reference,6.13409415,93.86590585,6458,6183,701,43,658,0,9,639,28,5,625,10,0,4,14,0,gRNA_CDK19_targ_6686_4733
HDR,12.5,87.5,6458,6183,2368,296,2072,0,0,4,2070,0,2,2068,0,0,2,0,gRNA_CDK19_targ_6686_4733
Reference,4.22812193,95.77187807,6458,6183,1017,43,974,0,34,638,344,5,625,302,0,29,13,0,gRNA_CDK19_targ_6686_4734
HDR,0.46997389,99.53002611,6458,6183,1915,9,1906,0,0,3,1905,0,1,1903,0,0,2,0,gRNA_CDK19_targ_6686_4734
Reference,4.80446927,95.19553073,6458,6183,895,43,852,0,34,638,223,5,624,180,0,29,14,0,gRNA_CDK19_targ_6686_4735
HDR,9.1112532,90.8887468,6458,6183,3128,285,2843,0,0,4,2841,0,2,2839,0,0,2,0,gRNA_CDK19_targ_6686_4735
Reference,4.19512195,95.80487805,6458,6183,1025,43,982,0,34,636,353,5,624,312,0,29,12,0,gRNA_CDK19_targ_6686_4736
HDR,0.0,100.0,6458,6183,2674,0,2674,0,0,3,2672,0,2,2671,0,0,1,0,gRNA_CDK19_targ_6686_4736
Reference,5.90659341,94.09340659,6458,6183,728,43,685,0,34,209,476,5,204,442,0,29,5,0,gRNA_CDK19_targ_6686_4737
HDR,26.61169415,73.38830585,6458,6183,4002,1065,2937,0,0,4,2935,0,2,2933,0,0,2,0,gRNA_CDK19_targ_6686_4737
Reference,2.34844347,97.65155653,6458,6183,1831,43,1788,0,34,639,1158,5,625,1115,0,29,14,0,gRNA_CDK19_targ_6686_4738
HDR,0.05310674,99.94689326,6458,6183,3766,2,3764,0,0,3,3762,0,2,3761,0,0,1,0,gRNA_CDK19_targ_6686_4738
Reference,1.77392739,98.22607261,6458,6183,2424,43,2381,0,34,639,1751,5,625,1708,0,29,14,0,gRNA_CDK19_targ_6686_4739
HDR,0.08971292,99.91028708,6458,6183,3344,3,3341,0,0,3,3339,0,2,3338,0,0,1,0,gRNA_CDK19_targ_6686_4739
Reference,3.32559938,96.67440062,6458,6183,1293,43,1250,0,34,639,620,5,625,577,0,29,14,0,gRNA_CDK19_targ_6686_4740
HDR,1.36668983,98.63331017,6458,6183,4317,59,4258,0,0,3,4256,0,2,4255,0,0,1,0,gRNA_CDK19_targ_6686_4740
Reference,3.28495034,96.71504966,6458,6183,1309,43,1266,0,34,638,637,5,624,594,0,29,14,0,gRNA_CDK19_targ_6686_4741
HDR,23.66319865,76.33680135,6458,6183,4133,978,3155,0,0,3,3153,0,2,3152,0,0,1,0,gRNA_CDK19_targ_6686_4741
Reference,5.91471802,94.08528198,6458,6183,727,43,684,0,34,640,54,5,625,10,0,29,15,0,gRNA_CDK19_targ_6686_4742
HDR,51.61500816,48.38499184,6458,6183,3065,1582,1483,0,0,3,1481,0,2,1480,0,0,1,0,gRNA_CDK19_targ_6686_4742
Reference,0.41958042,99.58041958,8267,8261,1430,6,1424,0,289,1,1423,0,1,1134,0,289,0,0,gRNA_CDK19_targ_6687_4743
HDR,0.0,100.0,8267,8261,6555,0,6555,0,3,5,6555,0,0,6547,0,3,5,0,gRNA_CDK19_targ_6687_4743
Reference,0.1039141,99.8960859,8267,8261,5774,6,5768,0,215,5,5767,0,1,5548,0,215,4,0,gRNA_CDK19_targ_6687_4744
HDR,0.0,100.0,8267,8261,2040,0,2040,0,98,1,1957,83,0,1941,0,15,1,0,gRNA_CDK19_targ_6687_4744
Reference,0.44313146,99.55686854,8267,8261,1354,6,1348,0,213,1,1347,0,1,1134,0,213,0,0,gRNA_CDK19_targ_6687_4745
HDR,0.0,100.0,8267,8261,1966,0,1966,0,15,2,1966,0,0,1950,0,14,1,1,gRNA_CDK19_targ_6687_4745
Reference,4.78539714,95.21460286,2483,2483,2027,97,1930,0,3,334,1928,0,2,1593,0,3,332,0,gRNA_CDK19_targ_6688_4746
HDR,27.52808989,72.47191011,2483,2483,356,98,258,0,0,0,258,0,0,258,0,0,0,0,gRNA_CDK19_targ_6688_4746
Reference,3.94736842,96.05263158,1645,1645,76,3,73,0,0,69,5,0,68,4,0,0,1,0,gRNA_CDK19_targ_6689_4747
HDR,25.57397959,74.42602041,1645,1645,1568,401,1167,0,0,1,1166,0,1,1166,0,0,0,0,gRNA_CDK19_targ_6689_4747
Reference,0.0,100.0,3504,3503,233,0,233,0,0,14,219,0,14,219,0,0,0,0,gRNA_CDK19_targ_6690_4748
HDR,0.16207455,99.83792545,3504,3503,3085,5,3080,0,25,3,3057,23,0,3052,0,2,3,0,gRNA_CDK19_targ_6690_4748
Reference,0.0,100.0,3504,3503,230,0,230,0,3,0,230,0,0,227,0,3,0,0,gRNA_CDK19_targ_6690_4749
HDR,0.0,100.0,3504,3503,3050,0,3050,0,0,3,3050,0,0,3047,0,0,3,0,gRNA_CDK19_targ_6690_4749
Reference,0.0,100.0,3504,3503,233,0,233,0,1,14,219,0,14,218,0,1,0,0,gRNA_CDK19_targ_6690_4750
HDR,41.39277579,58.60722421,3504,3503,3073,1272,1801,0,23,3,1779,21,1,1775,0,2,2,0,gRNA_CDK19_targ_6690_4750
Reference,100.0,0.0,3721,3676,3,3,0,0,0,0,0,0,0,0,0,0,0,0,gRNA_CDK19_targ_6691_4751
HDR,9.97770346,90.02229654,3721,3676,3588,358,3230,0,0,3,3230,0,0,3227,0,0,3,0,gRNA_CDK19_targ_6691_4751
Reference,25.0,75.0,1838,1837,160,40,120,0,0,0,120,0,0,120,0,0,0,0,gRNA_CDK19_targ_6692_4752
HDR,0.0,100.0,1838,1837,1673,0,1673,0,0,1,1673,0,0,1672,0,0,1,0,gRNA_CDK19_targ_6692_4752
Reference,97.56097561,2.43902439,1838,1837,41,40,1,0,0,0,1,0,0,1,0,0,0,0,gRNA_CDK19_targ_6692_4753
HDR,0.0,100.0,1838,1837,1793,0,1793,0,0,1,1793,0,0,1792,0,0,1,0,gRNA_CDK19_targ_6692_4753
Reference,6.44122383,93.55877617,1838,1837,621,40,581,0,0,2,581,0,0,579,0,0,2,0,gRNA_CDK19_targ_6692_4754
HDR,0.0,100.0,1838,1837,1215,0,1215,0,0,0,1215,0,0,1215,0,0,0,0,gRNA_CDK19_targ_6692_4754
Reference,3.18471338,96.81528662,1838,1837,1256,40,1216,0,0,1,1216,0,0,1215,0,0,1,0,gRNA_CDK19_targ_6692_4755
HDR,0.0,100.0,1838,1837,579,0,579,0,0,1,579,0,0,578,0,0,1,0,gRNA_CDK19_targ_6692_4755
Reference,93.02325581,6.97674419,1838,1837,43,40,3,0,0,0,3,0,0,3,0,0,0,0,gRNA_CDK19_targ_6692_4756
HDR,0.05966587,99.94033413,1838,1837,1676,1,1675,0,0,1,1675,0,0,1674,0,0,1,0,gRNA_CDK19_targ_6692_4756
Reference,88.88888889,11.11111111,1838,1837,45,40,5,0,0,1,5,0,0,4,0,0,1,0,gRNA_CDK19_targ_6692_4757
HDR,0.0,100.0,1838,1837,1099,0,1099,0,0,0,1099,0,0,1099,0,0,0,0,gRNA_CDK19_targ_6692_4757
Reference,24.69135802,75.30864198,1838,1837,162,40,122,0,0,1,122,0,0,121,0,0,1,0,gRNA_CDK19_targ_6692_4758
HDR,0.0,100.0,1838,1837,580,0,580,0,0,1,580,0,0,579,0,0,1,0,gRNA_CDK19_targ_6692_4758
Reference,90.90909091,9.09090909,1838,1837,44,40,4,0,0,1,4,0,0,3,0,0,1,0,gRNA_CDK19_targ_6692_4759
HDR,9.12828947,90.87171053,1838,1837,1216,111,1105,0,0,0,1105,0,0,1105,0,0,0,0,gRNA_CDK19_targ_6692_4759
Reference,90.90909091,9.09090909,1838,1837,44,40,4,0,0,1,4,0,0,3,0,0,1,0,gRNA_CDK19_targ_6692_4760
HDR,0.0,100.0,1838,1837,581,0,581,0,0,1,581,0,0,580,0,0,1,0,gRNA_CDK19_targ_6692_4760
Reference,88.88888889,11.11111111,1838,1837,45,40,5,0,0,1,5,0,0,4,0,0,1,0,gRNA_CDK19_targ_6692_4761
HDR,0.0,100.0,1838,1837,5,0,5,0,0,0,5,0,0,5,0,0,0,0,gRNA_CDK19_targ_6692_4761
Reference,90.90909091,9.09090909,1838,1837,44,40,4,0,0,1,4,0,0,3,0,0,1,0,gRNA_CDK19_targ_6692_4762
HDR,59.54241071,40.45758929,1838,1837,1792,1067,725,0,0,1,725,0,0,724,0,0,1,0,gRNA_CDK19_targ_6692_4762
Reference,25.0,75.0,1838,1837,160,40,120,0,0,1,120,0,0,119,0,0,1,0,gRNA_CDK19_targ_6692_4763
HDR,33.55223881,66.44776119,1838,1837,1675,562,1113,0,0,1,1113,0,0,1112,0,0,1,0,gRNA_CDK19_targ_6692_4763
Reference,24.8447205,75.1552795,1838,1837,161,40,121,0,0,1,121,0,0,120,0,0,1,0,gRNA_CDK19_targ_6692_4764
HDR,0.0,100.0,1838,1837,1673,0,1673,0,0,1,1673,0,0,1672,0,0,1,0,gRNA_CDK19_targ_6692_4764
Reference,88.88888889,11.11111111,1838,1837,45,40,5,0,0,1,5,0,0,4,0,0,1,0,gRNA_CDK19_targ_6692_4765
HDR,0.0,100.0,1838,1837,1792,0,1792,0,0,1,1792,0,0,1791,0,0,1,0,gRNA_CDK19_targ_6692_4765
Reference,90.90909091,9.09090909,1838,1837,44,40,4,0,0,1,4,0,0,3,0,0,1,0,gRNA_CDK19_targ_6692_4766
HDR,0.05966587,99.94033413,1838,1837,1676,1,1675,0,0,1,1675,0,0,1674,0,0,1,0,gRNA_CDK19_targ_6692_4766
Reference,2.67218668,97.32781332,10218,9910,2657,71,2586,0,193,4,2579,6,1,2389,0,187,3,0,gRNA_CDK19_targ_6693_4767
HDR,0.0,100.0,10218,9910,6161,0,6161,0,1,2,6161,0,0,6158,0,1,2,0,gRNA_CDK19_targ_6693_4767
Reference,7.32714138,92.67285862,10218,9910,969,71,898,0,6,3,891,6,1,889,0,0,2,0,gRNA_CDK19_targ_6693_4768
HDR,0.21972656,99.78027344,10218,9910,8192,18,8174,0,188,4,8174,0,0,7982,0,188,4,0,gRNA_CDK19_targ_6693_4768
Reference,2.99199326,97.00800674,10218,9910,2373,71,2302,0,6,3,2295,6,1,2293,0,0,2,0,gRNA_CDK19_targ_6693_4769
HDR,0.01446969,99.98553031,10218,9910,6911,1,6910,0,188,4,6910,0,0,6718,0,188,4,0,gRNA_CDK19_targ_6693_4769
Reference,1.0570195,98.9429805,10218,9910,6717,71,6646,0,7,2,6639,6,1,6637,0,1,1,0,gRNA_CDK19_targ_6693_4770
HDR,0.0,100.0,10218,9910,3178,0,3178,0,188,6,3178,0,0,2986,0,186,4,2,gRNA_CDK19_targ_6693_4770
Reference,9.90237099,90.09762901,10218,9910,717,71,646,0,6,3,639,6,1,637,0,0,2,0,gRNA_CDK19_targ_6693_4771
HDR,3.125,96.875,10218,9910,6176,193,5983,0,1,2,5983,0,0,5980,0,1,2,0,gRNA_CDK19_targ_6693_4771
Reference,5.24759793,94.75240207,10218,9910,1353,71,1282,0,6,3,1275,6,1,1273,0,0,2,0,gRNA_CDK19_targ_6693_4772
HDR,0.06291946,99.93708054,10218,9910,4768,3,4765,0,1,2,4765,0,0,4762,0,1,2,0,gRNA_CDK19_targ_6693_4772
Reference,2.82981267,97.17018733,10218,9910,2509,71,2438,0,6,3,2431,6,1,2429,0,0,2,0,gRNA_CDK19_targ_6693_4773
HDR,0.0,100.0,10218,9910,2440,0,2440,0,188,4,2439,0,0,2250,1,186,2,1,gRNA_CDK19_targ_6693_4773
Reference,4.16911333,95.83088667,10218,9912,1703,71,1632,0,4,3,1627,4,1,1625,0,0,2,0,gRNA_CDK19_targ_6693_4774
HDR,16.66666667,83.33333333,10218,9912,7206,1201,6005,0,190,4,6003,2,0,5811,0,188,4,0,gRNA_CDK19_targ_6693_4774
Reference,5.04261364,94.95738636,10218,9911,1408,71,1337,0,6,2,1330,6,1,1329,0,0,1,0,gRNA_CDK19_targ_6693_4775
HDR,0.06937218,99.93062782,10218,9911,2883,2,2881,0,188,5,2707,172,1,2689,1,15,3,0,gRNA_CDK19_targ_6693_4775
Reference,3.58224016,96.41775984,10218,9910,1982,71,1911,0,6,2,1904,6,1,1903,0,0,1,0,gRNA_CDK19_targ_6693_4776
HDR,0.0,100.0,10218,9910,1989,0,1989,0,2,3,1988,0,0,1985,1,1,2,0,gRNA_CDK19_targ_6693_4776
Reference,4.75552579,95.24447421,10218,9910,1493,71,1422,0,6,3,1415,6,1,1413,0,0,2,0,gRNA_CDK19_targ_6693_4777
HDR,38.43959315,61.56040685,10218,9910,8062,3099,4963,0,188,5,4962,0,1,4770,0,188,4,0,gRNA_CDK19_targ_6693_4777
Reference,2.85369775,97.14630225,10218,9910,2488,71,2417,0,6,2,2410,6,1,2409,0,0,1,0,gRNA_CDK19_targ_6693_4778
HDR,10.4482132,89.5517868,10218,9910,6604,690,5914,0,188,6,5738,173,2,5721,1,14,3,0,gRNA_CDK19_targ_6693_4778
Reference,2.22222222,97.77777778,10218,9910,3195,71,3124,0,7,2,3117,6,1,3115,0,1,1,0,gRNA_CDK19_targ_6693_4779
HDR,0.0,100.0,10218,9910,6371,0,6371,0,187,4,6371,0,0,6180,0,187,4,0,gRNA_CDK19_targ_6693_4779
Reference,3.55177589,96.44822411,10218,9910,1999,71,1928,0,6,3,1921,6,1,1919,0,0,2,0,gRNA_CDK19_targ_6693_4780
HDR,9.49566588,90.50433412,10218,9910,7614,723,6891,0,188,5,6889,0,2,6698,0,188,3,0,gRNA_CDK19_targ_6693_4780
Reference,3.84823848,96.15176152,10218,9910,1845,71,1774,0,6,3,1767,6,1,1765,0,0,2,0,gRNA_CDK19_targ_6693_4781
HDR,19.2530586,80.7469414,10218,9910,6212,1196,5016,0,2,4,5016,0,0,5010,0,2,4,0,gRNA_CDK19_targ_6693_4781
Reference,3.96263798,96.03736202,9204,8961,7066,280,6786,0,610,64,6587,148,51,6112,0,462,13,0,gRNA_CDK19_targ_6694_4782
HDR,0.10626993,99.89373007,9204,8961,1882,2,1880,0,0,0,1880,0,0,1880,0,0,0,0,gRNA_CDK19_targ_6694_4782
Reference,5.18999073,94.81000927,9204,8961,5395,280,5115,0,298,8,4971,144,0,4809,0,154,8,0,gRNA_CDK19_targ_6694_4783
HDR,12.59380098,87.40619902,9204,8961,3065,386,2679,0,306,1,2675,4,0,2372,0,302,1,0,gRNA_CDK19_targ_6694_4783
Reference,6.36653024,93.63346976,9204,8961,4398,280,4118,0,303,63,3920,147,51,3752,0,156,12,0,gRNA_CDK19_targ_6694_4784
HDR,0.0,100.0,9204,8961,395,0,395,0,0,0,395,0,0,395,0,0,0,0,gRNA_CDK19_targ_6694_4784
Reference,2.11382114,97.88617886,2683,2509,615,13,602,0,276,0,466,136,0,326,0,140,0,0,gRNA_CDK19_targ_6695_4785
HDR,8.36033701,91.63966299,2683,2509,1543,129,1414,0,2,1,1413,1,0,1412,0,0,0,1,gRNA_CDK19_targ_6695_4785
Reference,2.03761755,97.96238245,2683,2509,638,13,625,0,276,1,489,136,0,348,0,140,1,0,gRNA_CDK19_targ_6695_4786
HDR,0.0,100.0,2683,2509,1870,0,1870,0,351,1,1527,342,0,1519,1,8,0,0,gRNA_CDK19_targ_6695_4786
Reference,3.71428571,96.28571429,2683,2509,350,13,337,0,276,1,201,136,0,60,0,140,1,0,gRNA_CDK19_targ_6695_4787
HDR,23.94014963,76.05985037,2683,2509,1604,384,1220,0,351,1,877,342,0,869,1,8,0,0,gRNA_CDK19_targ_6695_4787
Reference,72.72727273,27.27272727,1356,1355,11,8,3,0,0,1,2,0,1,2,0,0,0,0,gRNA_CDK19_targ_6696_4788
HDR,0.0,100.0,1356,1355,1034,0,1034,0,0,2,1034,0,0,1032,0,0,2,0,gRNA_CDK19_targ_6696_4788
Reference,80.0,20.0,1356,1355,10,8,2,0,0,1,1,0,1,1,0,0,0,0,gRNA_CDK19_targ_6696_4789
HDR,0.0,100.0,1356,1355,1039,0,1039,0,0,2,1039,0,0,1037,0,0,2,0,gRNA_CDK19_targ_6696_4789
Reference,53.33333333,46.66666667,1356,1355,15,8,7,0,0,0,7,0,0,7,0,0,0,0,gRNA_CDK19_targ_6696_4790
HDR,0.0,100.0,1356,1355,917,0,917,0,0,0,917,0,0,917,0,0,0,0,gRNA_CDK19_targ_6696_4790
Reference,80.0,20.0,1356,1355,10,8,2,0,0,1,1,0,1,1,0,0,0,0,gRNA_CDK19_targ_6696_4791
HDR,0.28873917,99.71126083,1356,1355,1039,3,1036,0,0,2,1036,0,0,1034,0,0,2,0,gRNA_CDK19_targ_6696_4791
Reference,72.72727273,27.27272727,1356,1355,11,8,3,0,0,1,2,0,1,2,0,0,0,0,gRNA_CDK19_targ_6696_4792
HDR,0.0,100.0,1356,1355,1033,0,1033,0,0,2,1033,0,0,1031,0,0,2,0,gRNA_CDK19_targ_6696_4792
Reference,80.0,20.0,1356,1355,10,8,2,0,0,1,1,0,1,1,0,0,0,0,gRNA_CDK19_targ_6696_4793
HDR,0.0,100.0,1356,1355,1034,0,1034,0,0,2,1034,0,0,1032,0,0,2,0,gRNA_CDK19_targ_6696_4793
Reference,80.0,20.0,1356,1355,10,8,2,0,0,1,1,0,1,1,0,0,0,0,gRNA_CDK19_targ_6696_4794
HDR,63.13763234,36.86236766,1356,1355,1039,656,383,0,0,2,383,0,0,381,0,0,2,0,gRNA_CDK19_targ_6696_4794
Reference,0.64102564,99.35897436,2099,2098,1560,10,1550,0,140,6,1547,0,3,1404,0,140,3,0,gRNA_CDK19_targ_6697_4795
HDR,0.0,100.0,2099,2098,531,0,531,0,0,0,531,0,0,531,0,0,0,0,gRNA_CDK19_targ_6697_4795
Reference,1.80505415,98.19494585,2099,2098,554,10,544,0,1,5,541,0,3,538,0,1,2,0,gRNA_CDK19_targ_6697_4796
HDR,0.07407407,99.92592593,2099,2098,1350,1,1349,0,140,1,1214,135,0,1208,0,5,1,0,gRNA_CDK19_targ_6697_4796
Reference,1.53139357,98.46860643,2099,2098,653,10,643,0,1,5,640,0,3,637,0,1,2,0,gRNA_CDK19_targ_6697_4797
HDR,59.50782998,40.49217002,2099,2098,447,266,181,0,1,0,181,0,0,180,0,1,0,0,gRNA_CDK19_targ_6697_4797
Reference,65.41353383,34.58646617,3408,3408,266,174,92,0,5,76,12,5,75,11,0,0,1,0,gRNA_CDK19_targ_6698_4798
HDR,76.77127143,23.22872857,3408,3408,3091,2373,718,0,6,20,704,0,14,692,0,6,6,0,gRNA_CDK19_targ_6698_4798
Reference,94.15584416,5.84415584,1982,1982,154,145,9,0,4,0,9,0,0,5,0,4,0,0,gRNA_CDK19_targ_6699_4799
HDR,30.13959391,69.86040609,1982,1982,1576,475,1101,0,1,0,1101,0,0,1100,0,1,0,0,gRNA_CDK19_targ_6699_4799
Reference,17.11924439,82.88075561,1982,1982,847,145,702,0,122,0,702,0,0,580,0,122,0,0,gRNA_CDK19_targ_6699_4800
HDR,0.0,100.0,1982,1982,753,0,753,0,1,0,753,0,0,752,0,1,0,0,gRNA_CDK19_targ_6699_4800
Reference,52.91970803,47.08029197,1982,1982,274,145,129,0,122,0,129,0,0,7,0,122,0,0,gRNA_CDK19_targ_6699_4801
HDR,66.03585657,33.96414343,1982,1982,1004,663,341,0,0,0,341,0,0,341,0,0,0,0,gRNA_CDK19_targ_6699_4801
Reference,7.96963947,92.03036053,3947,3947,527,42,485,0,480,1,485,0,0,4,0,480,1,0,gRNA_CDK19_targ_6700_4802
HDR,22.8580666,77.1419334,3947,3947,3093,707,2386,0,0,2,2386,0,0,2384,0,0,2,0,gRNA_CDK19_targ_6700_4802
Reference,1.578354,98.421646,3947,3947,2661,42,2619,0,478,1,2619,0,0,2140,0,478,1,0,gRNA_CDK19_targ_6700_4803
HDR,0.0,100.0,3947,3947,1146,0,1146,0,0,1,1146,0,0,1145,0,0,1,0,gRNA_CDK19_targ_6700_4803
Reference,4.92957746,95.07042254,3947,3947,852,42,810,0,481,1,810,0,0,328,0,481,1,0,gRNA_CDK19_targ_6700_4804
HDR,38.78029711,61.21970289,3947,3947,1279,496,783,0,0,2,782,0,1,781,0,0,1,0,gRNA_CDK19_targ_6700_4804
Reference,96.1038961,3.8961039,186,186,77,74,3,0,0,0,3,0,0,3,0,0,0,0,gRNA_CDK19_targ_6701_4805
HDR,99.08256881,0.91743119,186,186,109,108,1,0,0,0,1,0,0,1,0,0,0,0,gRNA_CDK19_targ_6701_4805
Reference,97.48062016,2.51937984,681,681,516,503,13,0,0,0,13,0,0,13,0,0,0,0,gRNA_CDK19_targ_6703_4806
HDR,96.81528662,3.18471338,681,681,157,152,5,0,0,0,5,0,0,5,0,0,0,0,gRNA_CDK19_targ_6703_4806
Reference,100.0,0.0,1135,1135,35,35,0,0,0,0,0,0,0,0,0,0,0,0,gRNA_CDK19_targ_6704_4807
HDR,97.81287971,2.18712029,1135,1135,823,805,18,0,0,0,18,0,0,18,0,0,0,0,gRNA_CDK19_targ_6704_4807
Reference,92.15686275,7.84313725,1173,1173,51,47,4,0,0,0,4,0,0,4,0,0,0,0,gRNA_CDK19_targ_6708_4808
HDR,46.82752458,53.17247542,1173,1173,1119,524,595,0,0,1,594,0,1,594,0,0,0,0,gRNA_CDK19_targ_6708_4808
Reference,7.91245791,92.08754209,1173,1173,594,47,547,0,0,1,547,0,0,546,0,0,1,0,gRNA_CDK19_targ_6708_4809
HDR,0.17361111,99.82638889,1173,1173,576,1,575,0,0,0,575,0,0,575,0,0,0,0,gRNA_CDK19_targ_6708_4809
Reference,90.38461538,9.61538462,1173,1173,52,47,5,0,0,0,5,0,0,5,0,0,0,0,gRNA_CDK19_targ_6708_4810
HDR,95.67474048,4.32525952,1173,1173,578,553,25,0,0,0,25,0,0,25,0,0,0,0,gRNA_CDK19_targ_6708_4810
Reference,45.81881533,54.18118467,725,725,574,263,311,0,0,0,311,0,0,311,0,0,0,0,gRNA_CDK19_targ_6713_4811
HDR,95.89041096,4.10958904,725,725,146,140,6,0,0,0,6,0,0,6,0,0,0,0,gRNA_CDK19_targ_6713_4811
Reference,96.50655022,3.49344978,842,842,229,221,8,0,0,0,8,0,0,8,0,0,0,0,gRNA_CDK19_targ_6714_4812
HDR,0.48939641,99.51060359,842,842,613,3,610,0,0,0,610,0,0,610,0,0,0,0,gRNA_CDK19_targ_6714_4812
Reference,96.92982456,3.07017544,842,842,228,221,7,0,0,0,7,0,0,7,0,0,0,0,gRNA_CDK19_targ_6714_4813
HDR,0.65681445,99.34318555,842,842,609,4,605,0,0,0,605,0,0,605,0,0,0,0,gRNA_CDK19_targ_6714_4813
Reference,98.22222222,1.77777778,842,842,225,221,4,0,0,0,4,0,0,4,0,0,0,0,gRNA_CDK19_targ_6714_4814
HDR,96.39344262,3.60655738,842,842,610,588,22,0,0,0,22,0,0,22,0,0,0,0,gRNA_CDK19_targ_6714_4814
Reference,29.61876833,70.38123167,378,378,341,101,240,0,0,0,240,0,0,240,0,0,0,0,gRNA_CDK19_targ_6715_4815
HDR,0.0,100.0,378,378,37,0,37,0,0,0,37,0,0,37,0,0,0,0,gRNA_CDK19_targ_6715_4815
Reference,96.19047619,3.80952381,378,378,105,101,4,0,0,0,4,0,0,4,0,0,0,0,gRNA_CDK19_targ_6715_4816
HDR,0.0,100.0,378,378,272,0,272,0,0,0,272,0,0,272,0,0,0,0,gRNA_CDK19_targ_6715_4816
Reference,95.28301887,4.71698113,378,378,106,101,5,0,0,0,5,0,0,5,0,0,0,0,gRNA_CDK19_targ_6715_4817
HDR,0.0,100.0,378,378,39,0,39,0,0,0,39,0,0,39,0,0,0,0,gRNA_CDK19_targ_6715_4817
Reference,96.19047619,3.80952381,378,378,105,101,4,0,0,0,4,0,0,4,0,0,0,0,gRNA_CDK19_targ_6715_4818
HDR,0.0,100.0,378,378,37,0,37,0,0,0,37,0,0,37,0,0,0,0,gRNA_CDK19_targ_6715_4818
Reference,29.8816568,70.1183432,378,378,338,101,237,0,0,0,237,0,0,237,0,0,0,0,gRNA_CDK19_targ_6715_4819
HDR,0.0,100.0,378,378,36,0,36,0,0,0,36,0,0,36,0,0,0,0,gRNA_CDK19_targ_6715_4819
Reference,95.28301887,4.71698113,378,378,106,101,5,0,0,0,5,0,0,5,0,0,0,0,gRNA_CDK19_targ_6715_4820
HDR,1.10294118,98.89705882,378,378,272,3,269,0,0,0,269,0,0,269,0,0,0,0,gRNA_CDK19_targ_6715_4820
Reference,96.19047619,3.80952381,378,378,105,101,4,0,0,0,4,0,0,4,0,0,0,0,gRNA_CDK19_targ_6715_4821
HDR,87.17948718,12.82051282,378,378,39,34,5,0,0,0,5,0,0,5,0,0,0,0,gRNA_CDK19_targ_6715_4821
Reference,0.0,100.0,1663,1662,147,0,147,0,146,0,147,0,0,1,0,146,0,0,gRNA_CDK19_targ_6716_4822
HDR,0.0,100.0,1663,1662,1180,0,1180,0,0,1,1180,0,0,1179,0,0,1,0,gRNA_CDK19_targ_6716_4822
Reference,,,1663,1663,0,0,0,0,0,0,0,0,0,0,0,0,0,0,gRNA_CDK19_targ_6716_4823
HDR,0.06082725,99.93917275,1663,1663,1644,1,1643,0,146,2,1642,0,1,1495,0,146,1,0,gRNA_CDK19_targ_6716_4823
Reference,0.0,100.0,1663,1662,326,0,326,0,145,0,326,0,0,181,0,145,0,0,gRNA_CDK19_targ_6716_4824
HDR,0.0,100.0,1663,1662,809,0,809,0,1,0,809,0,0,808,0,1,0,0,gRNA_CDK19_targ_6716_4824
Reference,,,1663,1662,0,0,0,0,0,0,0,0,0,0,0,0,0,0,gRNA_CDK19_targ_6716_4825
HDR,9.9669967,90.0330033,1663,1662,1515,151,1364,0,0,1,1364,0,0,1363,0,0,1,0,gRNA_CDK19_targ_6716_4825
Reference,0.0,100.0,1663,1662,22,0,22,0,21,0,22,0,0,1,0,21,0,0,gRNA_CDK19_targ_6716_4826
HDR,0.0,100.0,1663,1662,1002,0,1002,0,1,1,1002,0,0,1000,0,1,1,0,gRNA_CDK19_targ_6716_4826
Reference,0.0,100.0,1663,1662,19,0,19,0,0,0,19,0,0,19,0,0,0,0,gRNA_CDK19_targ_6716_4827
HDR,0.0,100.0,1663,1662,1335,0,1335,0,0,1,1335,0,0,1334,0,0,1,0,gRNA_CDK19_targ_6716_4827
Reference,0.0,100.0,1663,1662,147,0,147,0,146,0,147,0,0,1,0,146,0,0,gRNA_CDK19_targ_6716_4828
HDR,52.94117647,47.05882353,1663,1662,1496,792,704,0,0,1,704,0,0,703,0,0,1,0,gRNA_CDK19_targ_6716_4828
Reference,80.82663605,19.17336395,2819,2819,871,704,167,0,43,0,167,0,0,124,0,43,0,0,gRNA_CDK19_targ_6717_4829
HDR,67.42338252,32.57661748,2819,2819,1762,1188,574,0,3,0,574,0,0,571,0,3,0,0,gRNA_CDK19_targ_6717_4829
Reference,25.0,75.0,783,783,4,1,3,0,0,1,2,0,1,2,0,0,0,0,gRNA_CDK19_targ_6718_4830
HDR,18.72561769,81.27438231,783,783,769,144,625,0,0,0,625,0,0,625,0,0,0,0,gRNA_CDK19_targ_6718_4830
Reference,0.625,99.375,783,783,160,1,159,0,0,1,158,0,1,158,0,0,0,0,gRNA_CDK19_targ_6718_4831
HDR,0.0,100.0,783,783,621,0,621,0,0,0,621,0,0,621,0,0,0,0,gRNA_CDK19_targ_6718_4831
Reference,7.14285714,92.85714286,783,783,14,1,13,0,0,1,12,0,1,12,0,0,0,0,gRNA_CDK19_targ_6718_4832
HDR,69.0821256,30.9178744,783,783,621,429,192,0,0,0,192,0,0,192,0,0,0,0,gRNA_CDK19_targ_6718_4832
Reference,95.65217391,4.34782609,2579,2579,598,572,26,0,0,1,25,0,1,25,0,0,0,0,gRNA_CDK19_targ_6719_4833
HDR,10.35441279,89.64558721,2579,2579,1439,149,1290,0,0,1,1290,0,0,1289,0,0,1,0,gRNA_CDK19_targ_6719_4833
Reference,2.54065041,97.45934959,1469,1469,984,25,959,0,1,17,943,1,15,941,0,0,2,0,gRNA_CDK19_targ_6720_4834
HDR,0.0,100.0,1469,1469,481,0,481,0,0,0,481,0,0,481,0,0,0,0,gRNA_CDK19_targ_6720_4834
Reference,54.49814126,45.50185874,1985,1985,1345,733,612,0,0,2,610,0,2,610,0,0,0,0,gRNA_CDK19_targ_6721_4835
HDR,0.31446541,99.68553459,1985,1985,636,2,634,0,0,0,634,0,0,634,0,0,0,0,gRNA_CDK19_targ_6721_4835
Reference,43.33333333,56.66666667,388,319,30,13,17,0,3,0,17,0,0,14,0,3,0,0,gRNA_CDK19_targ_6722_4836
HDR,0.36630037,99.63369963,388,319,273,1,272,0,143,0,131,141,0,129,0,2,0,0,gRNA_CDK19_targ_6722_4836
Reference,0.69605568,99.30394432,1183,1183,431,3,428,0,6,0,428,0,0,422,0,6,0,0,gRNA_CDK19_targ_6723_4837
HDR,0.1497006,99.8502994,1183,1183,668,1,667,0,0,1,667,0,0,666,0,0,1,0,gRNA_CDK19_targ_6723_4837
Reference,60.0,40.0,1183,1183,5,3,2,0,1,0,2,0,0,1,0,1,0,0,gRNA_CDK19_targ_6723_4838
HDR,34.89361702,65.10638298,1183,1183,1175,410,765,0,5,2,764,1,0,758,0,4,2,0,gRNA_CDK19_targ_6723_4838
Reference,42.85714286,57.14285714,1183,1183,7,3,4,0,1,0,4,0,0,3,0,1,0,0,gRNA_CDK19_targ_6723_4839
HDR,69.77363515,30.22636485,1183,1183,751,524,227,0,0,2,226,0,1,225,0,0,1,0,gRNA_CDK19_targ_6723_4839
Reference,2.93103448,97.06896552,1835,1835,1160,34,1126,0,1,0,1126,0,0,1125,0,1,0,0,gRNA_CDK19_targ_6724_4840
HDR,0.0,100.0,1835,1835,463,0,463,0,0,1,463,0,0,462,0,0,1,0,gRNA_CDK19_targ_6724_4840
Reference,97.14285714,2.85714286,1835,1835,35,34,1,0,0,0,1,0,0,1,0,0,0,0,gRNA_CDK19_targ_6724_4841
HDR,49.37623112,50.62376888,1835,1835,1523,752,771,0,1,1,771,0,0,769,0,1,1,0,gRNA_CDK19_targ_6724_4841
Reference,27.2,72.8,1835,1835,125,34,91,0,0,0,91,0,0,91,0,0,0,0,gRNA_CDK19_targ_6724_4842
HDR,18.57355126,81.42644874,1835,1835,673,125,548,0,0,1,548,0,0,547,0,0,1,0,gRNA_CDK19_targ_6724_4842
Reference,77.35849057,22.64150943,656,656,53,41,12,0,0,0,12,0,0,12,0,0,0,0,gRNA_CDK19_targ_6726_4843
HDR,70.54263566,29.45736434,656,656,516,364,152,0,0,0,152,0,0,152,0,0,0,0,gRNA_CDK19_targ_6726_4843
Reference,19.26433915,80.73566085,3066,3066,1604,309,1295,0,0,32,1265,0,30,1263,0,0,2,0,gRNA_CDK19_targ_6727_4844
HDR,0.0,100.0,3066,3066,1129,0,1129,0,0,1,1129,0,0,1128,0,0,1,0,gRNA_CDK19_targ_6727_4844
Reference,56.59340659,43.40659341,3066,3066,546,309,237,0,0,30,207,0,30,207,0,0,0,0,gRNA_CDK19_targ_6727_4845
HDR,36.4922813,63.5077187,3066,3066,2332,851,1481,0,0,3,1479,0,2,1478,0,0,1,0,gRNA_CDK19_targ_6727_4845
Reference,43.52112676,56.47887324,3066,3066,710,309,401,0,0,30,371,0,30,371,0,0,0,0,gRNA_CDK19_targ_6727_4846
HDR,84.56057007,15.43942993,3066,3066,1263,1068,195,0,0,1,194,0,1,194,0,0,0,0,gRNA_CDK19_targ_6727_4846
Reference,0.0,100.0,475,475,1,0,1,0,0,0,1,0,0,1,0,0,0,0,gRNA_CDK19_targ_6728_4847
HDR,0.0,100.0,475,475,474,0,474,0,0,0,474,0,0,474,0,0,0,0,gRNA_CDK19_targ_6728_4847
Reference,,,475,475,0,0,0,0,0,0,0,0,0,0,0,0,0,0,gRNA_CDK19_targ_6728_4848
HDR,0.0,100.0,475,475,458,0,458,0,0,0,458,0,0,458,0,0,0,0,gRNA_CDK19_targ_6728_4848
Reference,0.0,100.0,475,475,1,0,1,0,0,0,1,0,0,1,0,0,0,0,gRNA_CDK19_targ_6728_4849
HDR,19.4092827,80.5907173,475,475,474,92,382,0,0,0,382,0,0,382,0,0,0,0,gRNA_CDK19_targ_6728_4849
Reference,5.15050167,94.84949833,2073,2073,1495,77,1418,0,4,5,1418,0,0,1409,0,4,5,0,gRNA_CDK19_targ_6729_4850
HDR,0.0,100.0,2073,2073,574,0,574,0,0,0,574,0,0,574,0,0,0,0,gRNA_CDK19_targ_6729_4850
Reference,30.55555556,69.44444444,2073,2073,252,77,175,0,0,0,175,0,0,175,0,0,0,0,gRNA_CDK19_targ_6729_4851
HDR,1.04338276,98.95661724,2073,2073,1821,19,1802,0,4,5,1793,4,5,1793,0,0,0,0,gRNA_CDK19_targ_6729_4851
Reference,30.55555556,69.44444444,2073,2073,252,77,175,0,0,0,175,0,0,175,0,0,0,0,gRNA_CDK19_targ_6729_4852
HDR,56.74740484,43.25259516,2073,2073,578,328,250,0,0,0,250,0,0,250,0,0,0,0,gRNA_CDK19_targ_6729_4852
Reference,50.62068966,49.37931034,1198,1197,725,367,358,0,190,1,358,0,0,167,0,190,1,0,gRNA_CDK19_targ_6730_4853
HDR,0.0,100.0,1198,1197,428,0,428,0,0,2,428,0,0,426,0,0,2,0,gRNA_CDK19_targ_6730_4853
Reference,74.44219067,25.55780933,1198,1197,493,367,126,0,0,0,126,0,0,126,0,0,0,0,gRNA_CDK19_targ_6730_4854
HDR,1.70940171,98.29059829,1198,1197,702,12,690,0,190,3,690,0,0,497,0,190,3,0,gRNA_CDK19_targ_6730_4854
Reference,73.84305835,26.15694165,1198,1197,497,367,130,0,4,0,130,0,0,126,0,4,0,0,gRNA_CDK19_targ_6730_4855
HDR,2.12314225,97.87685775,1198,1197,471,10,461,0,0,2,461,0,0,459,0,0,2,0,gRNA_CDK19_targ_6730_4855
Reference,29.91525424,70.08474576,3520,3520,1180,353,827,0,1,105,725,1,101,721,0,0,4,0,gRNA_CDK19_targ_6731_4856
HDR,69.39562795,30.60437205,3520,3520,2333,1619,714,0,0,2,712,0,2,712,0,0,0,0,gRNA_CDK19_targ_6731_4856
Reference,97.40034662,2.59965338,1328,1328,577,562,15,0,0,1,14,0,1,14,0,0,0,0,gRNA_CDK19_targ_6732_4857
HDR,58.1769437,41.8230563,1328,1328,746,434,312,0,0,0,312,0,0,312,0,0,0,0,gRNA_CDK19_targ_6732_4857
Reference,72.05040092,27.94959908,1829,1829,873,629,244,0,0,1,243,0,1,243,0,0,0,0,gRNA_CDK19_targ_6733_4858
HDR,37.922403,62.077597,1829,1829,799,303,496,0,0,0,496,0,0,496,0,0,0,0,gRNA_CDK19_targ_6733_4858
Reference,39.63453056,60.36546944,1829,1829,1587,629,958,0,0,1,957,0,1,957,0,0,0,0,gRNA_CDK19_targ_6733_4859
HDR,0.0,100.0,1829,1829,237,0,237,0,0,0,237,0,0,237,0,0,0,0,gRNA_CDK19_targ_6733_4859
Reference,61.12730807,38.87269193,1829,1829,1029,629,400,0,0,1,399,0,1,399,0,0,0,0,gRNA_CDK19_targ_6733_4860
HDR,96.23430962,3.76569038,1829,1829,239,230,9,0,0,0,9,0,0,9,0,0,0,0,gRNA_CDK19_targ_6733_4860
Reference,96.84210526,3.15789474,2916,2799,95,92,3,0,0,0,3,0,0,3,0,0,0,0,gRNA_CDK19_targ_6737_4861
HDR,80.65364388,19.34635612,2916,2799,2662,2147,515,0,0,42,475,0,40,473,0,0,2,0,gRNA_CDK19_targ_6737_4861
Reference,24.53596288,75.46403712,2301,2300,1724,423,1301,0,0,1,1300,0,1,1300,0,0,0,0,gRNA_CDK19_targ_6738_4862
HDR,0.0,100.0,2301,2300,572,0,572,0,0,0,572,0,0,572,0,0,0,0,gRNA_CDK19_targ_6738_4862
Reference,95.27027027,4.72972973,2301,2300,444,423,21,0,0,1,20,0,1,20,0,0,0,0,gRNA_CDK19_targ_6738_4863
HDR,27.593361,72.406639,2301,2300,1446,399,1047,0,0,0,1047,0,0,1047,0,0,0,0,gRNA_CDK19_targ_6738_4863
Reference,62.94642857,37.05357143,2301,2300,672,423,249,0,0,1,248,0,1,248,0,0,0,0,gRNA_CDK19_targ_6738_4864
HDR,60.86956522,39.13043478,2301,2300,575,350,225,0,0,0,225,0,0,225,0,0,0,0,gRNA_CDK19_targ_6738_4864
Reference,2.83018868,97.16981132,2246,2246,106,3,103,0,1,67,102,0,1,35,0,1,66,0,gRNA_CDK19_targ_6739_4865
HDR,0.04701457,99.95298543,2246,2246,2127,1,2126,0,1,1,2126,0,0,2124,0,1,1,0,gRNA_CDK19_targ_6739_4865
Reference,0.54249548,99.45750452,2246,2246,553,3,550,0,0,1,549,0,1,549,0,0,0,0,gRNA_CDK19_targ_6739_4866
HDR,0.0,100.0,2246,2246,1424,0,1424,0,2,1,1423,1,0,1421,0,1,1,0,gRNA_CDK19_targ_6739_4866
Reference,2.77777778,97.22222222,2246,2246,108,3,105,0,0,67,104,0,1,38,0,0,66,0,gRNA_CDK19_targ_6739_4867
HDR,17.54716981,82.45283019,2246,2246,1590,279,1311,0,1,1,1310,1,0,1309,0,0,1,0,gRNA_CDK19_targ_6739_4867
Reference,0.94339623,99.05660377,1359,1359,212,2,210,0,209,0,14,196,0,1,0,13,0,0,gRNA_CDK19_targ_6740_4868
HDR,14.9822695,85.0177305,1359,1359,1128,169,959,0,0,0,959,0,0,959,0,0,0,0,gRNA_CDK19_targ_6740_4868
Reference,58.53477129,41.46522871,5752,5325,2689,1574,1115,0,9,9,1102,9,4,1097,0,0,5,0,gRNA_CDK19_targ_6741_4869
HDR,71.22163206,28.77836794,5752,5325,2071,1475,596,0,0,3,595,0,1,593,0,0,2,0,gRNA_CDK19_targ_6741_4869
Reference,81.98458574,18.01541426,2081,2081,2076,1702,374,0,0,4,371,0,3,370,0,0,1,0,gRNA_CDK19_targ_6742_4870
HDR,,,2081,2081,0,0,0,0,0,0,0,0,0,0,0,0,0,0,gRNA_CDK19_targ_6742_4870
Reference,96.28571429,3.71428571,1394,1394,350,337,13,0,0,1,12,0,1,12,0,0,0,0,gRNA_CDK19_targ_6744_4871
HDR,96.16122841,3.83877159,1394,1394,1042,1002,40,0,3,1,36,3,1,36,0,0,0,0,gRNA_CDK19_targ_6744_4871
Reference,97.90794979,2.09205021,3548,3547,239,234,5,0,1,0,5,0,0,4,0,1,0,0,gRNA_CDK19_targ_6745_4872
HDR,97.6920741,2.3079259,3548,3547,3293,3217,76,0,1,0,75,1,0,75,0,0,0,0,gRNA_CDK19_targ_6745_4872
Reference,100.0,0.0,12,12,2,2,0,0,0,0,0,0,0,0,0,0,0,0,gRNA_CDK19_targ_6746_4873
HDR,0.0,100.0,12,12,10,0,10,0,0,0,10,0,0,10,0,0,0,0,gRNA_CDK19_targ_6746_4873
Reference,100.0,0.0,12,12,2,2,0,0,0,0,0,0,0,0,0,0,0,0,gRNA_CDK19_targ_6746_4874
HDR,0.0,100.0,12,12,10,0,10,0,0,0,10,0,0,10,0,0,0,0,gRNA_CDK19_targ_6746_4874
Reference,100.0,0.0,12,12,2,2,0,0,0,0,0,0,0,0,0,0,0,0,gRNA_CDK19_targ_6746_4875
HDR,0.0,100.0,12,12,10,0,10,0,0,0,10,0,0,10,0,0,0,0,gRNA_CDK19_targ_6746_4875
Reference,100.0,0.0,12,12,2,2,0,0,0,0,0,0,0,0,0,0,0,0,gRNA_CDK19_targ_6746_4876
HDR,0.0,100.0,12,12,10,0,10,0,0,0,10,0,0,10,0,0,0,0,gRNA_CDK19_targ_6746_4876
Reference,100.0,0.0,12,12,2,2,0,0,0,0,0,0,0,0,0,0,0,0,gRNA_CDK19_targ_6746_4877
HDR,0.0,100.0,12,12,10,0,10,0,0,0,10,0,0,10,0,0,0,0,gRNA_CDK19_targ_6746_4877
Reference,100.0,0.0,12,12,2,2,0,0,0,0,0,0,0,0,0,0,0,0,gRNA_CDK19_targ_6746_4878
HDR,0.0,100.0,12,12,10,0,10,0,0,0,10,0,0,10,0,0,0,0,gRNA_CDK19_targ_6746_4878
Reference,100.0,0.0,12,12,2,2,0,0,0,0,0,0,0,0,0,0,0,0,gRNA_CDK19_targ_6746_4879
HDR,100.0,0.0,12,12,10,10,0,0,0,0,0,0,0,0,0,0,0,0,gRNA_CDK19_targ_6746_4879
Reference,97.52066116,2.47933884,325,325,121,118,3,0,0,0,3,0,0,3,0,0,0,0,gRNA_CDK19_targ_6747_4880
HDR,0.0,100.0,325,325,204,0,204,0,0,0,204,0,0,204,0,0,0,0,gRNA_CDK19_targ_6747_4880
Reference,97.52066116,2.47933884,325,325,121,118,3,0,0,0,3,0,0,3,0,0,0,0,gRNA_CDK19_targ_6747_4881
HDR,0.0,100.0,325,325,200,0,200,0,0,0,200,0,0,200,0,0,0,0,gRNA_CDK19_targ_6747_4881
Reference,97.52066116,2.47933884,325,325,121,118,3,0,0,0,3,0,0,3,0,0,0,0,gRNA_CDK19_targ_6747_4882
HDR,14.70588235,85.29411765,325,325,204,30,174,0,0,0,174,0,0,174,0,0,0,0,gRNA_CDK19_targ_6747_4882
Reference,47.60892667,52.39107333,1929,1929,941,448,493,0,0,26,493,0,0,467,0,0,26,0,gRNA_CDK19_targ_6748_4883
HDR,0.11587486,99.88412514,1929,1929,863,1,862,0,0,0,862,0,0,862,0,0,0,0,gRNA_CDK19_targ_6748_4883
Reference,73.32242226,26.67757774,1929,1929,611,448,163,0,0,26,163,0,0,137,0,0,26,0,gRNA_CDK19_targ_6748_4884
HDR,28.47222222,71.52777778,1929,1929,1152,328,824,0,0,0,824,0,0,824,0,0,0,0,gRNA_CDK19_targ_6748_4884
Reference,61.36986301,38.63013699,1929,1929,730,448,282,0,0,26,282,0,0,256,0,0,26,0,gRNA_CDK19_targ_6748_4885
HDR,86.54292343,13.45707657,1929,1929,862,746,116,0,0,0,116,0,0,116,0,0,0,0,gRNA_CDK19_targ_6748_4885
Reference,100.0,0.0,517,517,1,1,0,0,0,0,0,0,0,0,0,0,0,0,gRNA_CDK19_targ_6749_4886
HDR,38.17829457,61.82170543,517,517,516,197,319,0,0,0,319,0,0,319,0,0,0,0,gRNA_CDK19_targ_6749_4886
Reference,0.49751244,99.50248756,517,517,201,1,200,0,0,0,200,0,0,200,0,0,0,0,gRNA_CDK19_targ_6749_4887
HDR,0.0,100.0,517,517,316,0,316,0,0,0,316,0,0,316,0,0,0,0,gRNA_CDK19_targ_6749_4887
Reference,100.0,0.0,517,517,1,1,0,0,0,0,0,0,0,0,0,0,0,0,gRNA_CDK19_targ_6749_4888
HDR,4.11392405,95.88607595,517,517,316,13,303,0,0,0,303,0,0,303,0,0,0,0,gRNA_CDK19_targ_6749_4888
Reference,36.83812405,63.16187595,3326,3326,1322,487,835,0,286,9,834,1,0,540,0,285,9,0,gRNA_CDK19_targ_6750_4889
HDR,38.42685371,61.57314629,3326,3326,1996,767,1229,0,4,0,1226,3,0,1225,0,1,0,0,gRNA_CDK19_targ_6750_4889
Reference,96.65427509,3.34572491,941,941,269,260,9,0,0,0,9,0,0,9,0,0,0,0,gRNA_CDK19_targ_6752_4890
HDR,98.25072886,1.74927114,941,941,343,337,6,0,0,0,6,0,0,6,0,0,0,0,gRNA_CDK19_targ_6752_4890
Reference,33.33333333,66.66666667,501,501,6,2,4,0,0,0,4,0,0,4,0,0,0,0,gRNA_CDK19_targ_6753_4891
HDR,96.91119691,3.08880309,501,501,259,251,8,0,0,0,8,0,0,8,0,0,0,0,gRNA_CDK19_targ_6753_4891
Reference,74.14096916,25.85903084,2276,2276,2270,1683,587,0,0,0,587,0,0,587,0,0,0,0,gRNA_CDK19_targ_6754_4892
HDR,0.0,100.0,2276,2276,2,0,2,0,0,0,2,0,0,2,0,0,0,0,gRNA_CDK19_targ_6754_4892
Reference,89.18918919,10.81081081,2276,2276,1887,1683,204,0,0,0,204,0,0,204,0,0,0,0,gRNA_CDK19_targ_6754_4893
HDR,98.70801034,1.29198966,2276,2276,387,382,5,0,0,0,5,0,0,5,0,0,0,0,gRNA_CDK19_targ_6754_4893
Reference,89.14194915,10.85805085,2276,2276,1888,1683,205,0,0,0,205,0,0,205,0,0,0,0,gRNA_CDK19_targ_6754_4894
HDR,100.0,0.0,2276,2276,1,1,0,0,0,0,0,0,0,0,0,0,0,0,gRNA_CDK19_targ_6754_4894
Reference,40.05934718,59.94065282,1110,1110,337,135,202,0,50,89,72,43,87,63,0,7,2,0,gRNA_CDK19_targ_6755_4895
HDR,25.48148148,74.51851852,1110,1110,675,172,503,0,0,0,503,0,0,503,0,0,0,0,gRNA_CDK19_targ_6755_4895
Reference,26.89243028,73.10756972,1110,1110,502,135,367,0,0,89,280,0,87,278,0,0,2,0,gRNA_CDK19_targ_6755_4896
HDR,0.0,100.0,1110,1110,500,0,500,0,0,0,500,0,0,500,0,0,0,0,gRNA_CDK19_targ_6755_4896
Reference,31.1778291,68.8221709,1110,1110,433,135,298,0,50,89,168,43,87,159,0,7,2,0,gRNA_CDK19_targ_6755_4897
HDR,96.8,3.2,1110,1110,500,484,16,0,0,0,16,0,0,16,0,0,0,0,gRNA_CDK19_targ_6755_4897
Reference,95.77464789,4.22535211,677,677,71,68,3,0,0,0,3,0,0,3,0,0,0,0,gRNA_CDK19_targ_6758_4898
HDR,95.98393574,4.01606426,677,677,498,478,20,0,0,0,20,0,0,20,0,0,0,0,gRNA_CDK19_targ_6758_4898
Reference,100.0,0.0,274,274,9,9,0,0,0,0,0,0,0,0,0,0,0,0,gRNA_CDK19_targ_6759_4899
HDR,100.0,0.0,274,274,5,5,0,0,0,0,0,0,0,0,0,0,0,0,gRNA_CDK19_targ_6759_4899
Reference,15.38461538,84.61538462,767,767,169,26,143,0,1,136,8,0,135,6,0,1,1,0,gRNA_CDK19_targ_6761_4900
HDR,13.6,86.4,767,767,500,68,432,0,2,1,431,0,1,429,0,2,0,0,gRNA_CDK19_targ_6761_4900
Reference,0.0,100.0,233,233,1,0,1,0,0,0,1,0,0,1,0,0,0,0,gRNA_CDK19_targ_6762_4901
HDR,0.43478261,99.56521739,233,233,230,1,229,0,2,0,229,0,0,227,0,2,0,0,gRNA_CDK19_targ_6762_4901
Reference,61.47260274,38.52739726,1823,1823,584,359,225,0,214,3,10,212,2,9,1,1,0,0,gRNA_CDK19_targ_6766_4902
HDR,96.75810474,3.24189526,1823,1823,1203,1164,39,0,0,0,39,0,0,39,0,0,0,0,gRNA_CDK19_targ_6766_4902
Reference,100.0,0.0,2000,2000,1,1,0,0,0,0,0,0,0,0,0,0,0,0,gRNA_CDK19_targ_6767_4903
HDR,97.05391884,2.94608116,2000,2000,1799,1746,53,0,0,0,53,0,0,53,0,0,0,0,gRNA_CDK19_targ_6767_4903
Reference,24.34881087,75.65118913,2964,2964,2649,645,2004,0,0,5,2002,0,2,1999,0,0,3,0,gRNA_CDK19_targ_6768_4904
HDR,97.38562092,2.61437908,2964,2964,306,298,8,0,0,1,7,0,1,7,0,0,0,0,gRNA_CDK19_targ_6768_4904
Reference,100.0,0.0,219,219,1,1,0,0,0,0,0,0,0,0,0,0,0,0,gRNA_CDK19_targ_6769_4905
HDR,81.81818182,18.18181818,219,219,33,27,6,0,0,0,6,0,0,6,0,0,0,0,gRNA_CDK19_targ_6769_4905
Reference,14.62264151,85.37735849,2683,2653,212,31,181,0,0,0,181,0,0,181,0,0,0,0,gRNA_CDK19_targ_6770_4906
HDR,92.25381129,7.74618871,2683,2653,2427,2239,188,0,0,1,187,0,1,187,0,0,0,0,gRNA_CDK19_targ_6770_4906
Reference,100.0,0.0,944,944,9,9,0,0,0,0,0,0,0,0,0,0,0,0,gRNA_CDK19_targ_6771_4907
HDR,36.74568966,63.25431034,944,944,928,341,587,0,0,2,585,0,2,585,0,0,0,0,gRNA_CDK19_targ_6771_4907
Reference,56.26535627,43.73464373,1767,1767,407,229,178,0,0,1,177,0,1,177,0,0,0,0,gRNA_CDK19_targ_6772_4908
HDR,76.10294118,23.89705882,1767,1767,1360,1035,325,0,0,1,324,0,1,324,0,0,0,0,gRNA_CDK19_targ_6772_4908
Reference,96.17590822,3.82409178,2071,2071,523,503,20,0,0,0,20,0,0,20,0,0,0,0,gRNA_CDK19_targ_6773_4909
HDR,20.49286641,79.50713359,2071,2071,1542,316,1226,0,1,166,1225,0,0,1060,1,0,165,0,gRNA_CDK19_targ_6773_4909
Reference,32.51454428,67.48545572,2071,2071,1547,503,1044,0,1,2,1044,0,0,1042,0,0,1,1,gRNA_CDK19_targ_6773_4910
HDR,1.53256705,98.46743295,2071,2071,522,8,514,0,0,164,514,0,0,350,0,0,164,0,gRNA_CDK19_targ_6773_4910
Reference,96.73076923,3.26923077,2071,2071,520,503,17,0,0,0,17,0,0,17,0,0,0,0,gRNA_CDK19_targ_6773_4911
HDR,0.0,100.0,2071,2071,516,0,516,0,0,165,516,0,0,351,0,0,165,0,gRNA_CDK19_targ_6773_4911
Reference,88.88888889,11.11111111,124,124,45,40,5,0,0,1,4,0,1,4,0,0,0,0,gRNA_CDK19_targ_6774_4912
HDR,1.31578947,98.68421053,124,124,76,1,75,0,0,0,75,0,0,75,0,0,0,0,gRNA_CDK19_targ_6774_4912
Reference,72.18045113,27.81954887,1448,1448,532,384,148,0,0,4,148,0,0,144,0,0,4,0,gRNA_CDK19_targ_6776_4913
HDR,76.09649123,23.90350877,1448,1448,912,694,218,0,0,0,218,0,0,218,0,0,0,0,gRNA_CDK19_targ_6776_4913
Reference,97.2401104,2.7598896,1164,1164,1087,1057,30,0,0,0,30,0,0,30,0,0,0,0,gRNA_CDK19_targ_6779_4914
HDR,0.0,100.0,1164,1164,73,0,73,0,0,0,73,0,0,73,0,0,0,0,gRNA_CDK19_targ_6779_4914
Reference,97.06152433,2.93847567,1164,1164,1089,1057,32,0,0,0,32,0,0,32,0,0,0,0,gRNA_CDK19_targ_6779_4915
HDR,2.66666667,97.33333333,1164,1164,75,2,73,0,0,0,73,0,0,73,0,0,0,0,gRNA_CDK19_targ_6779_4915
Reference,97.06152433,2.93847567,1164,1164,1089,1057,32,0,0,0,32,0,0,32,0,0,0,0,gRNA_CDK19_targ_6779_4916
HDR,98.63013699,1.36986301,1164,1164,73,72,1,0,0,0,1,0,0,1,0,0,0,0,gRNA_CDK19_targ_6779_4916
Reference,97.57929883,2.42070117,1676,1676,1198,1169,29,0,3,0,26,3,0,26,0,0,0,0,gRNA_CDK19_targ_6780_4917
HDR,38.15513627,61.84486373,1676,1676,477,182,295,0,0,0,295,0,0,295,0,0,0,0,gRNA_CDK19_targ_6780_4917
Reference,94.65153971,5.34846029,627,627,617,584,33,0,0,0,33,0,0,33,0,0,0,0,gRNA_CDK19_targ_6781_4918
HDR,100.0,0.0,627,627,10,10,0,0,0,0,0,0,0,0,0,0,0,0,gRNA_CDK19_targ_6781_4918
Reference,97.35449735,2.64550265,1012,1012,189,184,5,0,0,0,5,0,0,5,0,0,0,0,gRNA_CDK19_targ_6782_4919
HDR,98.78345499,1.21654501,1012,1012,822,812,10,0,0,0,10,0,0,10,0,0,0,0,gRNA_CDK19_targ_6782_4919
Reference,86.36363636,13.63636364,2028,1968,22,19,3,0,3,3,3,0,0,0,0,0,0,3,gRNA_CDK19_targ_6786_4920
HDR,97.08159619,2.91840381,2028,1968,1679,1630,49,0,0,0,49,0,0,49,0,0,0,0,gRNA_CDK19_targ_6786_4920
Reference,56.25,43.75,279,279,16,9,7,0,0,6,7,0,0,1,0,0,6,0,gRNA_CDK19_targ_6788_4921
HDR,80.60836502,19.39163498,279,279,263,212,51,0,0,0,51,0,0,51,0,0,0,0,gRNA_CDK19_targ_6788_4921
Reference,0.17211704,99.82788296,919,919,581,1,580,0,0,0,580,0,0,580,0,0,0,0,gRNA_CDK19_targ_6789_4922
HDR,0.0,100.0,919,919,338,0,338,0,0,1,337,0,1,337,0,0,0,0,gRNA_CDK19_targ_6789_4922
Reference,3.22580645,96.77419355,919,919,31,1,30,0,0,0,30,0,0,30,0,0,0,0,gRNA_CDK19_targ_6789_4923
HDR,63.4009009,36.5990991,919,919,888,563,325,0,0,1,324,0,1,324,0,0,0,0,gRNA_CDK19_targ_6789_4923
Reference,100.0,0.0,919,919,1,1,0,0,0,0,0,0,0,0,0,0,0,0,gRNA_CDK19_targ_6789_4924
HDR,22.72727273,77.27272727,919,919,308,70,238,0,0,1,237,0,1,237,0,0,0,0,gRNA_CDK19_targ_6789_4924
Reference,19.26803014,80.73196986,2271,2271,929,179,750,0,338,0,427,323,0,412,0,15,0,0,gRNA_CDK19_targ_6790_4925
HDR,84.6038864,15.3961136,2271,2271,1338,1132,206,0,0,1,206,0,0,205,0,0,1,0,gRNA_CDK19_targ_6790_4925
Reference,97.94721408,2.05278592,3083,3083,341,334,7,0,0,0,7,0,0,7,0,0,0,0,gRNA_CDK19_targ_6792_4926
HDR,38.37638376,61.62361624,3083,3083,2439,936,1503,0,1,1,1501,1,1,1501,0,0,0,0,gRNA_CDK19_targ_6792_4926
Reference,96.5034965,3.4965035,1291,1291,143,138,5,0,0,1,4,0,1,4,0,0,0,0,gRNA_CDK19_targ_6794_4927
HDR,54.94313211,45.05686789,1291,1291,1143,628,515,0,0,0,515,0,0,515,0,0,0,0,gRNA_CDK19_targ_6794_4927
Reference,94.04761905,5.95238095,322,322,252,237,15,0,0,0,15,0,0,15,0,0,0,0,gRNA_CDK19_targ_6795_4928
HDR,95.45454545,4.54545455,322,322,66,63,3,0,0,0,3,0,0,3,0,0,0,0,gRNA_CDK19_targ_6795_4928
Reference,96.90721649,3.09278351,518,518,97,94,3,0,2,0,3,0,0,1,0,2,0,0,gRNA_CDK19_targ_6796_4929
HDR,26.74418605,73.25581395,518,518,258,69,189,0,0,0,189,0,0,189,0,0,0,0,gRNA_CDK19_targ_6796_4929
Reference,97.41589469,2.58410531,2053,2053,2051,1998,53,0,0,0,53,0,0,53,0,0,0,0,gRNA_CDK19_targ_6797_4930
HDR,,,2053,2053,0,0,0,0,0,0,0,0,0,0,0,0,0,0,gRNA_CDK19_targ_6797_4930
Reference,95.73560768,4.26439232,1410,1410,1407,1347,60,0,0,0,60,0,0,60,0,0,0,0,gRNA_CDK19_targ_6798_4931
HDR,,,1410,1410,0,0,0,0,0,0,0,0,0,0,0,0,0,0,gRNA_CDK19_targ_6798_4931
Reference,95.73560768,4.26439232,1410,1410,1407,1347,60,0,0,0,60,0,0,60,0,0,0,0,gRNA_CDK19_targ_6798_4932
HDR,,,1410,1410,0,0,0,0,0,0,0,0,0,0,0,0,0,0,gRNA_CDK19_targ_6798_4932
Reference,95.53191489,4.46808511,1410,1410,1410,1347,63,0,0,0,63,0,0,63,0,0,0,0,gRNA_CDK19_targ_6798_4933
HDR,,,1410,1410,0,0,0,0,0,0,0,0,0,0,0,0,0,0,gRNA_CDK19_targ_6798_4933
Reference,21.80451128,78.19548872,529,529,399,87,312,0,0,1,312,0,0,311,0,0,1,0,gRNA_CDK19_targ_6799_4934
HDR,0.0,100.0,529,529,130,0,130,0,0,1,130,0,0,129,0,0,1,0,gRNA_CDK19_targ_6799_4934
Reference,98.86363636,1.13636364,529,529,88,87,1,0,0,0,1,0,0,1,0,0,0,0,gRNA_CDK19_targ_6799_4935
HDR,0.0,100.0,529,529,441,0,441,0,0,2,441,0,0,439,0,0,2,0,gRNA_CDK19_targ_6799_4935
Reference,98.86363636,1.13636364,529,529,88,87,1,0,0,0,1,0,0,1,0,0,0,0,gRNA_CDK19_targ_6799_4936
HDR,0.22675737,99.77324263,529,529,441,1,440,0,0,2,440,0,0,438,0,0,2,0,gRNA_CDK19_targ_6799_4936
Reference,98.86363636,1.13636364,529,529,88,87,1,0,0,0,1,0,0,1,0,0,0,0,gRNA_CDK19_targ_6799_4937
HDR,0.76923077,99.23076923,529,529,130,1,129,0,0,1,129,0,0,128,0,0,1,0,gRNA_CDK19_targ_6799_4937
Reference,100.0,0.0,529,529,87,87,0,0,0,0,0,0,0,0,0,0,0,0,gRNA_CDK19_targ_6799_4938
HDR,0.0,100.0,529,529,129,0,129,0,0,1,129,0,0,128,0,0,1,0,gRNA_CDK19_targ_6799_4938
Reference,100.0,0.0,529,529,87,87,0,0,0,0,0,0,0,0,0,0,0,0,gRNA_CDK19_targ_6799_4939
HDR,68.63636364,31.36363636,529,529,440,302,138,0,0,2,137,0,1,136,0,0,1,0,gRNA_CDK19_targ_6799_4939
Reference,98.86363636,1.13636364,529,529,88,87,1,0,0,0,1,0,0,1,0,0,0,0,gRNA_CDK19_targ_6799_4940
HDR,28.3446712,71.6553288,529,529,441,125,316,0,0,2,315,0,1,314,0,0,1,0,gRNA_CDK19_targ_6799_4940
Reference,40.13490725,59.86509275,1767,1764,593,238,355,0,0,0,355,0,0,355,0,0,0,0,gRNA_CDK19_targ_6800_4941
HDR,0.0,100.0,1767,1764,1163,0,1163,0,0,34,1130,0,33,1129,0,0,1,0,gRNA_CDK19_targ_6800_4941
Reference,93.33333333,6.66666667,1767,1764,255,238,17,0,0,0,17,0,0,17,0,0,0,0,gRNA_CDK19_targ_6800_4942
HDR,5.87797619,94.12202381,1767,1764,1344,79,1265,0,0,34,1232,0,33,1231,0,0,1,0,gRNA_CDK19_targ_6800_4942
Reference,44.32029795,55.67970205,1767,1764,537,238,299,0,0,0,299,0,0,299,0,0,0,0,gRNA_CDK19_targ_6800_4943
HDR,0.0,100.0,1767,1764,1192,0,1192,0,0,0,1192,0,0,1192,0,0,0,0,gRNA_CDK19_targ_6800_4943
Reference,57.62711864,42.37288136,1767,1764,413,238,175,0,0,0,175,0,0,175,0,0,0,0,gRNA_CDK19_targ_6800_4944
HDR,16.49484536,83.50515464,1767,1764,1164,192,972,0,0,34,939,0,33,938,0,0,1,0,gRNA_CDK19_targ_6800_4944
Reference,69.3877551,30.6122449,1767,1764,343,238,105,0,0,0,105,0,0,105,0,0,0,0,gRNA_CDK19_targ_6800_4945
HDR,0.0,100.0,1767,1764,970,0,970,0,0,34,937,0,33,936,0,0,1,0,gRNA_CDK19_targ_6800_4945
Reference,91.18773946,8.81226054,1767,1764,261,238,23,0,0,0,23,0,0,23,0,0,0,0,gRNA_CDK19_targ_6800_4946
HDR,7.87269682,92.12730318,1767,1764,1194,94,1100,0,0,1,1100,0,0,1099,0,0,1,0,gRNA_CDK19_targ_6800_4946
Reference,69.3877551,30.6122449,1767,1764,343,238,105,0,0,0,105,0,0,105,0,0,0,0,gRNA_CDK19_targ_6800_4947
HDR,56.82926829,43.17073171,1767,1764,1230,699,531,0,0,1,531,0,0,530,0,0,1,0,gRNA_CDK19_targ_6800_4947
Reference,69.28838951,30.71161049,2010,1920,267,185,82,0,0,69,82,0,0,13,0,0,69,0,gRNA_CDK19_targ_6801_4948
HDR,51.11917725,48.88082275,2010,1920,1653,845,808,0,0,3,805,0,3,805,0,0,0,0,gRNA_CDK19_targ_6801_4948
Reference,63.18156268,36.81843732,1789,1789,1779,1124,655,0,2,2,653,1,1,651,0,1,1,0,gRNA_CDK19_targ_6803_4949
HDR,,,1789,1789,0,0,0,0,0,0,0,0,0,0,0,0,0,0,gRNA_CDK19_targ_6803_4949
Reference,91.22807018,8.77192982,1243,1243,114,104,10,0,2,1,7,2,1,7,0,0,0,0,gRNA_CDK19_targ_6807_4950
HDR,70.99373321,29.00626679,1243,1243,1117,793,324,0,0,0,324,0,0,324,0,0,0,0,gRNA_CDK19_targ_6807_4950
Reference,33.69565217,66.30434783,3385,3385,276,93,183,0,0,1,182,0,1,182,0,0,0,0,gRNA_CDK19_targ_6810_4951
HDR,72.83172721,27.16827279,3385,3385,2698,1965,733,0,0,1,733,0,0,732,0,0,1,0,gRNA_CDK19_targ_6810_4951
Reference,15.64102564,84.35897436,4789,4789,3510,549,2961,0,1,17,2947,0,14,2943,0,1,3,0,gRNA_CDK19_targ_6811_4952
HDR,10.18998273,89.81001727,4789,4789,1158,118,1040,0,0,0,1040,0,0,1040,0,0,0,0,gRNA_CDK19_targ_6811_4952
Reference,58.15677966,41.84322034,4789,4789,944,549,395,0,1,16,381,0,14,378,0,1,2,0,gRNA_CDK19_targ_6811_4953
HDR,58.57024565,41.42975435,4789,4789,3623,2122,1501,0,0,1,1500,0,1,1500,0,0,0,0,gRNA_CDK19_targ_6811_4953
Reference,52.53588517,47.46411483,4789,4789,1045,549,496,0,1,16,482,0,14,479,0,1,2,0,gRNA_CDK19_targ_6811_4954
HDR,95.16587678,4.83412322,4789,4789,1055,1004,51,0,0,0,51,0,0,51,0,0,0,0,gRNA_CDK19_targ_6811_4954
Reference,44.40734558,55.59265442,1632,1632,599,266,333,0,0,2,332,0,1,331,0,0,1,0,gRNA_CDK19_targ_6812_4955
HDR,8.40611354,91.59388646,1632,1632,916,77,839,0,0,0,839,0,0,839,0,0,0,0,gRNA_CDK19_targ_6812_4955
Reference,72.67759563,27.32240437,1632,1632,366,266,100,0,0,1,99,0,1,99,0,0,0,0,gRNA_CDK19_targ_6812_4956
HDR,26.1925412,73.8074588,1632,1632,1153,302,851,0,0,1,850,0,1,850,0,0,0,0,gRNA_CDK19_targ_6812_4956
Reference,67.17171717,32.82828283,1632,1632,396,266,130,0,0,112,20,0,110,18,0,0,2,0,gRNA_CDK19_targ_6812_4957
HDR,89.20863309,10.79136691,1632,1632,834,744,90,0,0,0,90,0,0,90,0,0,0,0,gRNA_CDK19_targ_6812_4957
Reference,9.84251969,90.15748031,2906,2905,1524,150,1374,0,199,0,1374,0,0,1175,0,199,0,0,gRNA_CDK19_targ_6813_4958
HDR,35.15106853,64.84893147,2906,2905,1357,477,880,0,1,1,880,0,0,878,0,1,1,0,gRNA_CDK19_targ_6813_4958
Reference,45.57916381,54.42083619,2130,2129,1459,665,794,0,0,1,793,0,1,793,0,0,0,0,gRNA_CDK19_targ_6814_4959
HDR,0.0,100.0,2130,2129,661,0,661,0,0,0,661,0,0,661,0,0,0,0,gRNA_CDK19_targ_6814_4959
Reference,34.58138326,65.41861674,2130,2129,1923,665,1258,0,0,1,1257,0,1,1257,0,0,0,0,gRNA_CDK19_targ_6814_4960
HDR,0.0,100.0,2130,2129,200,0,200,0,0,0,200,0,0,200,0,0,0,0,gRNA_CDK19_targ_6814_4960
Reference,96.37681159,3.62318841,2130,2129,690,665,25,0,0,1,24,0,1,24,0,0,0,0,gRNA_CDK19_targ_6814_4961
HDR,32.79069767,67.20930233,2130,2129,1290,423,867,0,0,0,867,0,0,867,0,0,0,0,gRNA_CDK19_targ_6814_4961
Reference,51.75097276,48.24902724,2130,2129,1285,665,620,0,0,1,619,0,1,619,0,0,0,0,gRNA_CDK19_targ_6814_4962
HDR,0.0,100.0,2130,2129,19,0,19,0,0,0,19,0,0,19,0,0,0,0,gRNA_CDK19_targ_6814_4962
Reference,79.35560859,20.64439141,2130,2129,838,665,173,0,0,1,172,0,1,172,0,0,0,0,gRNA_CDK19_targ_6814_4963
HDR,93.72197309,6.27802691,2130,2129,669,627,42,0,0,0,42,0,0,42,0,0,0,0,gRNA_CDK19_targ_6814_4963
Reference,79.35560859,20.64439141,2130,2129,838,665,173,0,0,1,172,0,1,172,0,0,0,0,gRNA_CDK19_targ_6814_4964
HDR,86.06965174,13.93034826,2130,2129,201,173,28,0,0,0,28,0,0,28,0,0,0,0,gRNA_CDK19_targ_6814_4964
Reference,52.07517619,47.92482381,2130,2129,1277,665,612,0,0,1,611,0,1,611,0,0,0,0,gRNA_CDK19_targ_6814_4965
HDR,2.13523132,97.86476868,2130,2129,843,18,825,0,0,0,825,0,0,825,0,0,0,0,gRNA_CDK19_targ_6814_4965
Reference,47.79411765,52.20588235,492,492,408,195,213,0,0,68,212,0,1,145,0,0,67,0,gRNA_CDK19_targ_6815_4966
HDR,48.19277108,51.80722892,492,492,83,40,43,0,0,1,42,0,1,42,0,0,0,0,gRNA_CDK19_targ_6815_4966
Reference,63.7254902,36.2745098,492,492,306,195,111,0,0,67,111,0,0,44,0,0,67,0,gRNA_CDK19_targ_6815_4967
HDR,75.13513514,24.86486486,492,492,185,139,46,0,0,1,45,0,1,45,0,0,0,0,gRNA_CDK19_targ_6815_4967
Reference,39.79591837,60.20408163,492,492,490,195,295,0,0,67,295,0,0,228,0,0,67,0,gRNA_CDK19_targ_6815_4968
HDR,,,492,492,0,0,0,0,0,0,0,0,0,0,0,0,0,0,gRNA_CDK19_targ_6815_4968
Reference,73.30827068,26.69172932,492,492,266,195,71,0,0,68,70,0,1,3,0,0,67,0,gRNA_CDK19_targ_6815_4969
HDR,85.71428571,14.28571429,492,492,42,36,6,0,0,1,5,0,1,5,0,0,0,0,gRNA_CDK19_targ_6815_4969
Reference,47.67726161,52.32273839,492,492,409,195,214,0,0,68,213,0,1,146,0,0,67,0,gRNA_CDK19_targ_6815_4970
HDR,0.0,100.0,492,492,1,0,1,0,0,1,0,0,1,0,0,0,0,0,gRNA_CDK19_targ_6815_4970
Reference,63.7254902,36.2745098,492,492,306,195,111,0,0,67,111,0,0,44,0,0,67,0,gRNA_CDK19_targ_6815_4971
HDR,,,492,492,0,0,0,0,0,0,0,0,0,0,0,0,0,0,gRNA_CDK19_targ_6815_4971
Reference,43.33333333,56.66666667,492,492,450,195,255,0,0,68,254,0,1,187,0,0,67,0,gRNA_CDK19_targ_6815_4972
HDR,0.0,100.0,492,492,41,0,41,0,0,0,41,0,0,41,0,0,0,0,gRNA_CDK19_targ_6815_4972
Reference,97.02970297,2.97029703,384,384,101,98,3,0,0,0,3,0,0,3,0,0,0,0,gRNA_CDK19_targ_6816_4973
HDR,85.36585366,14.63414634,384,384,123,105,18,0,0,0,18,0,0,18,0,0,0,0,gRNA_CDK19_targ_6816_4973
Reference,3.46820809,96.53179191,220,220,173,6,167,0,0,0,167,0,0,167,0,0,0,0,gRNA_CDK19_targ_6817_4974
HDR,,,220,220,0,0,0,0,0,0,0,0,0,0,0,0,0,0,gRNA_CDK19_targ_6817_4974
Reference,11.32075472,88.67924528,220,220,53,6,47,0,0,0,47,0,0,47,0,0,0,0,gRNA_CDK19_targ_6817_4975
HDR,97.00598802,2.99401198,220,220,167,162,5,0,0,0,5,0,0,5,0,0,0,0,gRNA_CDK19_targ_6817_4975
Reference,11.32075472,88.67924528,220,220,53,6,47,0,0,0,47,0,0,47,0,0,0,0,gRNA_CDK19_targ_6817_4976
HDR,,,220,220,0,0,0,0,0,0,0,0,0,0,0,0,0,0,gRNA_CDK19_targ_6817_4976
Reference,96.21212121,3.78787879,133,133,132,127,5,0,0,0,5,0,0,5,0,0,0,0,gRNA_CDK19_targ_6818_4977
HDR,,,133,133,0,0,0,0,0,0,0,0,0,0,0,0,0,0,gRNA_CDK19_targ_6818_4977
Reference,83.24324324,16.75675676,1306,1304,370,308,62,0,36,14,62,0,0,12,0,36,14,0,gRNA_CDK19_targ_6823_4978
HDR,34.9137931,65.0862069,1306,1304,928,324,604,0,1,1,603,1,0,602,0,0,1,0,gRNA_CDK19_targ_6823_4978
Reference,43.44146685,56.55853315,1306,1304,709,308,401,0,36,14,401,0,0,351,0,36,14,0,gRNA_CDK19_targ_6823_4979
HDR,0.0,100.0,1306,1304,592,0,592,0,0,1,592,0,0,591,0,0,1,0,gRNA_CDK19_targ_6823_4979
Reference,82.13333333,17.86666667,1306,1304,375,308,67,0,36,14,67,0,0,17,0,36,14,0,gRNA_CDK19_targ_6823_4980
HDR,96.8013468,3.1986532,1306,1304,594,575,19,0,1,1,17,1,1,17,0,0,0,0,gRNA_CDK19_targ_6823_4980
Reference,85.71428571,14.28571429,783,783,7,6,1,0,0,0,1,0,0,1,0,0,0,0,gRNA_CDK19_targ_6832_4981
HDR,0.0,100.0,783,783,774,0,774,0,0,0,774,0,0,774,0,0,0,0,gRNA_CDK19_targ_6832_4981
Reference,85.71428571,14.28571429,783,783,7,6,1,0,0,0,1,0,0,1,0,0,0,0,gRNA_CDK19_targ_6832_4982
HDR,0.0,100.0,783,783,711,0,711,0,0,0,711,0,0,711,0,0,0,0,gRNA_CDK19_targ_6832_4982
Reference,75.0,25.0,783,783,8,6,2,0,0,0,2,0,0,2,0,0,0,0,gRNA_CDK19_targ_6832_4983
HDR,90.06451613,9.93548387,783,783,775,698,77,0,0,0,77,0,0,77,0,0,0,0,gRNA_CDK19_targ_6832_4983
Reference,97.63313609,2.36686391,1076,1076,338,330,8,0,0,1,7,0,1,7,0,0,0,0,gRNA_CDK19_targ_6833_4984
HDR,0.0,100.0,1076,1076,581,0,581,0,0,0,581,0,0,581,0,0,0,0,gRNA_CDK19_targ_6833_4984
Reference,69.76744186,30.23255814,1076,1076,473,330,143,0,0,1,142,0,1,142,0,0,0,0,gRNA_CDK19_targ_6833_4985
HDR,0.0,100.0,1076,1076,525,0,525,0,0,0,525,0,0,525,0,0,0,0,gRNA_CDK19_targ_6833_4985
Reference,69.76744186,30.23255814,1076,1076,473,330,143,0,0,1,142,0,1,142,0,0,0,0,gRNA_CDK19_targ_6833_4986
HDR,89.32874355,10.67125645,1076,1076,581,519,62,0,0,0,62,0,0,62,0,0,0,0,gRNA_CDK19_targ_6833_4986
Reference,19.20341394,80.79658606,3020,3020,2109,405,1704,0,1,4,1699,1,4,1699,0,0,0,0,gRNA_CDK19_targ_6835_4987
HDR,0.22075055,99.77924945,3020,3020,906,2,904,0,0,1,904,0,0,903,0,0,1,0,gRNA_CDK19_targ_6835_4987
Reference,97.87234043,2.12765957,1911,1911,329,322,7,0,3,1,4,2,1,3,0,1,0,0,gRNA_CDK19_targ_6836_4988
HDR,54.15019763,45.84980237,1911,1911,1265,685,580,0,0,1,579,0,1,579,0,0,0,0,gRNA_CDK19_targ_6836_4988
Reference,17.30769231,82.69230769,1263,1263,156,27,129,0,0,129,9,0,120,0,0,0,9,0,gRNA_CDK19_targ_6837_4989
HDR,7.84671533,92.15328467,1263,1263,1096,86,1010,0,0,1,1010,0,0,1009,0,0,1,0,gRNA_CDK19_targ_6837_4989
Reference,22.96819788,77.03180212,554,554,283,65,218,0,0,0,218,0,0,218,0,0,0,0,gRNA_CDK19_targ_6838_4990
HDR,0.0,100.0,554,554,167,0,167,0,0,0,167,0,0,167,0,0,0,0,gRNA_CDK19_targ_6838_4990
Reference,43.62416107,56.37583893,554,554,149,65,84,0,0,0,84,0,0,84,0,0,0,0,gRNA_CDK19_targ_6838_4991
HDR,47.6426799,52.3573201,554,554,403,192,211,0,0,0,211,0,0,211,0,0,0,0,gRNA_CDK19_targ_6838_4991
Reference,43.33333333,56.66666667,554,554,150,65,85,0,0,0,85,0,0,85,0,0,0,0,gRNA_CDK19_targ_6838_4992
HDR,77.94117647,22.05882353,554,554,204,159,45,0,0,0,45,0,0,45,0,0,0,0,gRNA_CDK19_targ_6838_4992
Reference,8.08823529,91.91176471,676,676,136,11,125,0,124,0,6,119,0,1,0,5,0,0,gRNA_CDK19_targ_6839_4993
HDR,0.56179775,99.43820225,676,676,534,3,531,0,0,0,531,0,0,531,0,0,0,0,gRNA_CDK19_targ_6839_4993
Reference,7.74647887,92.25352113,676,676,142,11,131,0,126,0,12,119,0,5,0,7,0,0,gRNA_CDK19_targ_6839_4994
HDR,0.0,100.0,676,676,532,0,532,0,0,1,532,0,0,531,0,0,1,0,gRNA_CDK19_targ_6839_4994
Reference,7.97101449,92.02898551,676,676,138,11,127,0,126,0,8,119,0,1,0,7,0,0,gRNA_CDK19_targ_6839_4995
HDR,95.12195122,4.87804878,676,676,533,507,26,0,0,1,26,0,0,25,0,0,1,0,gRNA_CDK19_targ_6839_4995
Reference,80.07968127,19.92031873,2348,2348,251,201,50,0,0,0,50,0,0,50,0,0,0,0,gRNA_CDK19_targ_6840_4996
HDR,75.87433314,24.12566686,2348,2348,1687,1280,407,0,0,1,406,0,1,406,0,0,0,0,gRNA_CDK19_targ_6840_4996
Reference,50.0,50.0,1333,1333,6,3,3,0,0,1,3,0,0,2,0,0,1,0,gRNA_CDK19_targ_6841_4997
HDR,64.12872841,35.87127159,1333,1333,1274,817,457,0,0,0,457,0,0,457,0,0,0,0,gRNA_CDK19_targ_6841_4997
Reference,70.52154195,29.47845805,3030,3030,1764,1244,520,0,466,2,90,429,1,52,0,37,1,0,gRNA_CDK19_targ_6843_4998
HDR,97.81376518,2.18623482,3030,3030,1235,1208,27,0,0,0,27,0,0,27,0,0,0,0,gRNA_CDK19_targ_6843_4998
Reference,0.11173184,99.88826816,1153,1152,895,1,894,0,0,0,894,0,0,894,0,0,0,0,gRNA_CDK19_targ_6844_4999
HDR,0.0,100.0,1153,1152,254,0,254,0,0,0,254,0,0,254,0,0,0,0,gRNA_CDK19_targ_6844_4999
Reference,2.77777778,97.22222222,1153,1152,36,1,35,0,0,0,35,0,0,35,0,0,0,0,gRNA_CDK19_targ_6844_5000
HDR,0.0,100.0,1153,1152,827,0,827,0,0,0,827,0,0,827,0,0,0,0,gRNA_CDK19_targ_6844_5000
Reference,25.0,75.0,1153,1152,4,1,3,0,0,0,3,0,0,3,0,0,0,0,gRNA_CDK19_targ_6844_5001
HDR,0.0,100.0,1153,1152,864,0,864,0,0,0,864,0,0,864,0,0,0,0,gRNA_CDK19_targ_6844_5001
Reference,0.12437811,99.87562189,1153,1152,804,1,803,0,0,0,803,0,0,803,0,0,0,0,gRNA_CDK19_targ_6844_5002
HDR,0.0,100.0,1153,1152,346,0,346,0,0,0,346,0,0,346,0,0,0,0,gRNA_CDK19_targ_6844_5002
Reference,0.30769231,99.69230769,1153,1152,325,1,324,0,0,0,324,0,0,324,0,0,0,0,gRNA_CDK19_targ_6844_5003
HDR,0.0,100.0,1153,1152,257,0,257,0,0,0,257,0,0,257,0,0,0,0,gRNA_CDK19_targ_6844_5003
Reference,0.34722222,99.65277778,1153,1152,288,1,287,0,0,0,287,0,0,287,0,0,0,0,gRNA_CDK19_targ_6844_5004
HDR,0.0,100.0,1153,1152,257,0,257,0,0,0,257,0,0,257,0,0,0,0,gRNA_CDK19_targ_6844_5004
Reference,0.17730496,99.82269504,1153,1152,564,1,563,0,0,0,563,0,0,563,0,0,0,0,gRNA_CDK19_targ_6844_5005
HDR,0.0,100.0,1153,1152,14,0,14,0,0,0,14,0,0,14,0,0,0,0,gRNA_CDK19_targ_6844_5005
Reference,33.33333333,66.66666667,1153,1152,3,1,2,0,0,0,2,0,0,2,0,0,0,0,gRNA_CDK19_targ_6844_5006
HDR,32.28915663,67.71084337,1153,1152,830,268,562,0,0,0,562,0,0,562,0,0,0,0,gRNA_CDK19_targ_6844_5006
Reference,0.34843206,99.65156794,1153,1152,287,1,286,0,0,0,286,0,0,286,0,0,0,0,gRNA_CDK19_targ_6844_5007
HDR,0.32154341,99.67845659,1153,1152,311,1,310,0,0,0,310,0,0,310,0,0,0,0,gRNA_CDK19_targ_6844_5007
Reference,0.35211268,99.64788732,1153,1152,284,1,283,0,0,0,283,0,0,283,0,0,0,0,gRNA_CDK19_targ_6844_5008
HDR,9.85507246,90.14492754,1153,1152,345,34,311,0,0,0,311,0,0,311,0,0,0,0,gRNA_CDK19_targ_6844_5008
Reference,0.31055901,99.68944099,1153,1152,322,1,321,0,0,0,321,0,0,321,0,0,0,0,gRNA_CDK19_targ_6844_5009
HDR,28.60606061,71.39393939,1153,1152,825,236,589,0,0,0,589,0,0,589,0,0,0,0,gRNA_CDK19_targ_6844_5009
Reference,0.16722408,99.83277592,1153,1152,598,1,597,0,0,0,597,0,0,597,0,0,0,0,gRNA_CDK19_targ_6844_5010
HDR,0.0,100.0,1153,1152,552,0,552,0,0,0,552,0,0,552,0,0,0,0,gRNA_CDK19_targ_6844_5010
Reference,0.17730496,99.82269504,1153,1152,564,1,563,0,0,0,563,0,0,563,0,0,0,0,gRNA_CDK19_targ_6844_5011
HDR,0.0,100.0,1153,1152,586,0,586,0,0,0,586,0,0,586,0,0,0,0,gRNA_CDK19_targ_6844_5011
Reference,0.35211268,99.64788732,1153,1152,284,1,283,0,0,0,283,0,0,283,0,0,0,0,gRNA_CDK19_targ_6844_5012
HDR,33.48783314,66.51216686,1153,1152,863,289,574,0,0,0,574,0,0,574,0,0,0,0,gRNA_CDK19_targ_6844_5012
Reference,0.34602076,99.65397924,1153,1152,289,1,288,0,0,0,288,0,0,288,0,0,0,0,gRNA_CDK19_targ_6844_5013
HDR,1.98915009,98.01084991,1153,1152,553,11,542,0,0,0,542,0,0,542,0,0,0,0,gRNA_CDK19_targ_6844_5013
Reference,7.15,92.85,2009,2008,2000,143,1857,0,1,0,1856,1,0,1856,0,0,0,0,gRNA_CDK19_targ_6845_5014
HDR,0.0,100.0,2009,2008,2,0,2,0,0,0,2,0,0,2,0,0,0,0,gRNA_CDK19_targ_6845_5014
Reference,87.19512195,12.80487805,2009,2008,164,143,21,0,1,0,20,1,0,20,0,0,0,0,gRNA_CDK19_targ_6845_5015
HDR,10.60267857,89.39732143,2009,2008,1792,190,1602,0,0,0,1602,0,0,1602,0,0,0,0,gRNA_CDK19_targ_6845_5015
Reference,66.82242991,33.17757009,2009,2008,214,143,71,0,1,0,70,1,0,70,0,0,0,0,gRNA_CDK19_targ_6845_5016
HDR,0.0,100.0,2009,2008,5,0,5,0,0,0,5,0,0,5,0,0,0,0,gRNA_CDK19_targ_6845_5016
Reference,23.01967039,76.98032961,3224,3224,1881,433,1448,0,0,0,1448,0,0,1448,0,0,0,0,gRNA_CDK19_targ_6846_5017
HDR,43.22097378,56.77902622,3224,3224,1335,577,758,0,0,0,758,0,0,758,0,0,0,0,gRNA_CDK19_targ_6846_5017
Reference,24.3258427,75.6741573,3224,3224,1780,433,1347,0,0,0,1347,0,0,1347,0,0,0,0,gRNA_CDK19_targ_6846_5018
HDR,58.45909452,41.54090548,3224,3224,1259,736,523,0,0,0,523,0,0,523,0,0,0,0,gRNA_CDK19_targ_6846_5018
Reference,39.72477064,60.27522936,3224,3224,1090,433,657,0,0,0,657,0,0,657,0,0,0,0,gRNA_CDK19_targ_6846_5019
HDR,62.55319149,37.44680851,3224,3224,470,294,176,0,0,0,176,0,0,176,0,0,0,0,gRNA_CDK19_targ_6846_5019
Reference,0.48939641,99.51060359,889,889,613,3,610,0,0,1,610,0,0,609,0,0,1,0,gRNA_CDK19_targ_6847_5020
HDR,7.74907749,92.25092251,889,889,271,21,250,0,0,0,250,0,0,250,0,0,0,0,gRNA_CDK19_targ_6847_5020
Reference,0.65789474,99.34210526,788,788,304,2,302,0,32,0,272,30,0,270,0,2,0,0,gRNA_CDK19_targ_6849_5021
HDR,1.86335404,98.13664596,788,788,483,9,474,0,0,0,474,0,0,474,0,0,0,0,gRNA_CDK19_targ_6849_5021
Reference,74.52339688,25.47660312,1734,1734,1731,1290,441,0,0,1,440,0,1,440,0,0,0,0,gRNA_CDK19_targ_6850_5022
HDR,100.0,0.0,1734,1734,1,1,0,0,0,0,0,0,0,0,0,0,0,0,gRNA_CDK19_targ_6850_5022
Reference,24.76525822,75.23474178,1231,1231,852,211,641,0,0,2,639,0,2,639,0,0,0,0,gRNA_CDK19_targ_6851_5023
HDR,0.45454545,99.54545455,1231,1231,220,1,219,0,0,0,219,0,0,219,0,0,0,0,gRNA_CDK19_targ_6851_5023
Reference,0.56497175,99.43502825,382,382,177,1,176,0,4,0,172,4,0,172,0,0,0,0,gRNA_CDK19_targ_6853_5024
HDR,1.47058824,98.52941176,382,382,136,2,134,0,0,0,134,0,0,134,0,0,0,0,gRNA_CDK19_targ_6853_5024
Reference,95.90643275,4.09356725,575,575,171,164,7,0,0,0,7,0,0,7,0,0,0,0,gRNA_CDK19_targ_6854_5025
HDR,95.78163772,4.21836228,575,575,403,386,17,0,0,0,17,0,0,17,0,0,0,0,gRNA_CDK19_targ_6854_5025
Reference,41.46341463,58.53658537,1574,1574,205,85,120,0,0,114,6,0,114,6,0,0,0,0,gRNA_CDK19_targ_6855_5026
HDR,0.07304602,99.92695398,1574,1574,1369,1,1368,0,0,1,1367,0,1,1367,0,0,0,0,gRNA_CDK19_targ_6855_5026
Reference,41.06280193,58.93719807,1574,1574,207,85,122,0,0,115,8,0,114,7,0,0,1,0,gRNA_CDK19_targ_6855_5027
HDR,0.0,100.0,1574,1574,1186,0,1186,0,0,0,1186,0,0,1186,0,0,0,0,gRNA_CDK19_targ_6855_5027
Reference,8.14176245,91.85823755,1574,1574,1044,85,959,0,0,2,958,0,1,957,0,0,1,0,gRNA_CDK19_targ_6855_5028
HDR,0.0,100.0,1574,1574,413,0,413,0,0,0,413,0,0,413,0,0,0,0,gRNA_CDK19_targ_6855_5028
Reference,41.46341463,58.53658537,1574,1574,205,85,120,0,0,114,6,0,114,6,0,0,0,0,gRNA_CDK19_targ_6855_5029
HDR,54.64520849,45.35479151,1574,1574,1367,747,620,0,0,0,620,0,0,620,0,0,0,0,gRNA_CDK19_targ_6855_5029
Reference,41.46341463,58.53658537,1574,1574,205,85,120,0,0,114,6,0,114,6,0,0,0,0,gRNA_CDK19_targ_6855_5030
HDR,0.0,100.0,1574,1574,417,0,417,0,0,0,417,0,0,417,0,0,0,0,gRNA_CDK19_targ_6855_5030
Reference,21.90721649,78.09278351,1574,1574,388,85,303,0,0,115,189,0,114,188,0,0,1,0,gRNA_CDK19_targ_6855_5031
HDR,0.0,100.0,1574,1574,417,0,417,0,0,0,417,0,0,417,0,0,0,0,gRNA_CDK19_targ_6855_5031
Reference,41.06280193,58.93719807,1574,1574,207,85,122,0,0,115,8,0,114,7,0,0,1,0,gRNA_CDK19_targ_6855_5032
HDR,34.14839798,65.85160202,1574,1574,1186,405,781,0,0,0,781,0,0,781,0,0,0,0,gRNA_CDK19_targ_6855_5032
Reference,91.71597633,8.28402367,931,931,338,310,28,0,0,0,28,0,0,28,0,0,0,0,gRNA_CDK19_targ_6858_5033
HDR,98.30795262,1.69204738,931,931,591,581,10,0,0,1,9,0,1,9,0,0,0,0,gRNA_CDK19_targ_6858_5033
Reference,84.56140351,15.43859649,467,467,285,241,44,0,39,0,5,39,0,5,0,0,0,0,gRNA_CDK19_targ_6859_5034
HDR,99.07407407,0.92592593,467,467,108,107,1,0,0,0,1,0,0,1,0,0,0,0,gRNA_CDK19_targ_6859_5034
Reference,97.40034662,2.59965338,1072,1071,577,562,15,0,0,0,15,0,0,15,0,0,0,0,gRNA_CDK19_targ_6860_5035
HDR,84.17849899,15.82150101,1072,1071,493,415,78,0,0,0,78,0,0,78,0,0,0,0,gRNA_CDK19_targ_6860_5035
Reference,96.95121951,3.04878049,1219,1219,164,159,5,0,0,0,5,0,0,5,0,0,0,0,gRNA_CDK19_targ_6863_5036
HDR,96.799117,3.200883,1219,1219,906,877,29,0,0,0,29,0,0,29,0,0,0,0,gRNA_CDK19_targ_6863_5036
Reference,95.22123894,4.77876106,1625,1597,565,538,27,0,0,0,27,0,0,27,0,0,0,0,gRNA_CDK19_targ_6864_5037
HDR,78.9260385,21.0739615,1625,1597,987,779,208,0,0,0,208,0,0,208,0,0,0,0,gRNA_CDK19_targ_6864_5037
Reference,91.93548387,8.06451613,735,735,62,57,5,0,2,0,5,0,0,3,0,2,0,0,gRNA_CDK19_targ_6865_5038
HDR,96.28571429,3.71428571,735,735,350,337,13,0,0,0,13,0,0,13,0,0,0,0,gRNA_CDK19_targ_6865_5038
Reference,77.39463602,22.60536398,1661,1661,261,202,59,0,0,0,59,0,0,59,0,0,0,0,gRNA_CDK19_targ_6866_5039
HDR,36.93599161,63.06400839,1661,1661,953,352,601,0,0,1,600,0,1,600,0,0,0,0,gRNA_CDK19_targ_6866_5039
Reference,100.0,0.0,1050,1049,7,7,0,0,0,0,0,0,0,0,0,0,0,0,gRNA_CDK19_targ_6869_5040
HDR,93.07228916,6.92771084,1050,1049,996,927,69,0,0,0,69,0,0,69,0,0,0,0,gRNA_CDK19_targ_6869_5040
Reference,61.18226601,38.81773399,2272,2265,1015,621,394,0,264,0,173,221,0,130,0,43,0,0,gRNA_CDK19_targ_6870_5041
HDR,0.09661836,99.90338164,2272,2265,1035,1,1034,0,0,0,1034,0,0,1034,0,0,0,0,gRNA_CDK19_targ_6870_5041
Reference,95.68567026,4.31432974,2272,2268,649,621,28,0,1,0,28,0,0,27,0,1,0,0,gRNA_CDK19_targ_6870_5042
HDR,8.71886121,91.28113879,2272,2268,1124,98,1026,0,13,0,1013,13,0,1013,0,0,0,0,gRNA_CDK19_targ_6870_5042
Reference,95.39170507,4.60829493,2272,2265,651,621,30,0,1,0,30,0,0,29,0,1,0,0,gRNA_CDK19_targ_6870_5043
HDR,91.65085389,8.34914611,2272,2265,1054,966,88,0,0,0,88,0,0,88,0,0,0,0,gRNA_CDK19_targ_6870_5043
Reference,98.62542955,1.37457045,1498,1498,291,287,4,0,0,0,4,0,0,4,0,0,0,0,gRNA_CDK19_targ_6871_5044
HDR,97.4015088,2.5984912,1498,1498,1193,1162,31,0,0,1,30,0,1,30,0,0,0,0,gRNA_CDK19_targ_6871_5044
Reference,95.54896142,4.45103858,2132,2132,337,322,15,0,0,0,15,0,0,15,0,0,0,0,gRNA_CDK19_targ_6873_5045
HDR,96.31284916,3.68715084,2132,2132,1790,1724,66,0,0,1,65,0,1,65,0,0,0,0,gRNA_CDK19_targ_6873_5045
Reference,95.92982456,4.07017544,2999,2999,1425,1367,58,0,0,1,57,0,1,57,0,0,0,0,gRNA_CDK19_targ_6874_5046
HDR,97.32899023,2.67100977,2999,2999,1535,1494,41,0,0,2,39,0,2,39,0,0,0,0,gRNA_CDK19_targ_6874_5046
Reference,7.44138634,92.55861366,3184,3184,1962,146,1816,0,5,3,1813,2,1,1808,0,3,2,0,gRNA_CDK19_targ_6875_5047
HDR,0.32310178,99.67689822,3184,3184,619,2,617,0,3,1,614,3,0,613,0,0,1,0,gRNA_CDK19_targ_6875_5047
Reference,87.80487805,12.19512195,941,941,615,540,75,0,0,2,73,0,2,73,0,0,0,0,gRNA_CDK19_targ_6876_5048
HDR,29.01234568,70.98765432,941,941,324,94,230,0,0,0,230,0,0,230,0,0,0,0,gRNA_CDK19_targ_6876_5048
Reference,18.95356895,81.04643105,3612,3612,2886,547,2339,0,38,107,2324,14,1,2194,0,24,106,0,gRNA_CDK19_targ_6877_5049
HDR,20.39106145,79.60893855,3612,3612,716,146,570,0,0,0,570,0,0,570,0,0,0,0,gRNA_CDK19_targ_6877_5049
Reference,65.04161712,34.95838288,3612,3612,841,547,294,0,25,107,293,0,1,163,0,24,105,1,gRNA_CDK19_targ_6877_5050
HDR,76.58948916,23.41051084,3612,3612,2721,2084,637,0,0,1,636,0,1,636,0,0,0,0,gRNA_CDK19_targ_6877_5050
Reference,73.91891892,26.08108108,3612,3612,740,547,193,0,39,108,178,14,1,47,0,24,106,1,gRNA_CDK19_targ_6877_5051
HDR,96.68411867,3.31588133,3612,3612,573,554,19,0,0,0,19,0,0,19,0,0,0,0,gRNA_CDK19_targ_6877_5051
Reference,91.05504587,8.94495413,2362,2362,436,397,39,0,3,0,36,3,0,36,0,0,0,0,gRNA_CDK19_targ_6878_5052
HDR,64.15452818,35.84547182,2362,2362,1579,1013,566,0,0,1,565,0,1,565,0,0,0,0,gRNA_CDK19_targ_6878_5052
Reference,23.58882947,76.41117053,2362,2362,1683,397,1286,0,3,1,1283,3,0,1282,0,0,1,0,gRNA_CDK19_targ_6878_5053
HDR,3.25925926,96.74074074,2362,2362,675,22,653,0,0,1,653,0,0,652,0,0,1,0,gRNA_CDK19_targ_6878_5053
Reference,61.5503876,38.4496124,2362,2362,645,397,248,0,3,0,245,3,0,245,0,0,0,0,gRNA_CDK19_targ_6878_5054
HDR,79.69465649,20.30534351,2362,2362,655,522,133,0,0,1,133,0,0,132,0,0,1,0,gRNA_CDK19_targ_6878_5054
Reference,76.61691542,23.38308458,2026,1887,402,308,94,0,0,0,94,0,0,94,0,0,0,0,gRNA_CDK19_targ_6879_5055
HDR,0.23771791,99.76228209,2026,1887,1262,3,1259,0,1,2,1257,0,2,1256,0,1,0,0,gRNA_CDK19_targ_6879_5055
Reference,93.05135952,6.94864048,2026,1887,331,308,23,0,0,1,23,0,0,22,0,0,1,0,gRNA_CDK19_targ_6879_5056
HDR,4.73718365,95.26281635,2026,1887,1541,73,1468,0,1,1,1467,0,1,1466,0,1,0,0,gRNA_CDK19_targ_6879_5056
Reference,94.47852761,5.52147239,2026,1887,326,308,18,0,0,0,18,0,0,18,0,0,0,0,gRNA_CDK19_targ_6879_5057
HDR,79.29634641,20.70365359,2026,1887,1478,1172,306,0,1,1,304,1,1,304,0,0,0,0,gRNA_CDK19_targ_6879_5057
Reference,93.29608939,6.70391061,1755,1755,179,167,12,0,0,0,12,0,0,12,0,0,0,0,gRNA_CDK19_targ_6880_5058
HDR,10.24173028,89.75826972,1755,1755,1572,161,1411,0,0,110,1410,0,1,1301,0,0,109,0,gRNA_CDK19_targ_6880_5058
Reference,48.54651163,51.45348837,1755,1755,344,167,177,0,0,0,177,0,0,177,0,0,0,0,gRNA_CDK19_targ_6880_5059
HDR,0.07942812,99.92057188,1755,1755,1259,1,1258,0,0,110,1257,0,1,1148,0,0,109,0,gRNA_CDK19_targ_6880_5059
Reference,91.75824176,8.24175824,1755,1755,182,167,15,0,0,1,14,0,1,14,0,0,0,0,gRNA_CDK19_targ_6880_5060
HDR,78.35344216,21.64655784,1755,1755,1409,1104,305,0,0,110,196,0,109,195,0,0,1,0,gRNA_CDK19_targ_6880_5060
Reference,6.10435664,93.89564336,4177,4177,3948,241,3707,0,0,1,3706,0,1,3706,0,0,0,0,gRNA_CDK19_targ_6887_5061
HDR,0.0,100.0,4177,4177,221,0,221,0,0,0,221,0,0,221,0,0,0,0,gRNA_CDK19_targ_6887_5061
Reference,97.5708502,2.4291498,4177,4177,247,241,6,0,0,1,5,0,1,5,0,0,0,0,gRNA_CDK19_targ_6887_5062
HDR,1.04431992,98.95568008,4177,4177,3926,41,3885,0,0,0,3885,0,0,3885,0,0,0,0,gRNA_CDK19_targ_6887_5062
Reference,84.56140351,15.43859649,4177,4177,285,241,44,0,0,1,43,0,1,43,0,0,0,0,gRNA_CDK19_targ_6887_5063
HDR,0.03067485,99.96932515,4177,4177,3260,1,3259,0,0,0,3259,0,0,3259,0,0,0,0,gRNA_CDK19_targ_6887_5063
Reference,96.78714859,3.21285141,4177,4177,249,241,8,0,0,1,7,0,1,7,0,0,0,0,gRNA_CDK19_targ_6887_5064
HDR,0.0,100.0,4177,4177,229,0,229,0,0,0,229,0,0,229,0,0,0,0,gRNA_CDK19_targ_6887_5064
Reference,26.31004367,73.68995633,4177,4177,916,241,675,0,0,1,674,0,1,674,0,0,0,0,gRNA_CDK19_targ_6887_5065
HDR,0.0,100.0,4177,4177,228,0,228,0,0,0,228,0,0,228,0,0,0,0,gRNA_CDK19_targ_6887_5065
Reference,97.96747967,2.03252033,4177,4177,246,241,5,0,0,1,4,0,1,4,0,0,0,0,gRNA_CDK19_targ_6887_5066
HDR,71.50938545,28.49061455,4177,4177,3889,2781,1108,0,0,0,1108,0,0,1108,0,0,0,0,gRNA_CDK19_targ_6887_5066
Reference,83.68055556,16.31944444,4177,4177,288,241,47,0,0,1,46,0,1,46,0,0,0,0,gRNA_CDK19_targ_6887_5067
HDR,6.53775322,93.46224678,4177,4177,3258,213,3045,0,0,0,3045,0,0,3045,0,0,0,0,gRNA_CDK19_targ_6887_5067
Reference,66.15755627,33.84244373,1824,1824,1244,823,421,0,0,0,421,0,0,421,0,0,0,0,gRNA_CDK19_targ_6888_5068
HDR,95.98997494,4.01002506,1824,1824,399,383,16,0,0,0,16,0,0,16,0,0,0,0,gRNA_CDK19_targ_6888_5068
Reference,98.42931937,1.57068063,1717,1717,191,188,3,0,0,1,2,0,1,2,0,0,0,0,gRNA_CDK19_targ_6891_5069
HDR,68.59205776,31.40794224,1717,1717,1108,760,348,0,0,1,348,0,0,347,0,0,1,0,gRNA_CDK19_targ_6891_5069
Reference,94.0652819,5.9347181,1397,1397,1011,951,60,0,20,1,44,15,1,39,0,5,0,0,gRNA_CDK19_targ_6892_5070
HDR,98.41269841,1.58730159,1397,1397,378,372,6,0,0,0,6,0,0,6,0,0,0,0,gRNA_CDK19_targ_6892_5070
Reference,69.51754386,30.48245614,1397,1397,1368,951,417,0,1,2,414,1,2,414,0,0,0,0,gRNA_CDK19_targ_6892_5071
HDR,100.0,0.0,1397,1397,7,7,0,0,0,0,0,0,0,0,0,0,0,0,gRNA_CDK19_targ_6892_5071
Reference,93.97233202,6.02766798,1397,1397,1012,951,61,0,20,2,44,15,2,39,0,5,0,0,gRNA_CDK19_targ_6892_5072
HDR,,,1397,1397,0,0,0,0,0,0,0,0,0,0,0,0,0,0,gRNA_CDK19_targ_6892_5072
Reference,66.66666667,33.33333333,1013,1013,3,2,1,0,1,0,0,1,0,0,0,0,0,0,gRNA_CDK19_targ_6896_5073
HDR,70.99879663,29.00120337,1013,1013,831,590,241,0,1,0,241,0,0,240,0,1,0,0,gRNA_CDK19_targ_6896_5073
Reference,91.37931034,8.62068966,2154,2154,58,53,5,0,3,1,4,0,1,1,0,3,0,0,gRNA_CDK19_targ_6897_5074
HDR,17.08959089,82.91040911,2154,2154,1931,330,1601,0,1,1,1601,0,0,1599,0,1,1,0,gRNA_CDK19_targ_6897_5074
Reference,9.43060498,90.56939502,2154,2154,562,53,509,0,4,1,509,0,0,504,0,4,1,0,gRNA_CDK19_targ_6897_5075
HDR,0.0,100.0,2154,2154,1418,0,1418,0,1,1,1417,1,0,1416,0,0,1,0,gRNA_CDK19_targ_6897_5075
Reference,23.98190045,76.01809955,2154,2154,221,53,168,0,3,2,167,0,1,163,0,3,1,0,gRNA_CDK19_targ_6897_5076
HDR,86.91823899,13.08176101,2154,2154,1590,1382,208,0,1,1,206,1,1,206,0,0,0,0,gRNA_CDK19_targ_6897_5076
Reference,29.62962963,70.37037037,358,358,243,72,171,0,0,0,171,0,0,171,0,0,0,0,gRNA_CDK19_targ_6898_5077
HDR,0.0,100.0,358,358,114,0,114,0,0,0,114,0,0,114,0,0,0,0,gRNA_CDK19_targ_6898_5077
Reference,100.0,0.0,1130,1130,1,1,0,0,0,0,0,0,0,0,0,0,0,0,gRNA_CDK19_targ_6899_5078
HDR,0.0,100.0,1130,1130,1045,0,1045,0,362,2,830,214,0,682,1,147,1,0,gRNA_CDK19_targ_6899_5078
Reference,0.33783784,99.66216216,1130,1130,296,1,295,0,218,1,295,0,0,76,0,218,1,0,gRNA_CDK19_targ_6899_5079
HDR,0.0,100.0,1130,1130,818,0,818,0,142,0,818,0,0,676,0,142,0,0,gRNA_CDK19_targ_6899_5079
Reference,100.0,0.0,1130,1130,1,1,0,0,0,0,0,0,0,0,0,0,0,0,gRNA_CDK19_targ_6899_5080
HDR,23.7695078,76.2304922,1130,1130,833,198,635,0,143,0,500,135,0,492,0,8,0,0,gRNA_CDK19_targ_6899_5080
Reference,95.08196721,4.91803279,2489,2489,61,58,3,0,0,0,3,0,0,3,0,0,0,0,gRNA_CDK19_targ_6900_5081
HDR,16.48911533,83.51088467,2489,2489,2159,356,1803,0,32,0,1779,24,0,1771,0,8,0,0,gRNA_CDK19_targ_6900_5081
Reference,8.69565217,91.30434783,2489,2489,667,58,609,0,0,0,609,0,0,609,0,0,0,0,gRNA_CDK19_targ_6900_5082
HDR,0.0,100.0,2489,2489,1785,0,1785,0,0,0,1785,0,0,1785,0,0,0,0,gRNA_CDK19_targ_6900_5082
Reference,19.59459459,80.40540541,2489,2489,296,58,238,0,0,0,238,0,0,238,0,0,0,0,gRNA_CDK19_targ_6900_5083
HDR,92.73927393,7.26072607,2489,2489,1818,1686,132,0,32,0,108,24,0,100,0,8,0,0,gRNA_CDK19_targ_6900_5083
Reference,83.33333333,16.66666667,470,393,18,15,3,0,0,0,3,0,0,3,0,0,0,0,gRNA_CDK19_targ_6902_5084
HDR,14.28571429,85.71428571,470,393,273,39,234,0,0,0,234,0,0,234,0,0,0,0,gRNA_CDK19_targ_6902_5084
Reference,29.41176471,70.58823529,839,797,119,35,84,0,0,62,74,0,10,22,0,0,52,0,gRNA_CDK19_targ_6903_5085
HDR,0.0,100.0,839,797,511,0,511,0,0,1,511,0,0,510,0,0,1,0,gRNA_CDK19_targ_6903_5085
Reference,72.91666667,27.08333333,839,798,48,35,13,0,0,1,12,0,1,12,0,0,0,0,gRNA_CDK19_targ_6903_5086
HDR,0.0,100.0,839,798,468,0,468,0,0,53,468,0,0,415,0,0,53,0,gRNA_CDK19_targ_6903_5086
Reference,59.3220339,40.6779661,839,797,59,35,24,0,0,11,13,0,11,13,0,0,0,0,gRNA_CDK19_targ_6903_5087
HDR,7.04500978,92.95499022,839,797,511,36,475,0,0,1,475,0,0,474,0,0,1,0,gRNA_CDK19_targ_6903_5087
Reference,96.06741573,3.93258427,1208,1208,178,171,7,0,0,0,7,0,0,7,0,0,0,0,gRNA_CDK19_targ_6904_5088
HDR,50.67961165,49.32038835,1208,1208,1030,522,508,0,27,1,487,21,0,480,0,6,1,0,gRNA_CDK19_targ_6904_5088
Reference,96.31728045,3.68271955,1141,1141,353,340,13,0,0,0,13,0,0,13,0,0,0,0,gRNA_CDK19_targ_6905_5089
HDR,97.83715013,2.16284987,1141,1141,786,769,17,0,0,0,17,0,0,17,0,0,0,0,gRNA_CDK19_targ_6905_5089
Reference,97.03389831,2.96610169,2109,2109,708,687,21,0,1,1,19,1,1,19,0,0,0,0,gRNA_CDK19_targ_6906_5090
HDR,98.20224719,1.79775281,2109,2109,1335,1311,24,0,0,1,23,0,1,23,0,0,0,0,gRNA_CDK19_targ_6906_5090
Reference,81.93832599,18.06167401,2580,2580,454,372,82,0,0,1,81,0,1,81,0,0,0,0,gRNA_CDK19_targ_6907_5091
HDR,89.43894389,10.56105611,2580,2580,2121,1897,224,0,0,0,224,0,0,224,0,0,0,0,gRNA_CDK19_targ_6907_5091
Reference,97.25274725,2.74725275,1049,1049,728,708,20,0,0,0,20,0,0,20,0,0,0,0,gRNA_CDK19_targ_6908_5092
HDR,96.55172414,3.44827586,1049,1049,319,308,11,0,0,1,10,0,1,10,0,0,0,0,gRNA_CDK19_targ_6908_5092
Reference,97.83693844,2.16306156,2097,2097,1803,1764,39,0,0,0,39,0,0,39,0,0,0,0,gRNA_CDK19_targ_6909_5093
HDR,97.90940767,2.09059233,2097,2097,287,281,6,0,0,0,6,0,0,6,0,0,0,0,gRNA_CDK19_targ_6909_5093
Reference,71.98641766,28.01358234,6858,6858,1178,848,330,0,297,1,40,289,1,32,0,8,0,0,gRNA_CDK19_targ_6920_5094
HDR,88.1007834,11.8992166,6858,6858,4723,4161,562,0,51,0,513,49,0,511,0,2,0,0,gRNA_CDK19_targ_6920_5094
Reference,33.85214008,66.14785992,1079,1077,257,87,170,0,164,0,12,158,0,6,0,6,0,0,gRNA_CDK19_targ_6921_5095
HDR,89.55773956,10.44226044,1079,1077,814,729,85,0,2,0,84,1,0,83,0,1,0,0,gRNA_CDK19_targ_6921_5095
Reference,15.13157895,84.86842105,3132,3132,304,46,258,0,162,1,106,151,1,95,0,11,0,0,gRNA_CDK19_targ_6922_5096
HDR,26.81422351,73.18577649,3132,3132,2756,739,2017,0,2,137,1881,1,135,1878,0,1,2,0,gRNA_CDK19_targ_6922_5096
Reference,100.0,0.0,679,679,1,1,0,0,0,0,0,0,0,0,0,0,0,0,gRNA_CDK19_targ_6923_5097
HDR,35.0,65.0,679,679,240,84,156,0,111,16,46,110,0,29,0,1,16,0,gRNA_CDK19_targ_6923_5097
Reference,86.96808511,13.03191489,2427,2427,376,327,49,0,8,34,15,0,34,7,0,8,0,0,gRNA_CDK19_targ_6924_5098
HDR,27.54491018,72.45508982,2427,2427,1837,506,1331,0,1,10,1320,1,10,1320,0,0,0,0,gRNA_CDK19_targ_6924_5098
Reference,18.10918775,81.89081225,5529,5529,751,136,615,0,262,2,380,234,0,352,1,27,1,0,gRNA_CDK19_targ_6925_5099
HDR,0.05837712,99.94162288,5529,5529,3426,2,3424,0,1,4,3422,1,1,3419,0,0,3,0,gRNA_CDK19_targ_6925_5099
Reference,5.37491705,94.62508295,1511,1511,1507,81,1426,0,150,1,1426,0,0,1275,0,150,1,0,gRNA_CDK19_targ_6926_5100
HDR,,,1511,1511,0,0,0,0,0,0,0,0,0,0,0,0,0,0,gRNA_CDK19_targ_6926_5100
Reference,92.04545455,7.95454545,1511,1511,88,81,7,0,0,0,7,0,0,7,0,0,0,0,gRNA_CDK19_targ_6926_5101
HDR,80.04509583,19.95490417,1511,1511,887,710,177,0,151,1,27,149,1,25,0,2,0,0,gRNA_CDK19_targ_6926_5101
Reference,13.00160514,86.99839486,1511,1511,623,81,542,0,0,0,542,0,0,542,0,0,0,0,gRNA_CDK19_targ_6926_5102
HDR,0.0,100.0,1511,1511,3,0,3,0,1,0,3,0,0,2,0,1,0,0,gRNA_CDK19_targ_6926_5102
Reference,33.64640884,66.35359116,4456,4456,1810,609,1201,0,29,9,1178,23,0,1163,0,6,9,0,gRNA_CDK19_targ_6927_5103
HDR,0.0,100.0,4456,4456,2641,0,2641,0,1,2,2641,0,0,2638,0,1,2,0,gRNA_CDK19_targ_6927_5103
Reference,93.5483871,6.4516129,4456,4456,651,609,42,0,23,1,19,23,0,18,0,0,1,0,gRNA_CDK19_targ_6927_5104
HDR,18.0,82.0,4456,4456,3700,666,3034,0,0,3,3034,0,0,3031,0,0,3,0,gRNA_CDK19_targ_6927_5104
Reference,81.0918775,18.9081225,4456,4456,751,609,142,0,29,8,119,23,0,105,0,6,8,0,gRNA_CDK19_targ_6927_5105
HDR,86.61119516,13.38880484,4456,4456,2644,2290,354,0,1,2,352,0,2,351,0,1,0,0,gRNA_CDK19_targ_6927_5105
Reference,7.73809524,92.26190476,830,830,336,26,310,0,0,69,310,0,0,241,0,0,69,0,gRNA_CDK19_targ_6928_5106
HDR,5.69105691,94.30894309,830,830,492,28,464,0,0,0,464,0,0,464,0,0,0,0,gRNA_CDK19_targ_6928_5106
Reference,3.66197183,96.33802817,830,830,710,26,684,0,0,68,684,0,0,616,0,0,68,0,gRNA_CDK19_targ_6928_5107
HDR,0.0,100.0,830,830,118,0,118,0,0,0,118,0,0,118,0,0,0,0,gRNA_CDK19_targ_6928_5107
Reference,7.69230769,92.30769231,830,830,338,26,312,0,0,69,312,0,0,243,0,0,69,0,gRNA_CDK19_targ_6928_5108
HDR,0.0,100.0,830,830,119,0,119,0,0,0,119,0,0,119,0,0,0,0,gRNA_CDK19_targ_6928_5108
Reference,5.26315789,94.73684211,3688,3688,266,14,252,0,0,1,251,0,1,251,0,0,0,0,gRNA_CDK19_targ_6929_5109
HDR,40.0432121,59.9567879,3688,3688,2777,1112,1665,0,0,2,1664,0,1,1663,0,0,1,0,gRNA_CDK19_targ_6929_5109
Reference,0.51660517,99.48339483,3688,3688,2710,14,2696,0,0,2,2695,0,1,2694,0,0,1,0,gRNA_CDK19_targ_6929_5110
HDR,0.0,100.0,3688,3688,635,0,635,0,0,1,635,0,0,634,0,0,1,0,gRNA_CDK19_targ_6929_5110
Reference,2.44328098,97.55671902,3688,3688,573,14,559,0,0,1,558,0,1,558,0,0,0,0,gRNA_CDK19_targ_6929_5111
HDR,35.88143526,64.11856474,3688,3688,641,230,411,0,0,1,410,0,1,410,0,0,0,0,gRNA_CDK19_targ_6929_5111
Reference,18.9206762,81.0793238,4202,4202,3076,582,2494,0,1,259,2236,1,257,2234,0,0,2,0,gRNA_CDK19_targ_6930_5112
HDR,0.0,100.0,4202,4202,1112,0,1112,0,0,1,1112,0,0,1111,0,0,1,0,gRNA_CDK19_targ_6930_5112
Reference,94.94290375,5.05709625,4202,4202,613,582,31,0,1,2,28,1,2,28,0,0,0,0,gRNA_CDK19_targ_6930_5113
HDR,33.16266247,66.83733753,4202,4202,2539,842,1697,0,1,2,1696,0,1,1694,0,1,1,0,gRNA_CDK19_targ_6930_5113
Reference,35.10253317,64.89746683,4202,4202,1658,582,1076,0,1,258,818,1,257,817,0,0,1,0,gRNA_CDK19_targ_6930_5114
HDR,0.35714286,99.64285714,4202,4202,1120,4,1116,0,1,1,1116,0,0,1114,0,1,1,0,gRNA_CDK19_targ_6930_5114
Reference,36.25557207,63.74442793,7551,7274,2692,976,1716,0,2,455,1270,0,446,1259,0,2,9,0,gRNA_CDK19_targ_6931_5115
HDR,17.15911578,82.84088422,7551,7274,4569,784,3785,0,0,2,3785,0,0,3783,0,0,2,0,gRNA_CDK19_targ_6931_5115
Reference,27.33944954,72.66055046,4605,4466,2725,745,1980,0,2,309,1681,1,298,1669,0,1,11,0,gRNA_CDK19_targ_6932_5116
HDR,16.56346749,83.43653251,4605,4466,1292,214,1078,0,0,0,1078,0,0,1078,0,0,0,0,gRNA_CDK19_targ_6932_5116
Reference,33.42305967,66.57694033,4605,4466,2229,745,1484,0,0,6,1478,0,6,1478,0,0,0,0,gRNA_CDK19_targ_6932_5117
HDR,12.58181818,87.41818182,4605,4466,1375,173,1202,0,1,1,1200,1,1,1200,0,0,0,0,gRNA_CDK19_targ_6932_5117
Reference,26.8275117,73.1724883,4605,4466,2777,745,2032,0,1,309,1733,1,298,1722,0,0,11,0,gRNA_CDK19_targ_6932_5118
HDR,60.46296296,39.53703704,4605,4466,1080,653,427,0,0,1,426,0,1,426,0,0,0,0,gRNA_CDK19_targ_6932_5118
Reference,17.26755218,82.73244782,2522,1747,1054,182,872,0,180,4,701,171,0,688,0,9,4,0,gRNA_CDK19_targ_6933_5119
HDR,0.0,100.0,2522,1747,387,0,387,0,0,0,387,0,0,387,0,0,0,0,gRNA_CDK19_targ_6933_5119
Reference,55.48780488,44.51219512,2522,1749,328,182,146,0,132,3,17,129,0,11,0,3,3,0,gRNA_CDK19_targ_6933_5120
HDR,0.52083333,99.47916667,2522,1749,960,5,955,0,4,3,953,2,0,950,0,0,1,2,gRNA_CDK19_targ_6933_5120
Reference,37.68115942,62.31884058,2522,1749,483,182,301,0,178,3,130,171,0,120,0,7,3,0,gRNA_CDK19_targ_6933_5121
HDR,10.53984576,89.46015424,2522,1749,389,41,348,0,2,2,348,0,0,346,0,0,0,2,gRNA_CDK19_targ_6933_5121
Reference,82.94573643,17.05426357,629,629,129,107,22,0,8,0,20,2,0,14,0,6,0,0,gRNA_CDK19_targ_6936_5122
HDR,96.16935484,3.83064516,629,629,496,477,19,0,2,0,17,2,0,17,0,0,0,0,gRNA_CDK19_targ_6936_5122
Reference,55.97189696,44.02810304,2722,2720,427,239,188,0,178,1,36,152,0,9,0,26,1,0,gRNA_CDK19_targ_6939_5123
HDR,91.32189707,8.67810293,2722,2720,1982,1810,172,0,0,1,171,0,1,171,0,0,0,0,gRNA_CDK19_targ_6939_5123
Reference,94.14141414,5.85858586,4314,4314,495,466,29,0,7,7,26,0,3,15,0,7,4,0,gRNA_CDK19_targ_6940_5124
HDR,88.18709457,11.81290543,4314,4314,2929,2583,346,0,0,1,345,0,1,345,0,0,0,0,gRNA_CDK19_targ_6940_5124
Reference,54.54545455,45.45454545,906,905,11,6,5,0,5,0,1,4,0,0,0,1,0,0,gRNA_CDK19_targ_6941_5125
HDR,96.1298377,3.8701623,906,905,801,770,31,0,0,0,31,0,0,31,0,0,0,0,gRNA_CDK19_targ_6941_5125
Reference,92.30769231,7.69230769,1949,1948,234,216,18,0,1,1,17,1,0,16,0,0,1,0,gRNA_CDK19_targ_6949_5126
HDR,95.20846297,4.79153703,1949,1948,1607,1530,77,0,0,1,76,0,1,76,0,0,0,0,gRNA_CDK19_targ_6949_5126
Reference,15.94202899,84.05797101,880,844,69,11,58,0,37,16,30,27,1,5,0,10,15,0,gRNA_CDK19_targ_6950_5127
HDR,43.53562005,56.46437995,880,844,758,330,428,0,2,0,426,2,0,426,0,0,0,0,gRNA_CDK19_targ_6950_5127
Reference,0.0,100.0,710,710,43,0,43,0,19,24,1,19,23,0,0,0,1,0,gRNA_CDK19_targ_6951_5128
HDR,45.53571429,54.46428571,710,710,560,255,305,0,114,132,64,110,131,59,0,4,1,0,gRNA_CDK19_targ_6951_5128
Reference,0.0,100.0,319,319,20,0,20,0,17,1,2,17,1,2,0,0,0,0,gRNA_CDK19_targ_6952_5129
HDR,1.96078431,98.03921569,319,319,51,1,50,0,0,0,50,0,0,50,0,0,0,0,gRNA_CDK19_targ_6952_5129
Reference,0.0,100.0,983,983,147,0,147,0,147,0,4,143,0,0,0,4,0,0,gRNA_CDK19_targ_6953_5130
HDR,0.0,100.0,983,983,802,0,802,0,322,18,783,1,18,462,0,321,0,0,gRNA_CDK19_targ_6953_5130
Reference,,,552,551,0,0,0,0,0,0,0,0,0,0,0,0,0,0,gRNA_CDK19_targ_6954_5131
HDR,0.54545455,99.45454545,552,551,550,3,547,0,0,244,547,0,0,303,0,0,244,0,gRNA_CDK19_targ_6954_5131
Reference,0.0,100.0,1185,1185,24,0,24,0,14,0,18,6,0,10,0,8,0,0,gRNA_CDK19_targ_6955_5132
HDR,0.34572169,99.65427831,1185,1185,1157,4,1153,0,0,1,1153,0,0,1152,0,0,1,0,gRNA_CDK19_targ_6955_5132
Reference,0.0,100.0,1185,1185,20,0,20,0,11,0,14,6,0,9,0,5,0,0,gRNA_CDK19_targ_6955_5133
HDR,0.86281277,99.13718723,1185,1185,1159,10,1149,0,3,1,1149,0,0,1145,0,3,1,0,gRNA_CDK19_targ_6955_5133
Reference,0.0,100.0,1185,1185,13,0,13,0,11,0,7,6,0,2,0,5,0,0,gRNA_CDK19_targ_6955_5134
HDR,96.44097222,3.55902778,1185,1185,1152,1111,41,0,0,1,40,0,1,40,0,0,0,0,gRNA_CDK19_targ_6955_5134
Reference,,,648,648,0,0,0,0,0,0,0,0,0,0,0,0,0,0,gRNA_CDK19_targ_6956_5135
HDR,0.0,100.0,648,648,395,0,395,0,0,50,346,0,49,345,0,0,1,0,gRNA_CDK19_targ_6956_5135
Reference,2.43902439,97.56097561,3228,3220,41,1,40,0,36,0,9,31,0,4,0,5,0,0,gRNA_CDK19_targ_6957_5136
HDR,25.08449118,74.91550882,3228,3220,2663,668,1995,0,0,0,1995,0,0,1995,0,0,0,0,gRNA_CDK19_targ_6957_5136
Reference,0.0,100.0,851,851,104,0,104,0,16,1,103,1,0,87,0,15,1,0,gRNA_CDK19_targ_6958_5137
HDR,35.99419448,64.00580552,851,851,689,248,441,0,137,2,440,0,1,302,0,137,1,0,gRNA_CDK19_targ_6958_5137
Reference,100.0,0.0,988,986,9,9,0,0,0,0,0,0,0,0,0,0,0,0,gRNA_CDK19_targ_6959_5138
HDR,45.61200924,54.38799076,988,986,866,395,471,0,0,1,470,0,1,470,0,0,0,0,gRNA_CDK19_targ_6959_5138
Reference,,,347,347,0,0,0,0,0,0,0,0,0,0,0,0,0,0,gRNA_CDK19_targ_6960_5139
HDR,1.82481752,98.17518248,347,347,274,5,269,0,0,1,269,0,0,268,0,0,1,0,gRNA_CDK19_targ_6960_5139
Reference,1.48698885,98.51301115,1355,1345,269,4,265,0,259,1,61,203,1,5,0,56,0,0,gRNA_CDK19_targ_6961_5140
HDR,0.27985075,99.72014925,1355,1345,1072,3,1069,0,146,2,1067,0,2,921,0,146,0,0,gRNA_CDK19_targ_6961_5140
Reference,95.20383693,4.79616307,1127,1127,417,397,20,0,0,0,20,0,0,20,0,0,0,0,gRNA_CDK19_targ_6962_5141
HDR,63.4696756,36.5303244,1127,1127,709,450,259,0,0,2,258,0,1,257,0,0,1,0,gRNA_CDK19_targ_6962_5141
Reference,35.23809524,64.76190476,1303,1303,105,37,68,0,0,1,67,0,1,67,0,0,0,0,gRNA_CDK19_targ_6963_5142
HDR,46.65551839,53.34448161,1303,1303,1196,558,638,0,0,2,637,0,1,636,0,0,1,0,gRNA_CDK19_targ_6963_5142
Reference,38.06179775,61.93820225,1822,1822,712,271,441,0,1,54,387,0,54,386,0,1,0,0,gRNA_CDK19_targ_6964_5143
HDR,81.133829,18.866171,1822,1822,1076,873,203,0,1,0,202,1,0,202,0,0,0,0,gRNA_CDK19_targ_6964_5143
Reference,94.33962264,5.66037736,2010,2010,636,600,36,0,0,21,17,0,19,15,0,0,2,0,gRNA_CDK19_targ_6965_5144
HDR,78.4501845,21.5498155,2010,2010,1355,1063,292,0,0,1,291,0,1,291,0,0,0,0,gRNA_CDK19_targ_6965_5144
Reference,74.94489346,25.05510654,2693,2693,1361,1020,341,0,0,314,32,0,309,27,0,0,5,0,gRNA_CDK19_targ_6966_5145
HDR,97.88851351,2.11148649,2693,2693,1184,1159,25,0,0,0,25,0,0,25,0,0,0,0,gRNA_CDK19_targ_6966_5145
